5.2536 1.7771
4.3054 3.1325
2.3061 2.5437
1.7848 4.155
3.3847 4.2897
5.1523 4.2657
3.3737 1.0931
-0.13375 4.074
3.0547 5.1005
4.3853 4.0734
4.3337 5.437
2.0613 2.9266
-1.0846 7.9123
2.0317 5.072
1.42 4.4743
4.9153 6.8002
2.682 3.8945
6.0758 4.5902
2.1284 6.7936
4.354 2.3796
1.3323 4.6375
4.6032 5.393
2.4544 3.0908
2.7239 6.3383
4.5377 5.062
0.375 7.154
5.0208 5.2059
3.19 3.2317
6.9737 5.0262
3.8598 5.0819
5.9688 3.3809
2.3514 4.7608
4.1166 5.8644
-0.71624 6.239
3.6097 5.7786
4.6716 5.2196
0.34348 6.4365
2.6767 4.8481
3.4239 4.9396
1.529 4.4311
6.6405 3.6335
4.2592 6.2753
1.937 3.6734
0.82318 4.1056
2.3388 1.489
3.5014 6.3909
4.2329 5.3283
3.7068 5.3504
6.0802 5.9735
3.0414 6.2404
1.2657 4.8062
2.6731 2.8872
3.9204 4.241
0.6916 4.7311
5.3666 3.003
3.6818 6.4054
1.7403 3.6015
6.4069 4.4561
4.7334 3.9234
4.3619 6.0535
3.7823 3.6914
2.0753 5.8853
5.1083 2.7842
2.8686 6.2255
4.7607 4.0652
4.3114 3.7604
5.1654 1.6268
3.2436 6.3432
5.6421 4.4547
3.8544 3.1523
3.8283 3.4658
1.1461 4.9866
3.3121 3.5797
3.766 4.0419
3.0508 3.5656
3.463 8.1467
0.84262 6.7107
3.2427 3.5603
6.6306 4.147
2.5732 5.6688
4.3556 4.7382
4.9075 4.1049
4.2515 3.9402
1.7266 4.8272
3.2784 4.5979
6.0634 5.6801
0.42196 5.2708
4.2378 3.8747
3.5652 6.2262
4.2163 1.8922
3.9039 3.6986
2.1651 4.2199
4.2938 6.6027
5.8284 8.4228
3.6638 4.1525
2.9186 5.4922
3.9239 4.9838
5.7133 3.3386
5.8418 3.3435
2.1485 5.2241
3.0045 3.4291
6.8209 7.1424
3.2132 4.2358
5.9746 5.2574
2.496 1.4986
7.1828 5.6528
3.5622 5.9875
1.7179 4.6477
2.8854 4.2227
5.4598 3.2517
3.653 3.3796
4.5747 3.4776
4.785 4.4521
3.9932 4.1374
3.68 5.8694
3.9645 2.5991
4.8318 4.587
2.1401 3.5404
4.8908 4.2918
3.9359 1.8259
1.3562 2.2746
5.1303 5.9842
4.0999 4.449
6.7556 4.7128
5.8883 6.9189
4.8237 1.995
5.1777 3.8145
3.1383 3.8354
3.3115 4.3268
6.071 7.0454
4.6396 6.0075
4.9003 4.1264
5.3432 3.7573
3.9753 4.9793
3.9131 2.5845
6.1864 3.6065
1.7898 4.4946
1.4466 3.6873
2.0669 3.953
2.0619 3.486
4.3978 4.6475
2.9609 6.1394
1.6914 4.3329
5.0855 3.0841
2.7449 4.0554
3.4743 6.5515
2.789 3.3876
2.4015 3.6955
3.4909 4.1613
3.909 6.8512
1.8948 3.787
3.631 4.7736
1.2193 4.3051
4.6944 4.2007
6.6536 6.0193
4.1098 5.3359
7.1391 5.0646
2.8264 2.5943
3.5573 4.6891
4.5828 4.6091
3.1798 4.9153
3.558 3.345
3.5505 2.1809
4.0225 6.9021
1.5651 7.4101
3.4905 4.3809
5.3999 3.1466
2.7957 3.1593
5.874 4.3533
4.7381 5.3543
4.6489 5.4452
3.4667 3.9624
3.655 3.7259
2.5522 5.1496
1.9456 5.711
4.3905 3.2899
2.6626 5.5064
5.4433 4.075
6.4992 5.1993
3.906 7.0137
2.1591 3.2819
1.4012 4.697
-1.1651 4.8095
4.2031 2.8375
2.1283 3.3449
3.4802 2.7851
4.5243 4.6423
6.5194 4.9584
1.406 3.6453
1.7149 2.6215
1.4682 3.7355
2.3601 6.6523
1.5675 3.4413
1.4872 5.8719
0.70977 4.9099
4.9726 1.8034
5.1927 7.3832
1.233 6.2218
4.3415 2.1604
2.276 6.5827
2.9326 4.3268
1.5396 5.8583
2.8513 1.2552
3.4943 5.6385
4.7454 4.8242
3.9504 4.6907
5.2326 5.4198
3.3937 2.0963
5.518 5.9794
3.4017 5.4757
5.4359 1.5733
3.7797 2.7397
3.6874 4.0672
2.4176 4.6726
4.0865 5.4651
0.71803 5.3868
2.226 4.7693
0.57571 6.4548
1.6226 4.3204
5.6148 4.497
3.8726 3.5846
3.1147 4.0065
1.6733 1.3792
1.3816 3.7081
0.94649 1.4254
3.3978 3.2031
1.8195 4.7365
4.5175 2.4588
4.7667 6.2943
4.4972 5.4267
4.2589 5.6736
1.4883 3.8647
5.2463 4.7732
2.1985 5.3251
5.6919 2.8179
5.209 6.1476
2.9047 4.1319
3.6565 5.0779
4.3573 4.6421
1.9925 4.3618
0.68806 4.2151
4.6623 4.4848
1.6073 5.4624
3.181 5.8835
3.5625 4.6152
0.74273 3.2876
1.0131 5.5305
1.9464 5.1425
2.4772 1.7756
4.0307 5.335
