11.74 -7.216
12.412 -12.046
11.315 -5.8723
11.456 -5.3536
13.389 -10.762
11.525 -9.4394
9.4109 -4.7884
13.085 -10.793
13.604 -8.8195
12.574 -8.3655
10.285 -5.6046
10.192 -8.1445
13.019 -9.0362
11.363 -10.563
12.264 -10.826
9.4463 -8.0341
10.034 -6.0414
11.167 -6.7083
10.196 -6.6318
9.3474 -7.1306
9.9142 -8.727
10.595 -9.4295
9.3048 -5.8778
9.2895 -8.958
10.71 -6.6961
11.354 -7.0172
13.394 -9.7701
10.134 -4.6847
11.887 -6.6164
13.094 -8.7009
13.481 -7.7837
7.8576 -6.3221
10.646 -8.6129
10.443 -5.9705
12.23 -10.157
8.5704 -8.3064
9.6389 -5.2479
12.2 -10.366
13.663 -9.8852
12.409 -7.9334
11.262 -6.9513
10.195 -6.5349
12.013 -9.4411
10.656 -9.4045
12.452 -9.6813
12.268 -9.0925
10.451 -6.7641
10.62 -8.1516
8.0257 -6.6815
10.29 -7.169
12.821 -9.3312
10.278 -6.6312
12.163 -8.2167
12.506 -8.3693
9.6397 -9.3305
12.863 -11.178
12.608 -7.1964
9.4792 -7.9081
12.53 -9.341
7.8746 -3.9602
10.821 -7.9146
10.748 -6.3507
8.5134 -7.5141
11.871 -8.4811
13.06 -9.1774
7.743 -7.2902
8.3159 -7.3247
11.562 -7.2789
13.742 -11.697
12.996 -9.2373
11.545 -7.8402
12.211 -12.644
11.438 -6.2865
13.125 -10.233
10.908 -7.8665
9.6377 -8.0877
12.42 -12.631
12.738 -6.6229
14.402 -9.6366
9.5869 -7.1149
12.377 -7.0697
11.21 -7.9416
10.86 -8.7261
10.491 -8.6607
8.9383 -6.3579
8.9009 -8.9034
10.568 -8.4462
11.448 -8.5862
13.663 -10.822
14.087 -7.8688
8.6262 -7.7284
8.9428 -7.7402
10.41 -6.0295
12.995 -7.1614
9.7731 -8.2761
13.859 -10.898
10.329 -9.7136
15.591 -10.413
7.9284 -5.9139
13.537 -11.306
6.988 -4.5881
14.085 -8.4798
7.3115 -7.3254
8.0883 -4.1512
12.528 -7.9268
9.0764 -7.8735
12.726 -8.7793
12.631 -9.4408
14.893 -11.472
9.3771 -8.4306
10.779 -7.4753
9.5986 -7.776
11.867 -11.517
7.75 -6.0302
14.937 -11.253
10.755 -9.1295
11.936 -8.8427
8.4321 -7.1607
9.2349 -6.7387
11.663 -7.1777
11.951 -8.0547
12.513 -8.6721
14.448 -9.3515
9.7899 -7.9527
9.8417 -7.5105
7.2464 -7.2439
14.196 -11.159
11.602 -8.4238
7.6822 -5.431
11.568 -9.8049
11.917 -9.347
12.031 -10.991
10.197 -5.6946
11.542 -7.7356
10.325 -6.6612
10.242 -6.3001
12.319 -9.7615
12.724 -9.6413
10.944 -8.152
10.577 -7.89
5.9669 -3.9044
10.683 -6.2634
10.675 -8.4735
9.4002 -5.5181
13.444 -11.368
8.5428 -5.3503
8.3504 -8.8001
13.709 -8.6309
9.2075 -5.0628
7.2315 -5.8112
8.5618 -6.9632
11.763 -7.1156
11.969 -8.9753
9.765 -6.1528
11.144 -11.076
13.304 -11.51
12.643 -6.7727
9.6941 -6.4254
10.372 -7.4263
9.2501 -8.6687
10.084 -6.6306
10.588 -7.6321
11.222 -7.8082
9.4049 -7.0467
10.102 -7.2913
11.567 -8.6572
13.843 -9.782
10.317 -6.7999
9.0403 -6.0655
12.125 -6.9397
10.251 -6.0743
9.2708 -5.5845
12.281 -8.3044
9.68 -3.7004
13.212 -9.1979
12.984 -10.335
11.708 -7.8692
10.388 -6.5029
11.547 -9.4566
12.412 -8.3677
10.438 -7.5412
10.452 -7.8219
11.934 -10.193
11.081 -7.4344
8.6573 -5.6676
13.595 -8.4689
11.593 -11.174
10.789 -10.175
12.802 -13.428
8.6018 -7.2871
9.7323 -6.6871
9.4319 -6.8527
10.082 -7.1676
11.221 -7.5162
9.3171 -6.3628
10.179 -6.1108
12.959 -9.3113
10.229 -10.113
12.14 -9.7096
11.046 -6.9196
8.0571 -7.9682
7.1415 -5.5824
12.177 -9.0679
9.9776 -7.3616
12.883 -7.5596
8.7816 -6.4741
12.518 -9.1986
13.008 -11.386
12.509 -6.3562
13.802 -12.211
10.818 -10.176
9.8656 -8.0202
12.145 -7.2412
13.286 -9.4245
10.43 -8.2509
11.953 -9.3999
10.548 -6.9032
8.7825 -5.7523
11.319 -5.6055
7.1095 -5.6804
11.074 -7.548
9.5553 -6.9977
9.5568 -4.5778
12.928 -8.5667
12.411 -7.6764
10.889 -10.586
8.9361 -6.0165
13.778 -9.7703
12.643 -7.9973
15.092 -12.69
10.409 -6.4161
11.707 -8.0968
11.32 -7.6806
12.185 -7.1599
13.746 -11.011
9.376 -4.9238
13.874 -10.136
9.968 -9.2564
10.592 -11.013
10.124 -6.3895
13.665 -12.175
10.039 -5.5464
10.394 -8.9294
11.918 -6.9358
12.51 -9.8316
10.254 -7.9368
12.626 -8.5124
11.137 -8.1597
10.139 -8.1398
11.845 -9.8971
