5.1383 -1.8863
8.4176 -7.6702
6.4044 -1.0229
6.9673 -1.9847
6.5011 -1.994
5.8794 -0.93316
6.4537 -6.188
6.8082 -3.0285
4.1174 0.29928
4.8894 -3.6168
5.9071 -3.8233
6.6656 -3.3475
7.4164 -3.5895
3.5257 -0.16698
6.3736 1.4706
8.492 -7.4616
7.1346 -4.6064
5.3709 -4.6978
8.9394 -5.2646
6.8204 -4.0213
5.8637 -3.0181
7.263 -2.9909
4.6439 -3.2065
8.4127 -4.0739
5.7996 0.83428
3.9065 -1.4859
7.8835 -3.1895
3.2277 1.6831
6.5921 -3.0456
7.2627 -6.2634
7.6707 -3.3997
6.0864 -2.4187
4.4107 -2.5489
4.5614 -1.2795
3.7306 -0.26855
8.2204 -5.409
5.6747 -5.5835
4.4863 -3.0633
7.5456 -6.5102
5.1262 -4.6198
5.2421 -1.3083
4.8831 -0.51906
6.3432 -1.4976
6.1315 -8.1298
9.1882 -3.2546
5.8493 -4.355
6.8163 -2.1241
5.8207 -1.4377
7.6103 -3.7866
6.6846 -3.5882
6.5276 -3.4449
7.0912 -2.883
5.677 -2.337
7.5167 -5.25
5.8991 -2.8992
4.8864 -2.3139
7.9467 -2.0527
5.6231 -1.0448
8.2218 -4.4446
5.2108 -4.7541
2.5857 -1.7456
4.5847 -3.3262
9.4399 -7.5687
6.0998 -2.9188
5.8159 -4.4482
6.9533 -5.7446
5.9481 -3.3097
8.3539 -7.1328
7.6391 -4.8053
4.7954 -3.8554
5.9545 -4.2004
7.0683 -4.9003
5.348 -3.9417
4.0417 -0.079465
2.0092 2.3502
6.9525 -2.9897
5.0314 -3.4005
5.9488 -2.1143
8.8344 -8.5812
4.6852 -2.1958
7.6249 -6.52
5.7731 -3.9709
2.6634 -1.7771
5.9534 -3.3947
7.071 -2.8964
6.3694 -5.5524
6.1319 -3.3078
2.8474 -1.0932
6.7349 -4.5
7.3682 -6.5526
6.8385 -3.0351
2.9658 -0.13361
7.6875 -5.2151
7.3846 -5.6194
5.5662 -3.3177
3.8682 -1.4442
6.1211 -1.7003
4.2244 -0.87451
4.9351 2.998
6.938 -6.4692
6.4371 -6.7722
5.9534 -3.3588
6.9059 -2.4717
6.4722 -3.3563
5.5092 -1.325
6.8508 -1.5196
6.5616 -5.3953
8.8332 -6.4316
4.5317 -1.4707
6.6103 -2.5963
6.0653 -2.5282
5.473 -4.3458
6.2875 -1.3867
4.0704 -1.4893
8.0649 -4.3366
4.2007 2.4178
5.5488 -4.0964
5.2255 -0.69498
6.0348 -1.8213
4.4545 0.66299
7.0566 -2.6513
6.4671 -4.4526
5.7849 -2.7176
4.7641 -1.2497
5.0613 -1.4331
8.7637 -3.3933
3.1878 0.55818
7.3157 -4.0026
7.5556 -6.1755
6.3953 -4.5635
4.9974 -1.4776
7.2544 -3.7453
6.7366 -4.6724
5.2775 -5.0113
9.1049 -6.7821
5.4621 -2.3896
4.4579 0.45741
5.9669 -3.1736
6.9024 -4.612
5.792 -4.3645
4.7032 0.77306
6.7663 -4.2113
7.3499 -4.5257
6.8893 -4.1127
5.6651 -0.67674
6.302 -4.2153
6.1497 -4.0431
6.9435 -5.056
3.8769 0.28223
3.336 0.91057
9.538 -8.9635
5.8759 -2.958
5.0791 -3.5098
7.1574 -6.2209
7.4083 -4.2758
6.7054 -3.7953
7.4954 -4.4831
6.122 -2.1388
5.1352 -1.0129
2.5636 0.117
4.8486 -1.8978
4.3877 0.54238
7.7929 -5.781
5.0455 -2.924
5.635 -1.0951
7.0392 -1.7955
10.368 -8.667
6.3209 -2.6286
3.5328 0.56304
5.9066 -5.1436
4.2699 -3.5951
4.8573 -3.5801
7.4707 -4.2397
3.5265 -2.5685
6.0501 -2.0145
6.9967 -3.1178
6.9412 -4.6131
8.8227 -2.4608
7.879 -4.3255
10.484 -7.6207
7.6828 -3.8798
7.3202 -6.6716
3.4711 -0.39903
2.5483 -1.5085
7.0792 -4.5001
6.6519 -0.81682
10.838 -5.0069
6.8467 -7.1363
8.207 -6.7255
4.5787 2.1771
4.3672 -1.2153
8.0819 -5.389
5.1157 -3.3425
6.8659 -3.1559
1.7846 2.1597
4.9658 -4.9442
4.8925 -1.7925
5.1433 -2.1753
7.0829 -1.6598
6.2444 -4.4573
6.2382 -6.7972
5.7579 -4.6353
7.1495 -5.362
4.1571 0.26468
6.8935 -3.9648
5.2983 -2.6595
5.0561 -2.1264
4.3316 -3.4442
2.6649 0.3026
2.6249 0.82911
5.2629 -4.283
8.1668 -4.4088
9.5203 -10.046
6.2241 -3.9585
10.152 -8.6074
4.9384 -3.2713
6.1253 -3.9387
6.9209 -4.1682
6.2015 -1.3781
6.1303 -1.8323
4.11 -2.4709
5.0183 -1.2994
8.9528 -8.3717
6.9394 -1.6758
7.108 -2.3464
2.4034 0.21741
7.522 -5.2959
6.8419 -3.8089
3.6776 -1.1433
5.4844 -3.3365
6.523 -2.2456
6.3946 -3.5712
7.2114 -5.1248
7.7433 -5.1997
6.5893 -2.366
6.0502 -1.6431
4.199 -3.478
5.5033 -2.6073
6.5489 -3.6859
4.7709 -1.8852
7.3567 -5.7168
6.5468 -3.8701
5.173 -2.7732
5.5959 -2.7687
4.3052 -0.43643
7.3092 -2.3345
2.7943 1.1606
5.3697 -3.4485
5.6949 -3.1235
5.774 -3.9875
