1.9692 5.7493
3.6636 2.3099
6.6187 1.6396
4.6246 4.8934
2.0655 4.0636
7.0723 1.4255
0.86749 6.5591
-0.15822 4.3694
6.961 -0.45573
2.3207 3.3579
3.7205 1.3103
0.56388 6.9387
4.8147 1.5638
2.5751 4.1963
3.2391 3.7407
1.1302 6.5638
2.7285 2.667
1.1554 3.5168
2.2198 5.4934
3.1211 4.7727
3.4824 3.976
4.9972 3.1654
4.8592 2.4361
5.3222 1.7582
1.3809 6.6371
3.2125 3.0434
1.0643 6.0361
3.503 5.1387
4.4696 2.8496
1.1304 4.662
4.2276 3.7595
4.3375 3.9466
4.535 1.9982
1.9155 4.5856
6.684 3.8029
4.2387 3.6371
6.5358 -0.16122
2.7438 4.3038
5.3755 1.1761
5.7115 0.31566
1.2839 2.6905
3.0224 5.5145
2.4208 1.2935
4.6686 2.0692
1.562 5.7044
2.7871 4.2276
5.5465 1.6115
2.4599 5.0344
8.6131 2.3637
5.6559 1.1361
1.3419 6.839
7.7706 1.0208
1.3823 5.2849
5.4377 0.11341
7.3407 -1.2773
3.2461 2.3419
5.5496 4.836
4.4483 1.6608
3.4863 2.9722
1.2149 5.1801
2.1774 1.4225
4.5203 -1.529
-0.00075933 5.731
4.5004 0.43925
4.5543 3.8047
3.4452 2.5045
4.5158 1.981
6.788 1.7803
6.5231 0.11114
1.7127 3.8945
4.0309 4.0036
2.5739 4.0369
5.3368 -1.6453
0.88259 4.285
3.3679 0.49476
4.469 1.2386
3.0001 2.5782
2.3818 5.4778
5.1085 2.4882
6.4131 0.78507
3.3652 2.6289
2.1996 4.4969
3.7405 2.354
1.3858 5.7303
1.9979 6.7894
5.5834 0.64289
6.7394 2.1565
3.2995 0.67438
2.8839 4.502
3.2663 5.1176
5.9835 3.1582
4.1914 1.8331
5.683 0.28008
5.1991 0.52902
2.5687 5.2031
2.5301 2.97
5.6317 0.31157
2.4753 2.7303
8.3954 -0.44345
2.8696 5.1019
1.9435 4.7458
5.5723 2.3869
1.7352 5.6834
3.2914 3.8979
4.5475 2.705
3.8529 2.5217
1.2665 4.814
7.7444 -0.086603
2.9548 5.4455
6.7674 -0.20087
2.1747 4.3856
-0.42548 5.9729
2.628 5.4883
0.83915 6.3637
2.2482 4.8251
3.4152 5.0676
4.5368 3.788
2.3033 5.3067
3.1418 4.237
1.6413 3.7141
1.5108 5.0847
3.4601 3.9197
0.10929 6.0226
1.872 3.5219
4.0084 2.3556
8.7181 -0.27186
0.84876 6.9841
3.3218 3.8454
4.0969 3.1535
4.5855 -0.139
2.7893 5.36
5.6972 -2.6665
5.1636 2.5346
2.5001 0.95754
5.3721 3.3243
1.0633 5.9601
5.3481 3.4662
5.9651 1.5088
7.681 -0.40198
3.9809 2.9965
5.3877 3.6405
3.3935 4.801
2.9315 1.5343
2.1129 2.8785
1.9067 7.1323
0.9891 3.4954
3.3831 3.5817
-1.3593 8.076
3.1377 1.3938
5.0364 1.1807
4.8247 5.7171
4.4776 4.336
-0.95963 5.2875
3.449 2.4882
6.5345 -0.11293
5.5786 -0.53006
4.307 1.0505
3.9937 2.1073
2.096 4.3844
3.7802 1.3727
6.3204 0.21436
1.7851 5.9614
3.3689 3.4585
5.0892 2.1207
0.79076 5.7959
2.6368 7.2412
9.5935 -0.34663
5.9433 0.91708
4.7892 2.7937
6.6214 -0.97604
0.65059 4.513
4.465 2.4401
6.9791 0.49213
6.6918 -0.67946
5.7656 2.5422
-0.2732 4.8702
4.3328 2.8393
4.7422 3.7283
1.5671 3.9346
0.78721 8.5231
3.5842 3.5973
5.31 2.9258
2.8696 2.6933
3.2147 2.0831
6.2235 2.7788
5.5283 2.7895
1.6752 5.49
4.4363 3.6755
3.6243 2.1594
5.0422 1.3735
3.7516 2.0789
0.00178 4.1249
3.5011 3.1208
3.2958 4.3634
3.5701 2.0418
5.2302 2.2991
3.4841 4.0875
6.9599 0.61445
6.7269 -0.91075
5.6016 1.6336
5.4277 2.0068
-2.8473 7.6546
3.9646 4.8193
4.7862 1.6391
1.5468 3.6929
1.1754 4.6276
2.2003 3.0611
2.9923 4.9316
5.0261 0.24641
1.8093 2.7165
4.135 2.0379
1.0731 6.4222
2.4999 5.1225
4.7581 2.1656
1.6254 5.2365
3.7629 5.7632
6.7665 0.65621
3.5321 2.1201
3.0668 4.0968
2.5131 4.1634
6.7039 2.3393
4.1896 2.738
1.8312 5.6546
0.064141 4.8304
1.871 3.9547
0.25118 4.8794
2.8097 5.3126
5.1385 -0.031894
8.7857 -1.3224
2.8433 3.631
6.1144 0.28659
3.8872 2.595
8.0198 -1.7585
2.7258 5.0643
3.9808 2.3147
1.8565 3.6683
1.2971 6.7086
0.43623 6.3328
4.5087 3.7749
6.6288 -0.14529
2.7498 3.7135
2.9601 5.0784
3.3296 4.6668
2.2119 5.641
6.8909 -0.71344
4.2158 3.2734
4.8648 2.9838
4.707 2.0749
5.3775 0.071817
-0.48874 6.6849
