1.2007 -1.5136
-0.77699 -1.2016
1.1418 0.40471
-1.6512 0.072117
-1.5182 1.2669
0.40418 -1.2487
1.1317 1.025
-1.0037 1.4151
-1.5521 0.46783
-0.80393 -0.93358
-1.7256 0.381
1.3177 -0.31526
-1.213 -0.95189
0.32055 1.4311
-0.050376 1.6672
-0.90076 -1.4325
0.14313 -1.7099
1.6721 0.37535
-1.0445 0.88878
1.9492 -0.12491
0.81108 -0.97006
0.23353 -1.4326
-1.1475 1.0479
1.3957 -0.96265
1.4694 -1.1234
-1.8656 -0.60904
0.22694 -1.4248
0.76471 1.5198
1.2063 1.5924
1.3489 0.44881
-0.91598 -1.3389
1.5349 1.0447
-0.52574 -1.3202
-1.2839 -0.34561
-1.9056 -0.31226
1.5972 0.72282
1.1423 0.58186
0.89238 1.5567
1.2425 -1.3852
0.58836 1.7311
1.6046 -0.72257
0.57365 -1.7821
-1.2765 1.2295
1.2378 -0.34826
0.20971 -1.2681
-1.3754 -1.3285
1.5802 1.0089
0.65894 1.6914
1.767 0.23026
1.2298 0.2589
1.1706 -1.294
1.1702 -1.546
-0.12814 1.5611
1.5447 0.64536
-1.271 -0.66941
-1.8034 -0.03977
-1.7433 0.8542
-1.1608 -1.4038
1.6739 0.000823
0.73437 1.0844
1.0239 0.75036
1.3134 0.44402
1.4001 1.3521
0.96212 -0.73243
1.2408 -0.30358
0.88427 -0.88136
-1.3523 0.36201
-1.7615 0.18213
-1.222 1.2991
1.1136 -1.2789
-0.87022 -1.2884
1.2259 1.45
-0.71151 1.0633
-1.219 -1.1721
-1.9564 -0.39166
-0.54119 1.5778
-1.7789 0.48119
1.5947 0.95946
-0.015464 1.2282
-1.3766 0.000459
1.442 1.0888
1.4903 -1.0194
-0.05005 -1.5802
1.9045 0.50658
0.665 1.5412
-0.84294 1.3561
1.4597 0.4107
-1.4018 -0.18895
-1.6343 0.11888
1.04 -1.2204
-0.34938 1.2303
0.72143 1.1887
-1.2825 -0.68797
-1.6718 0.057261
0.85046 1.7969
-1.0337 0.88203
-1.7955 0.45318
0.67956 -1.7242
-1.2242 1.2378
0.61794 1.0997
1.0433 -1.4727
-0.29853 -1.1975
0.10158 -1.5434
-0.53047 -1.4505
-0.36382 -1.5513
1.5562 0.54805
-0.59829 -1.1171
-1.0968 1.0396
1.795 -0.36546
-1.0019 1.1033
-0.79447 -1.0442
-1.1915 -0.3773
-0.98264 -1.4103
1.8125 0.049374
-1.3081 0.056177
1.3636 0.77772
-1.7635 -0.94061
-0.96124 1.1304
-0.71634 1.138
-1.2713 -1.0421
-0.36633 1.1509
-1.209 -0.13635
-1.7581 -0.26079
-1.5469 0.15106
1.3296 0.73645
0.24421 -1.7965
-1.0106 -1.6352
1.6133 0.5028
-1.2069 0.02559
0.92241 0.85261
1.5436 -0.42418
1.245 0.99017
1.541 -1.0138
1.125 -1.1297
1.188 -0.91814
-1.2622 0.82508
0.7025 1.7863
1.3085 -0.76826
-1.0719 0.76498
1.9328 -0.091194
0.87158 -1.7892
0.55972 -1.8079
-0.84472 1.7782
1.5225 0.90045
1.7333 -0.064673
1.6434 -0.047771
1.364 -1.2419
-0.042358 1.8232
-0.83778 -1.5363
-1.2553 0.10491
1.0828 1.3016
1.1493 1.1452
0.05594 -1.8553
-1.1776 -0.66769
-1.7143 -0.44598
1.8905 0.092482
-0.48009 -1.8912
0.34134 -1.8038
0.34959 1.6705
0.46459 -1.8289
0.60218 -1.3487
0.24081 1.3835
-0.22555 1.8228
0.73 -1.6938
0.75732 -1.3243
1.438 0.25266
0.39746 -1.2468
-0.91414 1.1468
1.7165 0.90441
-1.6427 -0.49133
0.64829 -1.0161
1.3167 -1.4604
-0.48043 1.2625
0.5845 -1.8393
-1.135 -1.0665
-1.2003 0.05005
1.8681 -0.64703
-1.2648 0.40592
1.3178 0.58994
-0.7575 0.99356
1.1444 0.5796
1.9558 -0.18158
0.61578 1.6692
-0.52734 -1.9154
1.9064 -0.18259
1.3074 -1.4839
1.5847 1.1503
1.4238 -0.5717
1.6909 0.70427
1.4201 0.87588
0.63761 -1.5216
-1.4743 -0.17804
-1.7627 -0.54423
-1.1475 1.1959
0.87123 -1.4861
-1.3712 0.85785
-1.3182 -1.1671
-1.9911 -0.006978
-1.2963 0.37407
0.537 -1.6914
1.773 0.52749
-0.29964 -1.3775
-0.29851 -1.6714
1.2025 -0.007432
0.16386 -1.2737
-1.0985 1.3128
1.4548 -0.51289
1.0721 1.3712
-1.4543 -0.88899
1.301 -0.20215
-1.1918 0.63288
1.5363 -1.2467
1.3277 0.092197
1.4719 -0.31291
0.81431 1.4185
0.8188 1.6733
-1.671 0.5145
-0.007958 -1.5933
-1.2646 -0.71883
-1.6982 -0.45639
-0.5651 -1.4679
1.6879 -0.20959
1.3639 -1.1545
-0.9384 -0.86088
1.5163 0.20331
-1.7156 0.8688
-0.33883 1.7529
-0.45272 -1.4191
0.19304 1.4355
-0.41847 1.2142
1.1962 0.67669
-1.2345 -0.055496
-0.10931 -1.9722
1.4726 -0.39683
0.90547 -1.2284
0.12677 1.7081
-1.3019 0.74774
0.44253 -1.7055
-1.2576 -0.13611
-0.79754 -1.4973
0.54776 -1.3254
1.7685 -0.21124
-1.3055 1.1008
-1.9266 -0.42987
-1.8914 0.54321
1.5934 0.67616
-1.5127 0.43456
-0.70154 -1.4252
1.3632 -1.2147
-1.1858 -1.4465
-0.55262 1.7473
-1.3034 -0.6124
-1.6106 0.86011
0.097989 1.7696
0.77594 0.99394
1.0451 -1.0201
-0.27804 1.6
-1.4781 -0.073548
1.0434 -0.65718
0.71904 0.98701
-1.9468 -0.17909
1.3287 1.138
-0.892 -0.89747
1.1822 -1.5938
-1.7907 -0.38717
-0.8681 -1.4974
1.0626 0.75159
-1.3169 0.55515
0.12632 -1.695
1.1296 0.57261
-0.45936 1.2787
0.56288 1.0973
-0.33119 1.648
0.51693 1.3324
0.16336 -1.9029
1.633 -0.75608
-0.68604 -1.448
1.0333 -0.82309
-1.334 -1.018
-1.1803 -0.68834
-1.6276 -0.55153
-1.0261 -0.68812
-0.77545 1.8224
1.6128 1.005
-1.4291 0.062589
1.4494 -0.48355
-1.1895 1.1743
0.18159 -1.843
1.2711 -0.25234
-1.0258 -0.8438
0.16825 -1.2637
-1.8558 -0.31349
1.3325 0.88431
1.1012 0.53332
0.99724 -1.2815
0.82783 1.7636
0.44724 1.146
1.4293 0.75665
0.72949 1.1942
1.2304 1.1729
1.3174 0.999
-1.4844 1.0586
-1.0734 0.85569
1.4717 -1.3345
-0.77993 -1.313
1.4272 -0.035324
-0.77755 1.3129
1.8235 0.69762
-1.0902 -0.56692
-1.5049 1.0164
-1.2805 -1.3704
-1.5515 1.2344
-1.8777 0.32183
-1.4399 -0.15391
-1.2592 -1.2283
-1.0678 -0.63647
-1.1606 -1.0086
-1.1385 -0.77251
-0.73576 1.4197
-1.1015 -1.1961
1.2232 0.64648
-0.70701 -1.415
-1.0103 -1.3891
0.071576 -1.5667
1.7437 -0.53168
-0.81463 1.565
-1.4313 -0.31055
1.1372 -0.4971
-1.7265 0.64596
-0.66909 1.1096
-0.38848 1.6573
-0.84254 1.2216
-0.22982 -1.5628
1.4017 0.65051
-1.936 -0.19894
-1.2717 -1.047
0.21136 -1.5967
-0.27444 1.5816
-0.56075 -1.1134
1.3382 1.177
-1.5116 0.55744
1.3146 -0.61274
1.3034 -1.3641
-1.5904 0.57722
0.30712 -1.6027
1.4103 0.78372
-0.36884 1.3554
-0.90279 1.5635
-1.5097 0.75404
-1.264 -1.4704
-0.87549 0.93753
-1.2985 -0.71792
-1.1712 -0.92453
-0.67897 -1.7314
0.36392 1.8933
1.7374 -0.88488
-0.98001 1.3009
1.5541 0.98876
-1.0095 -1.0506
-0.71426 -1.0023
1.3036 -0.33664
-0.47215 -1.4709
-1.2324 0.15547
-0.61241 1.7952
1.172 1.3881
-1.209 0.18907
-1.2607 0.042978
0.81757 -1.0078
1.2847 1.155
-0.93024 -1.0951
0.39094 1.3822
0.016577 -1.942
0.035406 1.491
1.2374 -0.52484
1.5428 0.84818
-1.477 0.57467
1.855 -0.31085
0.22234 1.6541
1.8287 -0.48731
-1.3351 0.26627
-1.7821 -0.18649
-1.645 -1.0454
-1.8673 0.09437
0.38891 1.7454
1.0894 -1.1961
1.3474 0.63446
1.502 -0.73058
1.9022 0.2859
0.36735 -1.3417
-1.3514 0.86493
1.5875 0.080433
0.73147 -1.325
1.9659 -0.27448
0.70579 1.3604
0.87767 1.3166
-1.444 0.74194
0.68042 -1.8325
-1.3443 0.49796
1.4455 1.3238
-1.3511 -1.1262
0.04836 -1.9967
1.706 -0.42233
-0.54116 -1.1588
0.2572 1.2492
0.44131 1.534
1.528 -0.63945
0.7398 0.99967
-0.40582 1.6903
0.42242 1.3455
0.21055 1.9784
1.2659 0.1566
0.79415 -1.7849
-1.5667 -0.21355
1.0132 -1.2712
-0.22336 -1.8068
-0.68745 1.3938
-0.44335 1.5397
0.046682 1.6719
-0.013829 1.7696
-1.5349 -0.75125
1.4498 1.3423
-0.19701 1.8662
0.10432 -1.4852
0.99018 1.1257
-1.8619 0.12769
-0.80878 -1.4928
-1.5351 -0.84348
-1.2962 -1.3294
1.1602 0.8784
-0.20055 -1.3943
1.4863 -1.1566
-1.3527 0.94717
-1.4475 0.42664
1.947 -0.27244
-1.7858 0.16927
1.6844 -0.25997
-1.1277 -0.65008
1.2001 0.16882
-1.29 0.46264
-0.26824 1.9155
-0.94195 1.1657
-0.24487 1.7662
-1.1153 -1.4737
-0.54555 1.1836
-1.8 -0.74225
1.1037 -0.99965
1.466 -1.3006
0.36447 -1.9418
-0.8199 -1.8146
-1.5366 0.55915
1.5968 0.41465
-1.6372 1.1327
0.89231 -1.485
-1.1038 1.2506
-1.5603 -0.22932
1.8433 0.23662
-1.079 -0.89267
-1.7752 -0.80339
0.56258 1.6096
1.2011 -0.080886
-0.54712 1.595
0.52541 -1.2519
1.4546 -1.1026
0.21848 -1.5126
-1.6837 -0.65574
1.3713 -0.41708
1.4734 -0.34531
-0.36022 -1.3283
1.164 -1.0393
-1.3914 -1.3314
-0.64935 -1.1544
-1.4048 0.98626
0.90837 1.2331
1.139 -0.37992
-0.53557 1.4311
1.2262 0.7941
0.012959 -1.4376
-1.8938 -0.032046
0.043395 1.4544
-1.8164 0.7372
0.58566 -1.827
-1.3577 0.46766
0.49257 1.8096
0.79471 -1.1438
-1.6478 0.78202
0.50865 1.3148
-1.3898 0.11681
0.63341 1.7784
-1.5896 -0.56855
-1.7662 -0.17412
-0.06055 1.3807
1.3515 1.376
-0.70093 1.6455
-0.95486 0.94355
1.0216 -1.1897
1.1612 -0.98533
1.772 0.68177
-1.5654 -0.85091
0.4124 1.7173
-0.91774 -1.3736
0.39911 -1.698
0.21968 -1.3258
0.60485 -1.6583
-1.2227 -1.2383
0.56953 -1.3167
-0.94663 -0.91652
1.8816 -0.56722
0.70202 -1.6976
1.4729 1.2988
-1.0728 0.87374
0.4135 -1.7112
-1.0152 -1.5475
0.54856 -1.6973
1.7277 0.35648
-0.29113 -1.9666
0.33089 1.8152
-1.2757 -0.35625
1.271 -0.47078
1.0915 -1.15
-0.6221 -1.7828
0.44555 -1.5707
1.386 1.3834
-1.0613 -1.3116
0.42205 1.6533
-1.3023 0.90928
0.89404 1.7429
0.009042 -1.8072
1.2816 -1.4279
-0.27228 1.8764
0.88527 -1.6431
0.2951 -1.6862
0.29003 -1.3617
-1.2132 -0.72087
-1.0704 0.77093
0.49708 -1.0967
1.1269 0.70475
-1.478 -1.1125
1.3018 -1.4168
-1.2957 -0.82188
-0.52697 -1.544
1.2816 1.2831
-1.8941 -0.031346
-1.4685 0.9058
-0.51592 -1.5655
-1.5187 1.1824
0.33679 -1.1622
-1.7744 0.18446
-0.91404 -1.2303
-1.5449 -0.98413
-1.3305 -0.51931
1.2325 0.84237
-0.14497 -1.8406
-1.2149 -0.41425
0.84153 1.6208
-1.4265 0.51081
0.36562 -1.2387
1.3155 -0.53395
-0.67503 -1.7508
1.3489 0.5846
1.2351 -0.36093
1.0502 -1.4012
1.1908 0.16424
1.7394 0.043401
1.8897 -0.26522
1.5116 -0.38985
-1.108 1.3103
-1.1701 1.1998
-1.1041 -0.89195
-1.3111 0.64785
-1.674 1.0718
-1.1458 -0.62434
-0.58495 -1.3799
-0.18506 1.6981
1.5084 0.41015
-0.34186 1.9203
-1.7296 0.74745
-0.069159 1.8145
-0.043513 1.6725
-0.17792 1.9097
1.1159 1.0938
1.1751 -0.74541
0.023179 1.6042
0.70236 1.6968
-1.3835 -0.67958
-0.6578 1.4007
-1.2787 -0.11015
1.1667 -1.4715
-1.1499 0.47852
1.2409 1.5261
-0.14747 -1.4207
-0.81335 1.4974
-1.7 -0.91639
-0.84891 -0.99948
-0.9522 -1.1557
-0.054026 -1.7024
1.8391 0.55904
0.84601 -0.96833
-0.63582 -1.3793
-0.51854 1.5567
1.3196 -1.1835
