0.42337 -0.020924
-0.18338 0.23204
-0.35056 0.31056
-0.048696 -0.48048
0.26857 0.11256
0.27466 -0.31294
0.48944 0.28218
0.027038 -0.13794
-0.15626 0.31441
0.13986 0.29053
0.27976 0.19762
0.10049 0.40595
0.013065 -0.50833
0.15046 -0.39282
0.24691 0.30024
-0.10473 -0.17384
-0.32409 -0.13856
0.46754 0.047185
0.062109 -0.44902
-0.55913 -0.13274
0.22843 -0.21652
0.014467 -0.2901
0.026251 -0.10788
0.18537 -0.55833
0.43404 -0.25438
-0.052977 0.01586
0.13623 0.28479
0.32389 -0.13674
0.36828 0.067256
0.17646 0.31045
-0.22481 0.020257
-0.46279 0.36148
-0.098987 -0.46514
0.20493 -0.063481
0.45066 0.20014
-0.59259 -0.031788
-0.18121 0.48201
-0.23982 0.46909
0.037546 0.41296
-0.10073 -0.45244
0.49128 -0.006389
0.035916 0.5946
-0.22004 -0.25886
-0.20487 -0.29263
0.28519 -0.055628
0.25065 -0.073135
0.20353 -0.03948
0.2883 -0.039986
0.15027 0.11982
-0.50795 -0.11296
-0.31872 -0.2243
-0.19376 0.19297
-0.26393 -0.074885
-0.18005 0.13386
0.49251 -0.33839
-0.3612 0.20443
0.24336 0.46071
-0.23397 -0.13936
0.41363 -0.040121
-0.047135 0.094978
0.008699 -0.024227
-0.24288 0.25328
-0.37502 -0.14978
0.32877 -0.14238
-0.56573 0.13559
0.041179 0.28512
-0.34523 0.23247
-0.28821 0.2227
-0.28913 -0.26008
-0.36555 -0.073787
-0.37388 -0.28076
0.52516 0.05259
-0.16717 0.074624
-0.30121 -0.11044
-0.37648 -0.35011
-0.15727 0.10679
0.10792 -0.49821
-0.060289 0.10831
0.26199 -0.16082
0.3558 -0.31398
0.13873 -0.38211
0.060518 0.050207
0.36286 0.15997
-0.059619 -0.26763
-0.035784 -0.10345
0.12429 -0.4173
-0.29203 0.18996
0.12286 -0.22203
0.30327 -0.49515
-0.17336 0.1997
-0.011341 0.10597
0.099035 -0.17199
-0.32878 -0.36354
0.41219 -0.15262
-0.16367 -0.53813
0.35041 0.27027
-0.54111 -0.056256
0.23808 0.51432
-0.27078 -0.043133
0.48296 -0.15112
0.56518 0.14466
-0.57041 0.11339
-0.16827 0.070163
0.44877 0.017121
-0.1129 0.54027
0.32122 -0.39462
0.5871 -0.036326
0.42155 0.29673
-0.58697 -0.000823
0.45395 0.15374
0.51835 -0.21054
0.4128 -0.43042
0.19096 0.4358
0.26592 0.43418
-0.058361 -0.43541
-0.1416 0.54853
0.06475 0.43721
-0.28917 -0.23425
0.086075 -0.37261
-0.3569 -0.33647
0.28071 -0.33568
0.13137 -0.061268
-0.40832 0.17979
-0.50659 0.20081
0.43715 -0.2599
-0.23527 -0.51251
-0.44432 0.007909
0.004828 0.16164
0.23898 0.003855
0.38075 -0.4595
0.074291 0.097276
-0.17451 -0.47667
-0.42551 -0.028708
0.33753 -0.072562
0.49608 -0.027506
-0.28299 -0.084856
0.022688 -0.184
0.29168 0.017227
-0.003976 0.26278
-0.44695 0.065028
-0.17489 0.27955
-0.23546 0.24177
0.31857 -0.23584
0.4508 0.21585
-0.22091 0.52825
0.143 0.45731
-0.31005 -0.40146
0.064099 -0.12539
-0.00721 -0.28395
-0.29562 -0.30036
