0.11333 -0.30888
-2.2082 -5.9037
0.24671 1.8414
0.2816 -2.4325
0.79274 2.6102
-3.6224 -5.0341
0.57969 0.8411
-0.63534 -2.843
-1.1895 2.1637
0.47024 1.5505
-1.1415 -2.2805
2.1046 1.8716
4.1223 1.7497
2.6354 3.7213
0.66171 0.084539
0.58495 0.67652
0.94325 -0.10743
-1.6218 -1.2814
0.15239 -2.736
1.5293 1.6046
3.1694 2.4745
1.0573 3.4138
1.186 1.3233
0.015779 1.3648
-2.4856 -2.1267
0.1058 -2.2041
0.65574 -0.73959
-0.77476 0.78001
-1.2555 -1.0994
2.3879 2.4176
0.81908 1.3665
-0.10503 0.02752
0.89038 -1.4373
2.1419 2.1929
-1.2394 -1.6438
0.45916 -0.77819
-3.2224 -1.2681
-1.165 -1.6583
1.2268 -2.6449
1.6941 0.5077
-1.6735 -1.6559
-0.72084 0.631
-0.48941 3.3665
0.93297 0.79636
-3.3219 -3.1601
0.11259 -0.14227
-0.27164 -1.0904
-0.62643 -2.0568
0.68707 -0.87593
0.49745 2.146
-1.3026 -1.4995
-2.3888 -1.2116
-0.86662 1.71
0.70615 0.45143
1.634 1.8823
0.31644 -0.55122
-1.295 -1.2305
0.81847 0.17374
-0.72728 -2.5814
0.41541 0.92985
0.65934 1.0831
0.15729 -1.322
-1.2286 -2.3693
-1.4952 -2.7432
1.1123 -0.305
-1.4455 -0.40382
3.4374 3.4496
-2.2587 -1.9426
0.80007 0.094055
0.38457 -1.4094
-1.3393 1.2422
0.12461 -0.18883
-1.3295 -0.7579
-0.87553 2.0763
-2.0049 -2.9573
1.9548 1.1448
-0.22656 2.4794
1.3526 2.6923
-0.46999 -1.9399
-0.018503 -0.75965
2.278 1.3097
-0.64732 1.3971
-1.1221 2.4977
-1.4622 -3.7336
-1.1224 -1.0988
-2.0116 -1.8891
-0.51403 -2.3971
1.1277 0.48247
2.5626 5.402
0.058802 -0.11741
0.23175 1.5399
0.56817 -1.3395
-1.1858 0.11962
0.73571 0.58474
0.021206 2.3565
0.40355 2.6561
-0.40295 0.060589
0.80212 0.30272
-0.59173 -2.6696
-1.3465 -2.2238
-0.46278 0.0058005
-1.192 1.0089
-0.44842 -3.4969
1.2617 -0.80093
1.8381 2.9375
2.2136 0.35938
1.997 -0.24269
0.37808 1.3866
-1.3991 -1.9649
0.2145 0.0031682
-0.77391 -2.8243
0.82949 1.9083
-0.36579 -3.4377
3.1792 4.7139
2.1753 0.68078
1.7823 3.2822
-2.4713 -1.4066
0.25369 2.5925
-0.73082 -0.8173
1.0803 2.1489
0.99387 1.2009
-3.5709 -3.4688
-1.4289 -1.6884
-0.43467 1.8684
-0.92475 -0.28767
0.65563 3.1224
2.0797 3.6678
1.5313 0.47175
-0.66746 1.2421
-0.41726 1.1046
-0.66311 -2.5524
-0.703 -2.1436
-1.2259 -0.078451
-0.74739 -2.2161
-0.21592 0.40549
1.037 1.4621
1.1622 0.14105
-1.7559 -2.3503
0.66568 1.5458
0.22781 1.1237
0.33689 1.2173
-1.1935 -2.7247
-0.69511 -3.0399
2.3899 1.7083
-0.4452 0.008834
0.39011 1.2296
2.5582 5.0456
1.3895 1.6391
1.2853 1.1904
-1.0124 0.75558
0.056058 -0.67341
-0.069262 -0.24051
-1.9325 -3.933
1.2279 0.28745
-1.1331 1.3876
-1.4134 -2.3572
-0.67829 1.6977
-1.0324 -1.4124
-0.63372 1.1118
2.248 2.9525
-0.2011 -1.7984
-4.1767 -3.758
2.1165 2.1898
-2.1423 1.6547
-1.7741 -1.2616
2.383 3.1656
-0.84665 -1.1565
-1.1358 -0.56539
-1.6575 -0.79413
2.8573 3.5296
0.69786 0.55987
3.1471 3.1957
0.01102 0.99
0.40069 1.4988
-0.25877 0.34602
-1.7442 -0.16105
1.9845 2.0913
0.41995 -0.82963
0.091896 -3.2395
0.85764 0.51715
0.29769 2.9618
0.0048782 -0.77108
0.59952 3.4636
0.40298 -1.474
-0.17409 -0.039122
0.95103 1.6267
0.88845 3.5046
2.5301 1.0942
-0.97904 -0.51637
-0.46514 0.77171
-0.29489 -0.8755
-2.1907 -0.96879
-2.5988 -0.5006
0.62744 1.6954
0.6597 -0.67501
0.18103 -0.99602
0.71966 -1.8057
0.67476 1.0378
2.6033 2.8122
3.7605 2.2756
-0.91492 -2.343
-1.0784 -5.4142
-0.06996 1.9995
0.14902 0.59332
-2.1925 1.4039
1.1152 -2.9316
-0.10606 1.1734
1.2564 -1.59
0.94103 -0.34279
1.3306 -0.35711
3.1405 4.3652
-1.996 -0.034586
1.2005 2.8812
0.7862 -0.52089
-0.13629 1.3312
-0.64898 2.2276
1.619 1.1368
1.0892 -0.82132
1.707 1.9556
-0.32483 -3.8197
0.4687 1.3145
0.16484 0.21588
0.083239 -3.3164
1.1508 -0.6088
0.42129 -1.9732
1.6496 -0.23694
1.3066 1.9864
-2.1337 -3.4483
3.2178 3.1329
2.0149 3.8523
0.73758 1.9796
0.49992 3.0468
-1.1888 -0.43519
-0.14247 -0.24564
-1.6113 -3.2367
-0.596 -0.67034
-0.86081 0.82091
-0.060304 0.070854
1.067 0.53477
0.24272 -0.16497
-1.9624 -1.2772
1.98 2.4695
0.51475 -3.238
1.4274 -0.30598
-1.8399 -0.56976
-0.22127 -1.8444
0.45408 0.10116
2.4387 2.1844
-0.10991 -1.4994
0.26564 -1.1043
