10 -7.2 31.283
0.8 -8.4 -55.266
8 -5.2 26.692
-2 3.2 -0.26118
4.8 3.6 15.962
-8.4 -5.2 56.149
5.2 -8.4 -42.929
-0.4 3.6 -4.2799
-1.2 5.6 -26.963
5.2 -3.6 2.4422
3.6 -0.8 5.1603
7.2 5.2 26.392
-7.2 6.8 3.3645
-2 -2.4 1.6849
-2.8 0.4 2.9433
3.2 -7.2 -46.535
-0.4 0.4 -0.21692
6.4 2.8 32.751
2.4 7.6 -44.887
-2 -5.2 -14.86
-8.8 -2.4 68.579
-4.8 2.4 14.555
-7.6 1.6 48.257
-4.4 -3.6 17.633
7.6 4 36.539
-8 10 -23.963
1.7764e-015 4.8 -19.081
-3.2 -6 -11.08
-1.2 -3.6 -12.056
8.8 4.4 51.315
6.8 -0.8 36.924
1.7764e-015 8.8 -71.121
4 -8.4 -42.411
-5.6 -4.8 13.789
-7.2 4.4 37.289
-3.6 -3.2 5.5406
-0.4 -1.2 5.6875
-2 6 -23.288
6.8 2.8 32.29
1.7764e-015 8 -50.809
-8.4 6 41.744
-7.2 1.2 53.117
-0.4 7.2 -45.712
-3.6 -2.8 4.9076
-6.4 5.6 12.226
2 2 3.1156
6.4 6 7.9952
9.6 -4.8 46.242
4 3.6 7.527
-2.4 0.8 1.098
6 4.8 12.243
-0.8 -5.2 -19.846
-3.6 2 3.2819
1.2 -8.4 -57.49
1.6 1.2 -2.9734
2.4 -1.6 -8.333
7.6 -8.8 -21.001
4.4 0.4 19.875
5.6 7.6 -11.292
-5.6 2.4 27.456
7.2 1.2 44.292
0.4 -1.6 -12.338
8.8 10 -19.348
3.2 -4.8 -12.136
-2 -7.2 -40.072
-2.4 1.6 8.9285
-1.6 -4 -10.751
1.7764e-015 2.4 2.9846
1.6 2.8 -6.1997
7.2 2 51.102
0.4 -9.2 -70.427
-1.2 -1.6 7.177
9.6 0.4 78.856
5.2 -9.6 -49.442
-8 -4 44.673
-4.8 8.8 -43.134
-2 1.7764e-015 7.402
5.6 5.6 1.5463
-4 9.6 -62.675
5.6 1.2 29.399
-0.4 1.6 7.532
3.2 2.4 1.5463
-1.6 -3.6 -5.0095
-3.6 -4.4 -2.449
1.6 -2.8 1.0755
6.8 -8.4 -27.062
7.2 6 16.198
0.8 -8.8 -60.106
2.8 2.4 2.7706
2.4 -4.4 -8.7952
4 -2 4.5225
-5.2 -8.8 -26.436
-1.2 4 1.7214
-3.6 0.8 10.674
-9.2 -8 44.399
6.4 -9.6 -44.368
-5.6 0.8 32.94
-1.6 -0.4 8.6953
10 5.2 58.281
0.8 -2 -3.7227
-4.8 2 14.598
-3.2 10 -84.994
-2 -4.8 -12.552
6 -4.8 6.1353
-8.4 1.6 56.432
7.2 -4.4 15.371
7.2 -5.2 17.796
-8.8 1.7764e-015 75.239
-6 -5.2 17.562
-3.6 4 3.7953
-2.8 1.7764e-015 16.351
-3.6 -4.8 -9.7135
7.2 -2 37.158
-2 -3.2 -2.7928
3.6 -2.8 4.8481
5.6 -0.4 25.67
4.8 -6.4 -3.9017
5.2 -0.4 26.563
4.4 1.2 20.87
-6.4 -0.8 31.845
-4.4 10 -59.03
-5.2 -8.4 -31.228
6.8 -5.6 11.708
-7.6 -6.4 36.04
-5.2 -2 26.616
2 1.7764e-015 6.7604
3.2 6.8 -19.212
1.2 1.6 -8.0533
-5.2 0.4 27.686
1.7764e-015 9.6 -68.403
6.8 3.2 33.016
9.6 -6.8 24.083
8.4 -1.2 56.653
4.4 -5.2 -4.1867
-0.8 -3.2 3.19
-2.8 -1.2 9.5067
9.6 -1.6 57.687
-3.6 8.8 -44.755
5.2 -8.8 -44.55
4 -8 -36.393
-4 4.8 -0.42157
8.4 8 11.468
-4 2 12.519
-4.8 2.8 15.606
-7.2 -8.4 1.063
-6.8 8.4 -20.69
2.8 5.2 -17.882
-4.8 9.6 -61.726
-7.6 2 48.315
8.4 4.4 51.38
0.4 10 -73.156
2 1.2 6.9407
-3.2 -5.6 -0.31917
1.6 2 -3.726
7.2 10 -37.687
-4.4 2 24.163
-1.2 -6 -29.576
2 4.4 -15.246
-4.4 9.6 -57.72
-9.2 1.2 83.662
-9.6 1.2 82.383
-9.2 -2 84.1
4.8 6.4 -12.303
4.8 -0.4 21.763
10 6.8 45.498
-7.6 7.6 0.57931
4.4 -7.2 -27.32
-8.8 6 34.493
1.7764e-015 -8.4 -56.502
-2 7.6 -38.007
1.7764e-015 10 -74.167
4 1.2 15.411
5.2 5.2 13.321
-6.4 -3.2 37.315
-8.4 2.4 66.736
6.8 -8.8 -28.544
3.2 -2.4 5.8798
-9.2 -9.6 12.712
6 -5.2 0.72967
2 4 -10.662
-5.6 -6.8 -4.5666
7.6 -4 23.879
8.8 -5.6 36.693
9.6 2 72.837
-8.8 -1.2 82.435
-2.4 2.4 12.027
-3.6 -2 12.346
1.6 -9.6 -72.252
-4 -4 22.183
-8.8 9.6 -14.514
-2.8 -4.8 3.9225
2.8 6.8 -29.108
2.8 6.4 -18.136
-7.6 -3.2 47.099
-6.4 8 -18.127
-7.2 10 -34.558
-1.6 8.4 -58.122
-2 2.8 4.3742
-8.8 2.8 75.545
-4 3.2 6.774
-6.4 -7.6 7.0251
8.4 -3.6 37.536
-6.4 3.6 32.569
8.4 6 33.391
-6.8 -6.4 15.688
-6.4 -5.6 17.313
4 -4.8 -5.9936
-4.8 -3.6 12.576
7.2 -4 17.051
5.2 6.4 -15.338
0.4 -3.6 -0.89637
-9.6 -6 66.451
-1.6 -2 4.5539
8.4 4.8 44.055
-4.4 1.2 25.457
-0.8 2.4 4.6772
8.8 -4 49.769
5.6 3.6 18.457
4 6.4 -22.577
8.4 1.6 52.158
-8 -1.6 61.366
-6.8 1.2 42.37
-6.4 -1.6 46.198
-3.6 -6.4 -10.779
3.6 -0.4 11.036
-6.8 -7.6 0.25251
0.4 -5.2 -17.843
8 6 33.063
-4.4 1.7764e-015 25.218
6 2.8 20.368
-7.2 -2.4 50.508
3.6 2 4.4406
-5.6 -1.6 31.125
3.2 0.4 13.881
0.8 5.6 -26.496
-1.2 4.4 -9.2675
-5.6 -1.2 37.21
-9.6 4 77.62
3.6 1.7764e-015 15.69
-3.2 7.2 -36.157
5.6 4.4 12.626
6.8 6.8 10.571
-2.8 -0.4 13.653
-7.2 -8.8 -0.50941
9.6 5.2 59.267
3.6 6 -26.711
-5.2 -1.2 30.095
-0.4 -7.6 -40.685
-8 3.2 45.868
-5.6 -0.8 27.685
-1.6 0.8 -2.6759
9.6 6 46.403
-6.8 6.8 5.8096
10 -6.8 35.372
-2.4 -5.2 -6.7317
4 -6.4 -18.957
-2.8 3.6 -3.4856
-9.2 -1.2 86.218
5.6 -2.8 2.0406
-6 9.2 -38.375
-9.2 -3.2 79.001
-1.6 0.4 0.62333
6.8 -4.4 11.93
-7.2 -9.2 -2.0641
0.4 0.8 4.8007
0.4 -6.4 -34.587
-4.4 -7.2 -17.704
2 6 -22.868
6.4 2 26.729
-0.4 -5.2 -27.239
-8 9.2 -19.989
-1.2 2 -2.0579
4.4 8 -35.164
-4.4 -4.8 -2.7054
3.6 -9.6 -62.202
0.4 0.4 -1.3477
3.2 1.7764e-015 5.6064
-5.2 10 -53.836
4.4 4.8 -4.0882
-4 8.4 -44.114
-6 6 4.1101
-3.2 3.2 -2.1966
-3.6 1.2 5.362
7.6 6.4 15.65
6 3.6 18.656
1.2 -1.6 -0.83097
-6.4 -8.4 -14.426
2.4 7.2 -36.762
5.2 -2.4 15.38
7.6 -3.6 37.032
9.6 -8.8 6.8572
-9.6 10 -0.92159
5.6 -6.8 -16.242
8.4 2.8 55.933
9.2 -4.4 44.949
-2.4 -4 -3.4739
2 -2 -9.6259
8.8 -5.2 34.558
9.2 0.4 58.555
-0.8 3.6 -11.637
1.2 8.8 -53.562
6.8 8 -17.043
4.4 6.4 -19.346
-1.6 -2.4 1.5733
-2.4 -9.6 -56.785
0.4 -6.8 -33.264
5.6 -6 -10.283
-7.2 3.2 43.044
-3.2 -4.4 -1.7074
6 8.4 -23.407
7.2 1.7764e-015 38.494
1.7764e-015 7.2 -42.362
1.2 3.2 -12.653
-0.4 8 -49.433
3.2 -5.6 -25.4
2.4 4 -11.799
-6.8 -2.8 38.454
4.8 6 -9.9576
4.8 -4.4 -9.0414
7.6 -2 39.352
1.6 -4.8 -8.3421
3.6 -2 0.85625
-9.6 -3.2 82.476
9.6 -2.8 64.572
5.2 -4.8 -0.6333
-1.2 7.2 -32.064
3.2 -4.4 -11.59
5.6 -1.6 23.062
7.6 0.4 36.928
6.8 4 25.965
-5.6 5.2 1.2679
-4.4 9.2 -38.919
-9.2 -0.4 83.176
-3.6 9.6 -63.881
2.4 -7.2 -41.937
-6 -8.4 -20.431
-4.8 -0.8 19.099
0.8 1.2 -8.2774
7.2 -0.4 37.352
8 -6.4 4.8543
4.8 -1.6 17.998
-4.4 -8 -17.956
-9.2 4.4 54.154
-0.8 8.4 -61.052
6.8 0.8 29.683
-2.8 5.2 -7.043
-2.4 -2.4 6.8275
-6 -6.4 15.475
-9.2 -8.8 38.607
-2.8 -8.8 -45.267
-1.2 1.6 2.8651
1.6 5.6 -17.574
-4 -2 16.506
-3.2 -7.2 -22.555
-1.2 6.4 -35.924
-6.8 2 28.068
3.6 8.4 -43.135
8.8 -4.8 34.431
-8.8 -8.8 26.256
-9.2 4 65.343
-6 9.6 -44.369
7.2 7.2 3.4542
3.2 -9.2 -67.75
-0.8 -7.2 -42.782
-8 -5.2 43.931
-8.4 -4.4 55.032
-2 -7.6 -35.342
-2.4 4.4 -25.209
10 -5.2 54.802
2 -2.4 -2.0638
8 -3.6 40.705
-9.2 -5.2 68.869
2 6.4 -27.768
-7.6 3.6 39.01
-8.4 -2 73.757
1.2 -0.8 1.9246
9.2 2.4 59.65
-3.6 1.7764e-015 15.012
-8.4 0.8 61.272
8.8 3.2 45.186
-2.8 -2.4 3.0009
8.8 -6 28.879
-9.6 -4.8 73.861
2.8 -4.4 -10.426
-6.8 -0.8 60.465
6 4 24.448
1.7764e-015 -2 1.0835
0.4 6 -21.81
-2.8 0.8 7.2082
-0.8 6.8 -27.656
-5.6 -5.2 16.718
-2.4 3.6 1.9422
-8.8 0.4 68.278
-6.8 9.6 -39.3
10 -1.6 82.048
-9.6 9.6 8.3412
8.8 8.4 11.628
-3.2 -6.4 -23.403
-5.2 -8 -21.339
3.2 -3.6 -0.43338
-0.8 -9.6 -74.491
10 -0.4 72.382
-6.8 8.8 -16.845
0.4 -8.8 -53.405
-8.4 1.7764e-015 70.609
-5.6 -4 23.94
-4.8 6 -10.356
-3.6 3.6 -2.5938
-8.4 -4 55.791
2 3.6 3.3972
8.4 -5.6 14.491
8.4 -2 60.374
-5.2 -5.6 11.752
3.6 -6.8 -25.662
-3.6 1.6 10.274
0.4 3.6 -11.57
2.4 -0.8 -5.6779
-6 -6.8 0.75795
0.4 1.7764e-015 -7.0644
-8.4 6.4 31.846
-9.2 7.2 37.301
8.4 -4 30.209
-4.4 8 -31.1
-7.2 2 49.135
6 -0.4 24.996
6 1.6 20.478
1.6 -9.2 -72.681
-2 4 -6.6716
2.4 0.4 -1.9186
-1.6 -1.6 9.7758
1.2 -6.8 -32.069
-9.2 1.7764e-015 81.644
-3.6 -6.8 -12.473
-4 10 -67.979
-2.4 8 -47.268
3.6 -8.4 -52.225
-6 7.2 -11.599
-4 -8.4 -20.638
-4.4 2.8 13.593
5.2 8.8 -37.813
2.8 8.4 -39.335
-8.8 -2.8 74.368
3.6 -1.6 2.6334
7.6 9.6 -24.427
-9.6 -2.4 90.314
-5.2 4.4 4.4838
10 6 55.033
-2 -6 -12.892
-7.6 10 -30.001
8.8 8.8 3.0542
2 3.2 -6.9838
-8.4 -3.6 53.49
-2.4 -1.2 5.9071
-7.6 8.4 -17.536
-1.6 -8.8 -52.528
-4 1.6 6.3223
9.6 3.2 65.727
8.8 -0.4 62.038
3.2 -6.8 -31.411
6 8.8 -18.552
3.6 -4 -13.758
9.6 -1.2 75.411
1.2 6 -22.824
-9.6 -2 94.588
2 -1.6 6.6356
-7.2 -0.8 45.892
4 1.6 5.3035
-2.8 -1.6 3.2146
6 -3.2 12.801
-7.6 6 21.256
7.2 -9.2 -38.322
9.6 -8.4 18.765
-3.6 5.2 -1.2905
-8.4 -8.8 21.215
-5.6 2 32.166
7.2 -6 10.089
-7.2 -9.6 -19.014
3.6 -5.6 -23.325
-8.8 2.4 68.35
6.4 10 -42.169
-4.4 -6 -12.793
-2.4 -7.2 -34.703
-4 5.6 -20.519
8 -0.8 46.706
-9.6 -3.6 84.577
8 2 42.232
1.2 7.6 -31.866
-6.4 -9.2 -24.041
7.2 0.8 44.53
-7.2 2.8 49.058
8 5.6 27.764
-2.4 4.8 -16.448
-7.2 -7.2 6.5047
-8.8 2 74.685
-6 0.8 33.117
-2 0.4 12.896
-8.4 -6 39.649
-4.8 4.4 6.2638
-6 3.6 31.657
-6 -5.6 24.971
8 -7.2 3.0608
-5.6 -2.4 28.839
-2 8.8 -42.078
9.2 1.6 62.908
-9.6 2.8 75.196
-7.2 3.6 32.893
9.2 -9.2 -11.527
-3.2 4 11.434
10 -2.4 68.807
9.2 -1.2 60.099
-8.4 -4.8 50.194
6.4 6.8 1.7112
-8 -6.4 35.815
8 9.2 -2.4142
-0.8 -7.6 -42.428
0.8 3.6 -6.5461
1.2 10 -75.686
1.6 1.6 0.84283
-8 -8.4 12.72
8 7.2 21.281
6.8 -5.2 7.3324
6 -8.8 -43.985
-5.2 1.7764e-015 20.169
6.8 6 3.8818
7.2 2.8 43.2
-9.6 6.4 53.897
3.6 9.6 -55.482
-2 -5.6 0.10977
-9.2 6.4 53.033
1.6 4.8 -18.031
7.6 4.8 33.698
9.2 4.8 52.38
-9.2 -6.4 62.004
8 -8.4 2.6116
-1.2 -9.2 -62.327
1.7764e-015 2 -7.4077
6.4 4.8 13.67
9.6 8.4 20.744
-1.6 -8 -41.798
0.8 6.8 -33.955
-3.2 7.6 -31.796
6.8 -9.2 -37.094
-2.8 2.8 -2.1591
-5.2 -6.8 -11.065
8.4 -2.8 42.309
-1.6 -4.4 -7.7879
-2 3.6 -20.282
2 -4.4 -17.648
-5.2 -7.6 -17.066
-2.4 -4.8 -11.319
-4 4.4 0.3982
-6 6.4 -1.208
-9.6 -9.6 34.814
-4 -6.4 -16.327
1.6 -1.6 -0.081952
1.6 4.4 -11.879
7.6 -6.8 -0.85876
3.6 -6 -24.562
5.2 2.8 10.606
2.4 5.2 -17.647
-4 5.2 -4.9453
6 6 3.5326
-6 -1.2 39.723
-2.4 -6.4 -22.377
-2 0.8 -0.058491
0.4 2.8 -6.9482
-7.6 -4.4 55.552
-4.8 0.8 24.446
8 -2.8 42.778
-9.6 3.2 78.086
6.4 8.8 -15.637
-9.6 6 49.236
1.2 -9.6 -62.283
-8.8 1.6 84.289
3.6 -8.8 -51.853
10 4.8 68.913
2 -5.6 -23.179
-7.2 8.8 -19.763
10 9.6 13.223
7.2 3.6 32.487
6.4 -7.2 -16.101
3.2 -0.8 11.24
1.2 -3.6 -14.461
7.2 -7.2 -4.0065
3.2 6.4 -26.42
4.4 -2.4 3.02
-4.8 8.4 -40.257
1.7764e-015 6.4 -39.679
-8.8 7.2 26.086
2.8 10 -71.413
-6 7.6 -15.181
-8.4 6.8 20.803
-4 -1.6 22.162
-0.4 -8.4 -52.818
-4.4 -6.8 -7.5371
4.8 -3.6 3.0557
3.6 0.4 4.6994
-3.2 8 -35.718
3.2 0.8 10.092
9.6 -3.6 61.452
-9.6 -8 40.39
1.7764e-015 -8 -47.63
2 0.8 3.4678
-8.8 -1.6 81.328
3.2 -9.6 -67.8
10 2.8 75.089
-0.8 0.4 -5.3944
-2.4 9.2 -56.748
7.6 10 -26.254
-9.6 -6.8 59.032
0.4 -2 -1.5491
7.6 5.2 33.406
6.8 -9.6 -51.911
-4.4 -2.8 16.498
9.6 -9.2 -2.3731
5.2 -6.8 -20.767
-5.6 -3.6 20.051
-1.6 -3.2 6.2675
1.2 -9.2 -57.378
-5.2 2.8 24.206
8.8 6.8 41.44
-3.2 4.8 -5.3793
-5.2 -4 13.945
10 -2 74.609
-2 5.2 -16.01
0.4 9.2 -64.43
-9.2 8.4 15.522
-1.6 -6.4 -25.448
-8 4 35.578
-6.8 2.8 43.108
-5.6 9.2 -41.555
-8.8 -4.8 72.953
-2.8 -8.4 -44.571
-8.4 -9.6 -1.14
4.4 5.2 -3.6496
7.6 -2.4 31.936
7.2 -6.4 3.3922
-0.4 5.2 -21.765
7.6 2 40.322
1.6 -8.4 -50.62
-5.2 8 -27.203
4.4 4 1.8396
1.7764e-015 -0.8 -1.1519
-4.4 -0.4 17.255
-5.2 1.2 32.282
1.7764e-015 -6 -32.321
-6.4 -4.4 26.668
6.8 -3.2 20.313
2.4 10 -76.946
5.2 0.4 12.854
6.8 5.2 31.915
-1.2 -1.2 -0.30506
9.2 -8.8 -1.5191
2.4 -6.4 -31.714
2.8 4.4 -6.0882
8.8 2.8 60.982
1.7764e-015 -1.2 -2.8291
3.2 -8.8 -53.034
-4.4 -8.4 -25.955
0.8 -6 -30.095
-8 -3.2 50.517
-7.2 -4 36.652
-0.8 10 -83.73
-6 -1.6 35.937
-8.4 1.2 70.473
8.8 5.6 49.732
8 -6.8 12.048
0.8 1.6 4.1878
-9.2 5.2 57.606
-0.8 -0.8 -3.1698
-6 -7.2 -5.1359
0.8 -9.2 -69.172
10 -8.4 15.135
8 -2.4 44.993
-4 -5.2 -17.087
3.2 -4 -8.7727
-7.6 -5.6 39.29
-0.8 8.8 -63.013
4.4 -9.2 -57.094
6.4 -6.4 -5.9406
9.2 -6.8 20.986
-7.2 -8 14.571
-3.6 9.2 -58.842
-6.8 6.4 6.022
5.2 1.2 16.213
6 7.6 -14.129
-5.2 6.4 -8.1026
-1.2 -0.8 0.74852
-9.6 0.8 92.63
7.6 2.4 47.575
-0.4 -0.4 -2.3634
8.8 -8 2.9142
-0.8 9.6 -65.985
5.2 8.4 -32.332
-2.8 -5.2 -6.8734
8.4 -9.6 -31.957
8.4 3.6 43.499
4 2.8 15.138
0.4 2 -4.1709
-4.4 8.4 -35.491
-3.2 6.8 -28.884
0.8 8 -54.232
2 -4.8 -23.903
-5.6 -8.4 -12.256
-2 6.4 -35.806
-5.6 8.4 -28.173
8.4 10 -11.577
10 -4.8 63.557
4.8 -5.2 -4.7998
-0.8 -1.6 1.806
5.2 -4.4 -3.2406
-6 0.4 43.451
2.8 -6.8 -40.827
3.6 0.8 5.6635
1.7764e-015 0.8 -11.753
-6.8 0.8 53.728
9.2 4 55.966
0.4 -9.6 -70.722
-9.6 -4 78.249
7.6 1.7764e-015 38.67
-9.6 -1.6 84.84
-5.2 5.6 0.67338
1.2 -2.4 -5.0416
4.4 -0.4 18.405
-6 -2.4 29.605
1.6 3.2 -8.1514
-0.4 -3.6 -6.406
2 -3.6 -11.565
1.6 -0.8 2.6317
-6 3.2 24.473
-2.4 1.2 7.0678
10 1.2 86.518
-6 -4.8 31.068
1.6 7.2 -29.699
7.6 -4.4 29.509
-0.4 6.4 -22.406
-2.8 2.4 7.6791
5.6 2.4 23.481
1.2 -8.8 -69.972
6.8 -4 15.807
4.8 9.6 -46.774
4.8 -7.2 -28.548
-1.2 -9.6 -58.641
10 6.4 50.986
6.4 4 25.836
-4 -5.6 -12.531
-4.4 7.6 -30.388
0.4 -7.6 -35.857
-8 4.4 40.802
3.6 -1.2 7.9147
-2.4 -8.8 -51.069
6.8 8.4 -16.44
5.6 -3.6 12.842
-9.2 -7.2 51.879
2 2.4 -0.26851
8 5.2 34.414
-2 7.2 -43.654
6 2 32.13
8.4 -8.4 -5.6482
-5.6 1.2 35.779
-6.8 -8.4 2.751
-8.4 -1.6 62.926
-6.4 0.4 38.269
-8.8 -0.4 69.467
-1.6 -1.2 2.9624
-4 1.7764e-015 22.014
-4 8 -26.276
7.6 -2.8 41.469
6 -6.4 -6.5293
0.8 6 -32.615
-8.4 -2.8 62.832
1.2 -7.6 -43.027
-8.8 -5.6 52.146
-3.2 -7.6 -33.397
6.4 -5.6 10.589
-0.8 1.2 0.76084
-8.8 4.8 50.909
3.2 -2.8 1.339
4.4 7.2 -25.916
-5.6 7.6 -26.862
1.6 7.6 -54.875
-9.6 7.6 34.155
-1.2 1.7764e-015 11.211
8.8 0.8 59.374
-2.4 6.8 -28.202
0.8 4.8 -17.199
-1.6 3.6 3.8676
1.7764e-015 -7.2 -39.73
0.4 -3.2 -14.443
-2.4 7.2 -37.249
-8.8 -7.2 42.188
-7.2 7.2 12.467
9.2 10 2.703
4 9.2 -63.954
-9.2 9.6 -0.68529
1.6 -3.6 -6.5992
-5.6 4.8 13.895
4 2 0.63148
-1.6 -4.8 -18.902
-9.6 1.7764e-015 85.969
8.4 -6.4 18.064
4.8 -9.2 -57.078
-7.2 -1.6 56.715
4.4 -8 -36.54
1.6 3.6 -2.8904
4 2.4 -4.6296
-8.4 -0.4 63.139
-3.2 3.6 -5.1606
-7.6 6.8 -1.6313
-1.6 7.2 -37.41
1.2 1.7764e-015 -3.3755
5.6 3.2 16.282
4 0.4 12
-0.8 -3.6 -15.675
-4.8 -7.2 -13.689
-0.4 -3.2 -8.4575
-8 -2 68.486
2.4 -6.8 -43.45
5.6 9.6 -44.132
10 7.6 49.245
5.6 -7.2 -22.884
-6.8 -2.4 37.743
3.2 4.8 -3.5765
1.6 -4.4 -13.24
0.4 8.4 -57.12
2.8 -0.4 -1.9333
-7.6 -0.4 58.226
10 -7.6 25.837
0.8 2.4 -9.2117
6.8 4.4 36.711
3.6 3.6 -4.8197
-6.8 7.2 3.4826
2.4 -4.8 -14.11
5.6 -5.2 -1.1014
-8 0.4 62.2
7.2 9.2 -22.115
-8.4 2.8 60.698
4.4 3.6 -5.2625
-2.8 8.8 -54.005
-6.4 -6 13.582
-5.6 -7.6 -5.2271
4.8 -0.8 22.36
-8.4 9.2 -2.1273
-6 -7.6 -6.6044
4 5.6 -5.1245
-6.4 9.6 -31.827
7.2 -8.8 -20.052
4.8 10 -60.455
9.2 -0.4 63.111
6 -6 0.77637
-0.8 4 -6.5921
1.6 -7.2 -37.846
-8 7.6 8.6224
-8.4 3.2 49.84
1.7764e-015 -4.8 -19.911
-2 2 12.044
-7.6 -2.8 56.169
2 -0.8 -0.40376
-6.4 -6.8 17.378
-5.2 1.6 24.544
-8 -6 34.575
4 9.6 -58.649
7.6 3.6 40.921
-0.4 2.8 -6.4653
2.8 -5.2 -17.135
-6 1.2 34.185
-7.2 1.7764e-015 52.618
-0.8 -4 -11.415
9.6 -4.4 60.861
8 -2 40.126
-0.8 1.7764e-015 1.1104
5.2 6.8 -16.735
7.6 8.8 -12.801
6.4 -6.8 -0.71311
-2.8 1.2 8.5843
-4.4 3.2 23.886
-6.8 -7.2 9.6688
4 0.8 15.081
5.6 -1.2 25.7
-3.6 7.6 -36.628
5.6 0.8 22.462
0.4 -2.8 -11.152
-6.8 8 -7.9428
-4.4 -2 10.778
4.4 -6 -21.499
-4.8 -1.2 17.05
-9.6 2.4 88.066
2.4 -3.6 -9.8515
8 8 0.49001
3.2 4.4 -3.1635
-8.8 10 -22.204
2.4 8.8 -58.612
-9.6 -7.6 49.077
-5.2 -6 3.1478
-1.2 -6.8 -31.505
8.4 -3.2 50.096
-2.4 -0.4 14.189
-8 -2.4 59.966
10 -9.6 11.282
7.6 7.6 7.3754
-6.4 9.2 -34.912
-4.8 10 -63.297
3.2 10 -73.434
2.4 2 2.9759
-4.8 1.2 24.809
8.4 1.2 47.616
0.8 -2.8 -6.8052
-8.8 1.2 72.944
8.8 -4.4 36.015
8 8.8 -6.5677
0.4 7.6 -40.07
4.8 -6 -20.129
3.2 1.2 -10.49
-0.4 -6 -31.681
7.2 6.8 8.5041
2.8 -4 -9.4162
7.2 -3.2 32.826
-8.8 8.4 6.9435
5.6 -7.6 -23.275
-6.8 -4 30.74
6.8 7.2 -7.8825
7.6 -0.8 44.868
-1.6 2.8 -17.199
2.4 -9.6 -66.839
-9.6 6.8 38.518
6.8 -6.4 -11.196
-4 3.6 12.538
-8 -3.6 55.036
6 5.2 4.6277
4.8 -8.8 -48.957
7.6 -7.6 -3.5708
6.8 1.2 30.776
4.4 -4.4 -3.3166
4.4 -8.8 -54.672
8.8 7.2 31.408
-8.8 0.8 65.907
-2 9.2 -58.198
1.2 -3.2 -4.1738
7.6 7.2 18.477
2.8 -4.8 -14.399
9.2 5.6 43.992
8.8 4 50.506
0.4 1.2 4.2529
-8.4 -5.6 49.983
-9.2 3.6 70.478
-9.6 2 75.044
-0.4 -5.6 -28.851
-2.4 1.7764e-015 11.87
7.2 1.6 38.413
4 -4 -6.2288
-8.8 -8.4 20.374
8 -8.8 -19.237
7.6 -1.6 46.282
-9.2 -4.8 65.778
6.8 -1.2 46.642
7.2 6.4 14.748
3.2 -2 0.27088
-3.6 -9.6 -53.139
6.4 -4.4 18.241
-1.6 -5.6 -22.615
-6.8 -4.4 34.559
-3.6 -9.2 -41.412
1.7764e-015 1.2 7.1473
2 -8 -55.642
-5.2 -3.2 25.86
4.4 -0.8 12.823
-5.2 -0.8 31.655
-0.4 -2.4 6.1561
-9.2 6 48.208
-5.6 10 -51.699
-8 5.6 32.677
-8 5.2 35.773
0.8 4.4 -15.186
6 -0.8 22.974
-1.2 5.2 -24.257
-2 -8 -46.127
2 -7.6 -40.19
-6.4 1.6 32.384
-1.6 -7.2 -37.284
-8.4 -0.8 72.51
10 7.2 44.492
1.2 0.8 -6.0671
-1.2 3.6 -9.5614
-5.2 -2.8 27.699
9.2 0.8 68.504
-4.8 -0.4 15.858
-7.6 -8.4 12.559
-5.6 6 -1.8464
-1.6 -9.6 -74.133
-6.4 4 26.342
-8.8 9.2 -5.2375
-2 -2.8 4.0383
-4 0.4 20.634
-2.4 8.4 -44.006
-2.4 -5.6 -27.273
5.2 1.6 16.493
-2.4 -4.4 -5.4454
-1.2 8.8 -61.882
7.6 -6 18.02
2.4 8.4 -35.631
-9.6 8 26.514
6.8 -6 -1.3117
-3.2 -6.8 -18.962
-8.8 -7.6 38.541
2.8 3.6 -3.2849
4.4 -6.4 -16.037
-6.8 -6 26.227
3.6 -4.8 -14.712
-2.8 9.6 -63.97
8.8 -0.8 57.584
-3.6 -8.4 -39.958
-3.6 6.4 -15.717
0.8 4 -13.361
4 8.4 -55.976
8.8 -7.6 -7.1678
-9.2 0.4 84.762
8 2.8 44.794
1.7764e-015 -8.8 -59.565
0.8 7.2 -39.563
2.8 0.8 -0.77662
8.4 -9.2 -14.212
-7.2 4.8 26.409
-3.2 -4 2.349
-7.2 5.2 27.969
-6.8 1.6 44.285
4 -6.8 -17.553
9.6 -5.2 47.181
5.2 3.6 13.854
-9.6 7.2 40.448
2.8 6 -22.161
1.7764e-015 7.6 -38.965
2.4 9.6 -66.968
-4.4 -9.2 -36.986
-2.8 -9.6 -56.874
-0.8 7.2 -33.096
4.8 3.2 4.9267
8.4 3.2 55.364
6.8 2.4 36.481
7.2 5.6 25.979
1.2 4.8 -18.37
6 7.2 -3.8048
-7.2 -4.8 38.771
4.8 5.6 -13.39
-1.6 8.8 -59.742
0.8 -4.4 -12.44
5.6 6.4 -11.534
-4.8 -7.6 -19.023
4 4.4 5.3309
4.8 9.2 -42.229
8 -5.6 14.674
5.6 0.4 15.923
4 7.2 -20.545
5.6 -4.8 -1.561
-0.4 -0.8 5.8248
-9.6 5.2 66.458
-4 6.8 -27.261
-9.6 -7.2 53.271
-8 -2.8 58.593
1.2 5.6 -25.409
1.6 9.2 -62.624
-2 10 -78.47
5.2 -1.6 26.745
1.6 -0.4 8.6865
-9.2 10 -7.5283
-3.6 -0.4 19.913
3.2 -1.2 4.0946
0.4 -4 -10.696
1.2 4 -15.742
1.6 -6.4 -35.003
2 -6.4 -30.011
-2.8 6.4 -17.088
4.8 7.2 -19.18
-0.4 1.7764e-015 0.20179
-8 -8.8 18.594
0.4 -7.2 -34.98
8.8 -1.2 54.783
-6.4 4.4 24.442
0.8 1.7764e-015 2.1313
-4 4 2.2554
4 -9.2 -54.683
0.8 9.6 -64.599
-5.6 4 19.263
0.8 -1.6 -1.7545
-2 2.4 2.1513
-6 -8 -13.18
6.4 -3.6 17.796
9.2 -6 32.87
6.4 -6 -9.7956
6.8 2 31.828
4.8 -8 -24.949
-4.4 -4 13.11
3.6 9.2 -49.899
-6.8 -3.2 53.749
6.8 8.8 -18.182
5.2 -5.6 -19.966
5.6 8.4 -22.032
-9.6 1.6 83.048
-0.8 -6 -23.962
8.4 1.7764e-015 45.144
6.4 6.4 -5.1359
-8.4 8 18.29
-5.2 6 -8.1892
6.4 5.6 16.373
4.8 -9.6 -60.833
-6.4 6.8 0.91013
-8.4 5.2 38.653
8 -9.6 -21.015
-9.2 -2.4 85.759
4.4 1.6 9.5712
-5.2 8.8 -41.341
-5.2 -0.4 30.388
-5.2 2 29.708
-5.6 -8 -12.137
-6.4 -2.8 34.604
8 1.2 53.15
3.2 5.6 -13.782
0.4 -8.4 -56.42
-1.2 -5.2 -11.661
4.4 4.4 -0.40278
-5.2 4.8 2.0775
7.6 -5.6 17.508
-0.4 -9.2 -57.324
1.7764e-015 -2.8 -13.465
-3.6 -7.6 -27.991
6.4 4.4 16.717
10 1.7764e-015 87.392
-4.8 3.6 12.261
7.6 -8.4 -13.356
-4.8 0.4 23.723
4 -5.6 -10.913
6 -6.8 1.785
-1.6 9.6 -68.475
6.4 9.2 -26.891
2.4 9.2 -62.942
0.8 -2.4 -5.3163
-4.4 1.6 19.815
4.4 1.7764e-015 16.354
4 4 -0.20717
3.2 -0.4 2.3719
-4 -3.2 14.37
1.6 -4 -12.054
0.8 -0.8 -9.2976
-8.4 -6.4 44.281
5.6 6.8 -7.3585
8 1.6 57.993
1.2 -5.6 -23.604
6.4 1.7764e-015 23.54
-8 1.2 71.93
0.8 -5.6 -23.38
9.6 5.6 58.677
-9.6 9.2 6.4971
6.8 3.6 23.555
1.2 4.4 -8.5101
-9.6 -4.4 70.637
-9.2 -4 77.881
8 -4 30.102
8 3.6 31.5
-1.6 7.6 -39.679
6 9.6 -48.351
9.2 7.6 24.22
-9.2 -4.4 68.698
-7.2 -3.6 36.218
4.4 -9.6 -58.42
3.2 9.2 -63.511
-4 7.2 -24.809
-4.4 0.8 20.176
5.2 -5.2 -2.5404
4.4 6.8 -26.263
-4 -3.6 15.526
-9.2 5.6 45.29
5.6 9.2 -39.465
8.8 9.6 -3.6652
-7.6 -9.2 -0.14475
-1.6 -7.6 -35.723
8.4 4 55.069
5.2 6 -0.45178
6 2.4 20.429
1.7764e-015 -6.4 -27.989
2 6.8 -36.83
8.4 0.4 53.969
-6 -2 44.595
-4 -4.4 5.156
10 8.4 29.736
-4.4 -6.4 -8.7355
1.7764e-015 6.8 -38.378
-5.2 -5.2 14.729
1.6 -3.2 -11.095
0.8 -7.2 -43.729
-4 -8 -34.323
1.2 -0.4 -9
-8 -4.8 64.846
8.4 0.8 57.684
-6.4 8.4 -16.412
4.4 5.6 -11.603
-7.6 4.4 36.768
-7.6 -4 43.339
5.6 4.8 9.4831
7.6 -3.2 26.53
1.7764e-015 -1.6 -1.4713
-2.4 -7.6 -38.595
-6 8.4 -12.784
-3.6 -0.8 15.61
-6.4 -2 43.8
-3.2 -8 -38.05
-6.8 0.4 44.278
-5.2 2.4 17.16
2 -6 -24.104
0.8 0.8 0.72128
-2 5.6 -22.488
8.8 -3.2 45.855
5.6 -5.6 -0.01741
-0.4 -4.4 -9.6284
6.4 2.4 28.335
-4.4 6 -13.178
3.6 4.8 -7.9144
-0.8 4.8 -22.143
-7.6 5.2 36.314
-1.2 4.8 -15.975
0.8 8.4 -51.12
-7.2 9.6 -30.869
-5.2 -6.4 8.3953
2.4 -8 -57.432
-6.8 -4.8 38.973
-6.8 3.6 36.875
2.4 1.6 -10.897
6.8 -2.4 30.043
9.2 4.4 57.706
10 0.8 82.695
-3.6 2.4 13.398
-6.4 3.2 21.6
5.2 7.6 -17.76
-0.4 0.8 -1.3706
-0.8 -4.4 -10.174
-7.6 6.4 18.013
-5.2 -4.8 1.3231
4.4 9.2 -44.201
5.6 -2 12.528
8 0.4 56.527
-5.6 -4.4 22.326
-3.2 1.7764e-015 18.909
-3.2 -2 2.6793
-6.4 7.2 -2.6949
-2 -6.4 -25.845
3.2 4 -8.1319
2.8 7.2 -34.463
-8.8 -6.4 41.272
-2 8 -48.63
4.4 -3.6 0.8585
-4 -6.8 -11.695
-3.6 5.6 -6.1389
-5.6 0.4 28.623
4.8 7.6 -18.944
6 -8.4 -36.337
2 -9.6 -74.732
2 9.2 -63.096
-2 -1.6 5.7318
-6.8 -8.8 -16.061
9.6 -5.6 54.061
1.7764e-015 3.2 -12.756
2 8 -42.101
-3.6 0.4 11.083
2.8 5.6 -23.114
8.4 5.2 34.513
0.4 9.6 -68.714
-9.6 -0.8 87.92
5.2 4.8 5.7065
0.4 -0.8 8.3127
-6.4 -0.4 39.345
-8.4 -7.6 22.905
9.6 2.4 76.249
-5.6 3.6 26.405
2.4 6 -15.512
5.6 -9.6 -52.054
-5.2 -1.6 33.226
6.8 9.6 -34.034
-5.2 3.6 26.47
9.6 4.4 61.956
4.4 0.8 22.93
-6.4 2.8 32.298
1.6 6.4 -32.161
-9.2 3.2 66.592
9.6 4 62.292
7.2 -1.6 45.056
-2.4 9.6 -74.217
4.8 8 -27.046
5.6 2.8 21.703
9.2 3.2 73.162
-1.6 4.4 -11.658
-0.8 -8.4 -49.081
-5.6 -9.2 -32.539
-3.6 6 -16.155
7.6 3.2 36.584
-6 -4.4 22.636
8.4 -7.2 7.5934
3.6 -3.2 0.77192
-9.2 8.8 18.017
-9.2 -3.6 71.646
-4.8 -6 2.7614
-1.6 5.2 -18.976
-7.2 1.6 49.217
-8.8 7.6 25.724
6.4 8.4 -25.06
2 -5.2 -17.195
-9.2 9.2 4.7932
-7.6 -6.8 28.198
5.6 -8 -38.252
9.6 1.2 78.723
-6.8 4 37.202
7.2 -5.6 4.9359
-3.2 8.8 -52.656
4 -0.8 19.752
-1.2 -8.4 -51.536
3.2 -6.4 -26.306
1.7764e-015 5.6 -24.714
6.4 -4.8 9.3954
7.6 -9.2 -29.876
1.2 -4.8 -7.4786
6 6.4 -0.59202
1.7764e-015 9.2 -60.229
-1.6 4 -16.646
-0.4 10 -88.704
-6.4 -5.2 20.865
2.8 2.8 2.239
-9.2 -0.8 77.105
-2.8 -7.6 -41.351
9.2 -2 59.972
-1.2 -2.4 -7.4331
3.2 6 -15.545
-2.4 -6.8 -28.067
4.8 -3.2 0.61062
-3.2 -1.2 15.418
-2.8 5.6 -22.222
-9.2 -5.6 67.181
-2.8 -7.2 -27.375
2.8 1.2 9.5719
-8.8 5.2 44.209
-7.6 0.8 42.997
-5.6 2.8 20.088
3.6 2.8 3.3437
6.4 -2.4 27.383
0.8 3.2 -11
2 0.4 5.2278
-1.2 -4.8 -15.677
10 -0.8 78.448
2 9.6 -67.279
8.8 6 39.333
4.4 2.4 6.4284
-8 -4.4 53.65
5.2 2.4 25.674
6 -9.2 -43.282
8.8 -8.4 -4.9864
-9.6 -5.2 59.422
6 -1.6 14.306
8 3.2 40.885
-6 8.8 -23.876
-0.8 7.6 -51.56
-0.4 9.2 -65.043
9.2 -4 54.388
-2 9.6 -72.623
9.6 -0.8 68.527
2.8 -6 -34.415
-5.6 -2 26.479
-6 10 -41.99
-6.4 -4.8 33.188
-2.8 3.2 3.4156
-7.6 2.8 45.078
-3.6 2.8 8.235
9.6 7.6 40.79
1.2 -5.2 -25.358
7.6 2.8 45.636
2.8 -3.2 -8.6275
6.8 -8 -13.674
6 -5.6 -4.327
4.4 -4 -15.501
-9.2 2 76.145
2.8 -6.4 -20.767
-0.4 8.4 -46.699
-7.6 9.6 -28.901
-2.8 10 -69.191
0.4 3.2 -4.1178
-4.8 5.2 1.4668
6.8 7.6 -3.2712
-3.2 6 -24.69
-4.8 -6.4 -2.5457
-3.6 -6 5.2033
1.6 0.8 9.4033
0.8 -7.6 -49.982
-8 6 32.277
3.6 -2.4 -0.072788
4.4 -8.4 -42.563
6.4 -0.8 26.49
2 4.8 -18.847
-4.8 -5.6 -4.5578
-8.8 -9.6 17.023
-6.4 2.4 36.779
-1.2 1.2 2.9365
-2 8.4 -46.804
5.2 -9.2 -53.005
-4.4 4 1.7537
-6.8 -0.4 36.203
0.4 -8 -59.636
0.4 4.4 -12.931
-9.6 -8.8 32.901
-2 -0.8 7.2918
8.4 7.6 13.735
-8.8 4.4 53.091
-7.6 -7.2 28.42
6.8 9.2 -26.524
-8 9.6 -15.487
5.2 5.6 -5.1893
-1.6 8 -59.728
2.4 5.6 -21.026
-7.2 -5.6 37
-0.4 -4.8 -16.832
1.6 -5.2 -17.166
4 -1.6 12.815
-8.4 8.8 -2.6631
0.4 5.2 -15.193
-4.8 -8.4 -34.609
8 4.8 36.258
3.2 -8 -48.19
-7.6 0.4 56.596
-0.8 5.6 -26.894
-2.8 9.2 -53.39
-3.6 10 -65.915
4.8 -2 16.652
-3.6 -5.2 5.3487
0.8 8.8 -59.639
6 -7.6 -17.736
-8.4 7.2 26.91
6 1.2 27.463
2.4 -8.4 -50.934
-7.2 7.6 -5.1322
6 -4.4 3.2096
5.6 -4.4 1.1926
-8 -9.2 10.404
8 9.6 -17.538
-8.8 5.6 48.639
-9.6 8.8 13.686
3.2 8 -43.82
9.2 8.8 14.793
8.8 1.6 60.892
4.4 3.2 8.3295
-5.6 4.4 13.455
-3.6 4.8 -0.78211
-5.2 -2.4 31.116
5.6 -3.2 8.5404
-8.4 -8.4 21.559
2.8 -9.2 -63.65
-2.8 4.8 -13.146
7.2 0.4 41.475
-0.4 -2 -2.0857
-6.4 2 39.229
1.6 -6.8 -30.933
8 -4.4 20.363
4.8 -2.8 12.927
8.8 5.2 36.473
-1.2 -4 -13.918
-0.4 2.4 3.4552
7.2 -0.8 37.238
1.6 0.4 3.1224
0.8 10 -67.222
3.2 -8.4 -45.956
2.8 3.2 -2.4352
2.4 6.4 -27.886
-8.4 2 69.326
-4.8 -1.6 31.744
10 0.4 78.346
-1.2 8 -54.744
2 7.6 -44.505
6.8 -7.2 -5.8865
-5.6 3.2 13.497
9.2 -3.6 49.645
-3.2 -2.4 7.671
8.4 -4.4 38.624
1.7764e-015 -5.2 -25.861
-1.2 10 -78.825
4 -6 -15.718
-1.2 -5.6 -22.225
-2.8 -3.2 0.26401
4 7.6 -28.35
8.4 -8 -8.3647
8.4 9.6 -13.279
10 -5.6 38.381
2.4 -1.2 7.4421
-1.6 -6 -23.553
-3.2 5.6 -29.959
-3.6 -8.8 -37.186
1.6 8.8 -60.835
5.6 8 -20.956
6.4 8 -13.555
-6.8 -9.6 -18.786
1.6 -8.8 -62.87
-6 2.8 24.743
9.6 6.8 45.904
6.8 -3.6 34.77
-6.4 -7.2 6.7947
-3.6 7.2 -31.152
1.6 -5.6 -12.451
-2 -3.6 4.5765
9.6 -0.4 73.956
-2.8 -6.8 -14.569
-3.6 -1.2 12.775
9.2 -7.6 17.418
8.8 -2.8 58.806
-1.6 10 -83.225
-4.4 -0.8 22.369
-8 6.8 14.822
8.8 1.2 52.974
7.2 8.8 -20.903
4.8 4.4 -0.60122
-2.8 -4 1.3328
7.2 -2.4 33.787
7.6 -7.2 -0.28308
7.6 8.4 -7.826
2.4 0.8 -4.9757
-0.4 -2.8 -3.2036
-7.6 -1.6 62.066
4.8 6.8 -14.013
-5.6 1.6 16.776
0.4 2.4 -1.4784
6.4 -5.2 6.9461
1.6 9.6 -68.625
-1.2 8.4 -63.762
9.6 8 35.083
-0.4 6 -20.534
6 -1.2 20.486
-5.6 -6 14.237
8.8 2.4 55.076
-9.6 -1.2 87.677
9.2 -2.8 63.704
0.4 1.6 -7.5436
6.4 7.2 -5.7751
1.2 0.4 -7.2271
4.8 4 6.8815
1.2 5.2 -15.801
4 10 -67.191
-8 3.6 57.708
-2.8 -5.6 -5.5728
-8.8 -9.2 21.591
9.2 -7.2 20.726
3.2 7.6 -44.06
-3.2 -9.6 -57.36
6 -2 24.966
7.6 0.8 46.48
2 5.6 -25.028
-3.2 -9.2 -42.393
-4 -1.2 12.885
2 -8.8 -61.602
-6.4 -2.4 41.871
-8 -0.4 61.066
2.8 8.8 -46.837
6.8 -4.8 14.916
-2.8 4 -12.023
10 3.6 68.047
-6.4 7.6 -16.664
3.2 -5.2 -14.593
0.8 7.6 -48.612
2.8 7.6 -41.489
10 1.6 74.072
-2.4 -8 -45.349
8.4 -0.4 62.588
-1.6 -0.8 2.6577
-6.4 4.8 16.266
-1.6 2 -3.9236
-2.4 3.2 -4.1578
6 8 -29.046
9.2 -0.8 66.718
-8.4 10 -21.266
2.8 -5.6 -17.366
-6 6.8 -12.366
9.6 9.6 12.416
-8.4 -2.4 66.373
-6.4 6.4 8.8012
7.2 -7.6 -8.077
7.2 -6.8 1.779
-5.2 -9.6 -37.124
-1.2 2.4 -15.641
-1.6 6.4 -20.577
1.2 -6.4 -34.66
-4.8 -2.8 20.048
5.6 -9.2 -40.114
4.4 6 -11.358
-7.6 3.2 49.26
-2 -0.4 -2.6598
-6 4 18.266
-0.8 -2.4 0.41528
10 -9.2 9.8137
-4.4 -4.4 6.5632
9.6 7.2 41.886
-1.6 1.2 3.2
-6 -3.6 19.961
-1.2 -8 -46.104
5.2 -2 13.609
4.4 9.6 -63.214
2.8 -8 -46.37
8 -1.6 42.035
-6 -2.8 33.194
-4.8 4 11.727
-0.8 4.4 -13.56
-6.8 6 13.269
-7.6 4.8 44.145
-4 2.4 11.506
8.4 -6.8 14.768
-0.4 7.6 -44.06
8.4 2.4 52.889
-6.8 7.6 -5.4505
9.6 -6 35.319
-0.4 4.8 -15.514
1.2 -8 -54.285
-9.2 -8.4 25.775
6.8 -2.8 34.6
-5.6 -2.8 31.748
-6.8 5.2 20.772
2.4 1.7764e-015 6.9466
-4.8 -8 -23.64
2.8 -2.8 3.0619
4.8 2 18.881
-4.4 -2.4 12.059
-6.4 -9.6 -17.493
9.6 3.6 67.426
9.2 7.2 32.413
0.8 -6.4 -29.208
3.6 1.6 7.6759
2.8 -2.4 -4.2487
-6.4 -8 5.6155
-2.8 -2.8 5.6028
8.4 7.2 24.398
5.6 -0.8 15.71
1.6 10 -78.308
-0.8 -6.4 -27.124
-6.8 -1.2 40.362
5.6 -2.4 13.989
-0.8 -9.2 -63.53
1.6 4 -2.7732
-4 7.6 -27.887
-8 -8 24.309
7.6 8 -7.2267
8.4 9.2 -15.475
2.4 -9.2 -64.865
0.4 -5.6 -31.105
-7.6 -7.6 13.819
6.8 1.6 34.9
10 8.8 21.523
2 10 -76.237
8.8 -6.8 18.377
8.4 8.8 -3.48
9.6 -2 73.683
2.4 -5.6 -25.245
-2.4 -9.2 -53.706
0.8 -8 -50.315
-9.6 -0.4 92.324
-0.8 -0.4 1.4889
-8.4 9.6 -17.797
4 -2.4 10.721
3.6 8 -39.554
-9.2 2.8 71.54
2.8 -0.8 8.1836
8.8 -9.6 -17.355
7.2 8.4 -8.3427
4.8 -7.6 -35.159
9.2 -6.4 31.526
3.6 -8 -40.867
-0.8 -2.8 -0.21588
9.6 4.8 58.176
-8.8 -6.8 52.46
8.4 6.4 25.325
-4.8 1.7764e-015 27.578
-9.6 0.4 87.024
0.4 6.8 -34.195
-8.8 -8 26.16
8.8 7.6 27.948
4.8 2.8 11.397
4 -3.2 1.1805
-1.2 -6.4 -20.458
-7.2 -5.2 30.948
-8 2 50.828
2.4 -2.8 4.8707
8 -6 6.5768
5.6 -8.8 -40.184
2 -2.8 -2.6768
5.2 -3.2 11.664
6.4 -1.6 35.856
-1.6 2.4 1.7122
-7.6 -9.6 -25.729
1.7764e-015 1.7764e-015 5.824
10 -3.6 62.691
7.6 6.8 9.1552
-4.4 0.4 18.014
-8.4 0.4 61.064
9.2 8.4 31.645
3.6 3.2 1.8365
-6.8 -2 53.88
7.6 -4.8 21.502
-0.8 -5.6 -26.416
9.2 -9.6 -14.152
1.7764e-015 2.8 3.5078
-4 -0.4 22.072
-7.6 8 -6.1206
4 5.2 -6.9933
1.7764e-015 -3.6 -4.5106
9.2 8 22.157
9.6 -7.6 24.938
2 -1.2 -1.3327
-6 5.6 13.196
4.4 8.8 -37.218
-0.8 8 -41.669
-3.2 8.4 -43.115
5.2 -8 -30.935
-4.8 5.6 3.169
2.8 4 -1.7161
-6.4 10 -48.146
-8.4 3.6 58.553
-4.8 -5.2 4.5006
-6 4.4 11.487
2.4 -7.6 -46.603
-7.2 -1.2 51.736
9.6 1.6 67.908
-0.8 1.6 -8.021
-3.2 -8.8 -46.964
-4 -4.8 9.6288
-1.2 -8.8 -54.646
5.6 6 -8.2092
3.6 7.6 -33.191
-8 -1.2 62.003
6.4 7.6 0.887
6 6.8 -8.2746
6.8 -7.6 -24.106
2.4 1.2 5.1055
4.8 -1.2 21.858
4 -9.6 -65.798
2.8 -7.6 -37.567
-4 -2.4 14.863
10 -2.8 75.969
-7.6 -0.8 55.764
5.2 -0.8 21.171
-2 -4.4 -11.632
-7.2 -0.4 50.112
-3.6 8.4 -43.85
6 0.4 24.821
5.2 0.8 25.356
-1.6 9.2 -64.761
1.7764e-015 -2.4 -6.0537
1.2 2.4 -3.4895
-5.2 5.2 0.19841
-9.6 5.6 59.252
-7.2 0.4 49.457
-1.6 4.8 -12.309
-2 4.8 -16.9
4 -8.8 -63.599
-9.2 -1.6 92.36
-1.2 -4.4 -18.982
0.8 -9.6 -72.763
-0.4 -8.8 -45.612
-4 -2.8 10.727
2.4 2.4 -6.3731
-2.8 -3.6 1.3409
-2 -9.2 -51.133
4 8.8 -37.321
1.7764e-015 -4 -11.681
8.4 6.8 24.981
1.7764e-015 5.2 -16.854
6 0.8 36.329
-6 2 34.276
2.4 -4 -12.412
-8 -5.6 49.892
-2 -6.8 -22.445
0.8 -5.2 -18.533
-6.4 1.2 37.023
-9.2 0.8 77.067
0.8 -3.2 -8.8081
-3.6 -2.4 4.013
-4 -8.8 -35.878
3.2 8.8 -52.761
7.2 -9.6 -38.025
-8.8 -4.4 60.778
-0.8 2 -0.61911
9.2 2.8 56.957
1.2 2 -15.917
-5.6 -3.2 26.462
0.4 -4.8 -29.924
-2 -1.2 -0.079263
0.4 5.6 -29.408
4.4 -4.8 -0.18331
8.8 8 20.511
2.8 -1.6 2.656
2.4 6.8 -21.976
-0.8 5.2 -25.055
-2.8 4.4 -12.375
-0.4 2 -1.7717
5.2 -1.2 7.0717
0.4 8 -49.131
-8.4 7.6 11.462
8.8 -3.6 39.725
-4.4 5.6 -2.9976
5.2 9.2 -39.825
-5.6 1.7764e-015 19.22
0.4 -1.2 -3.0002
-8.4 -8 35.465
-4.8 -4 23.689
6.4 0.8 30.68
-1.6 -2.8 0.91608
5.6 1.6 14.709
-0.4 -1.6 -0.13635
8.4 -2.4 50.308
-2 -4 -8.419
-2.4 -1.6 8.5503
-0.8 -6.8 -31.459
1.6 6.8 -42.539
5.2 8 -16.459
-4 -0.8 16.203
-8 8 0.15028
-4 0.8 19.093
4.4 -6.8 -32.313
-5.2 4 11.125
-7.2 -6 24.485
4.8 1.2 8.527
6.4 -3.2 20.053
-2.8 -9.2 -51.592
-4.4 3.6 -2.9292
7.6 6 26.806
-6 -0.4 43.956
4.8 -2.4 11.043
2 8.4 -48.915
-3.6 4.4 -0.48988
3.6 10 -66.02
-4.8 8 -26.247
8.8 -9.2 -11.421
5.2 10 -62.955
-5.2 9.2 -43.721
-6 -3.2 29.52
1.7764e-015 -7.6 -43.569
-7.6 -2.4 72.048
-7.2 8.4 -15.206
-6 -9.2 -16.832
-7.2 -2 42.747
3.6 1.2 11.388
4.8 8.4 -43.992
1.6 -6 -36.538
-9.6 4.8 54.549
-7.2 6 20.904
-5.6 -5.6 11.328
8.8 2 55.191
6 -2.4 28.88
-9.2 6.8 39.227
2 -6.8 -32.858
8 0.8 51.139
-5.2 0.8 29.347
-2 1.2 5.4074
7.6 -0.4 37.777
3.2 7.2 -33.387
5.6 2 17.065
3.6 -3.6 6.3232
-8 -0.8 61.493
-2.4 2 3.9958
-5.2 -3.6 20.366
4.4 -5.6 -13.036
-1.6 5.6 -28.4
-8.4 4 50.22
9.6 -2.4 65.715
1.7764e-015 0.4 1.4479
-5.2 8.4 -36.081
-6.8 1.7764e-015 50.999
5.2 4.4 12.278
-0.4 -4 -10.764
-6.8 4.8 22.2
3.2 5.2 2.5492
-2.8 -6.4 -20.375
7.2 -2.8 23.692
-4.8 3.2 22.446
-8 2.4 54.054
-4.8 -6.8 -7.1359
6.4 -8.8 -37.917
-7.2 -6.8 26.729
-4.4 -7.6 -26.945
-0.8 -1.2 -3.7436
9.6 6.4 49.821
-8.8 -3.6 68.567
4.4 10 -60.544
8.4 8.4 9.7753
8 6.8 11.184
9.2 1.7764e-015 79.951
5.6 10 -48.683
-4 -9.6 -49.087
-9.2 7.6 31.8
9.6 -7.2 31.929
3.2 9.6 -66.301
-8 -6.8 42.112
10 -8.8 18.613
4 6.8 -22.711
9.2 6 41.021
-4.8 -9.6 -47.511
0.4 4 -15.999
-9.2 1.6 86.95
3.6 6.4 -13.892
1.6 5.2 -21.536
-2.4 2.8 -0.76315
-4 -7.6 -19.927
-2.8 8.4 -43.882
1.2 9.2 -59.457
-8.4 8.4 13.963
10 5.6 67.541
-6.8 4.4 29.515
3.6 2.4 5.1981
-1.2 6 -24.766
5.2 1.7764e-015 21.942
7.2 -8 -16.418
2.8 9.2 -65.317
1.2 -4 -12.163
-4.8 7.2 -27.148
9.2 6.4 39.765
-6.8 2.4 47.713
3.6 4.4 -3.9532
6 -4 12.729
4.4 2 10.678
-4.4 6.8 -12.94
-6.8 3.2 43.441
-3.6 6.8 -23.728
-6.8 -9.2 -9.398
-7.6 -8 16.228
-0.8 6.4 -32.52
-4.8 -4.8 7.5069
1.2 8.4 -53.949
-0.4 4.4 -12.515
-6.8 -3.6 34.434
-1.2 3.2 -5.0735
-8 1.7764e-015 60.343
-2.4 5.6 -21.52
4.4 2.8 6.8185
0.8 0.4 2.6952
-8.4 -7.2 33.402
4.4 -1.2 1.1293
8.4 -5.2 29.865
-7.6 -3.6 37.233
8.4 5.6 34.82
4.4 -2.8 4.0909
-7.6 1.7764e-015 54.598
4 6 -1.8814
6.4 3.2 24.821
7.6 5.6 25.494
-8 8.8 -13.231
10 -6.4 42.631
-1.6 -6.8 -35.461
-6 -8.8 -32.799
8.8 -6.4 18.297
-8.8 8 26.156
-7.6 7.2 9.5303
6.4 -9.2 -37.885
-8.4 4.8 52.945
10 8 42.97
3.6 5.6 -17.985
5.2 -6 -8.8891
-4.4 -3.2 14.902
6.8 -1.6 38.927
6.4 -8.4 -42.46
-4.8 -4.4 20.212
-1.2 2.8 0.49869
1.6 -2.4 -3.2635
6.4 -2.8 17.694
2.8 -8.8 -56.552
3.6 -7.6 -39.575
2.8 4.8 -5.3948
1.7764e-015 -9.2 -61.892
8.8 -7.2 21.912
1.6 -1.2 5.4904
-5.6 -9.6 -34.695
-6.4 0.8 30.498
-8 8.4 4.8601
-5.6 -6.4 15.931
1.2 3.6 -0.76449
4.8 -8.4 -42.425
-7.2 -7.6 2.2313
-6.4 6 21.039
7.2 -8.4 -20.267
2 -4 -12.75
-2.4 -0.8 -0.30559
0.8 2.8 -9.8271
1.2 2.8 -0.36131
7.2 7.6 5.0582
9.2 6.8 29.623
-0.4 5.6 -26.284
-2.4 -3.2 0.029059
8 1.7764e-015 49.809
3.2 -7.6 -43.279
6.8 5.6 20.67
1.7764e-015 1.6 2.8745
2.8 9.6 -62.487
-6.8 -1.6 46.931
4 1.7764e-015 20.165
-2.4 8.8 -54.057
-3.2 4.4 -0.31161
9.6 -8 13.818
-4.8 6.8 -12.632
2.4 4.8 -19.163
-6 1.6 35.658
-6 4.8 16.226
8 -1.2 51.357
7.6 -9.6 -32.387
9.2 2 66.343
3.6 -6.4 -39.887
