10 -7.2 31.283
0.8 -8.4 -55.266
8 -5.2 26.692
-2 3.2 -0.26118
4.8 3.6 15.962
-8.4 -5.2 56.149
5.2 -8.4 -42.929
-0.4 3.6 -4.2799
-1.2 5.6 -26.963
5.2 -3.6 2.4422
3.6 -0.8 5.1603
7.2 5.2 26.392
-7.2 6.8 3.3645
-2 -2.4 1.6849
-2.8 0.4 2.9433
3.2 -7.2 -46.535
-0.4 0.4 -0.21692
6.4 2.8 32.751
2.4 7.6 -44.887
-2 -5.2 -14.86
-8.8 -2.4 68.579
-4.8 2.4 14.555
-7.6 1.6 48.257
-4.4 -3.6 17.633
7.6 4 36.539
-8 10 -23.963
1.7764e-015 4.8 -19.081
-3.2 -6 -11.08
-1.2 -3.6 -12.056
8.8 4.4 51.315
6.8 -0.8 36.924
1.7764e-015 8.8 -71.121
4 -8.4 -42.411
-5.6 -4.8 13.789
-7.2 4.4 37.289
-3.6 -3.2 5.5406
-0.4 -1.2 5.6875
-2 6 -23.288
6.8 2.8 32.29
1.7764e-015 8 -50.809
-8.4 6 41.744
-7.2 1.2 53.117
-0.4 7.2 -45.712
-3.6 -2.8 4.9076
-6.4 5.6 12.226
2 2 3.1156
6.4 6 7.9952
9.6 -4.8 46.242
4 3.6 7.527
-2.4 0.8 1.098
6 4.8 12.243
-0.8 -5.2 -19.846
-3.6 2 3.2819
1.2 -8.4 -57.49
1.6 1.2 -2.9734
2.4 -1.6 -8.333
7.6 -8.8 -21.001
4.4 0.4 19.875
5.6 7.6 -11.292
-5.6 2.4 27.456
7.2 1.2 44.292
0.4 -1.6 -12.338
8.8 10 -19.348
3.2 -4.8 -12.136
-2 -7.2 -40.072
-2.4 1.6 8.9285
-1.6 -4 -10.751
1.7764e-015 2.4 2.9846
1.6 2.8 -6.1997
7.2 2 51.102
0.4 -9.2 -70.427
-1.2 -1.6 7.177
9.6 0.4 78.856
5.2 -9.6 -49.442
-8 -4 44.673
-4.8 8.8 -43.134
-2 1.7764e-015 7.402
5.6 5.6 1.5463
-4 9.6 -62.675
5.6 1.2 29.399
-0.4 1.6 7.532
3.2 2.4 1.5463
-1.6 -3.6 -5.0095
-3.6 -4.4 -2.449
1.6 -2.8 1.0755
6.8 -8.4 -27.062
7.2 6 16.198
0.8 -8.8 -60.106
2.8 2.4 2.7706
2.4 -4.4 -8.7952
4 -2 4.5225
-5.2 -8.8 -26.436
-1.2 4 1.7214
-3.6 0.8 10.674
-9.2 -8 44.399
6.4 -9.6 -44.368
-5.6 0.8 32.94
-1.6 -0.4 8.6953
10 5.2 58.281
0.8 -2 -3.7227
-4.8 2 14.598
-3.2 10 -84.994
-2 -4.8 -12.552
6 -4.8 6.1353
-8.4 1.6 56.432
7.2 -4.4 15.371
7.2 -5.2 17.796
-8.8 1.7764e-015 75.239
-6 -5.2 17.562
-3.6 4 3.7953
-2.8 1.7764e-015 16.351
-3.6 -4.8 -9.7135
7.2 -2 37.158
-2 -3.2 -2.7928
3.6 -2.8 4.8481
5.6 -0.4 25.67
4.8 -6.4 -3.9017
5.2 -0.4 26.563
4.4 1.2 20.87
-6.4 -0.8 31.845
-4.4 10 -59.03
-5.2 -8.4 -31.228
6.8 -5.6 11.708
-7.6 -6.4 36.04
-5.2 -2 26.616
2 1.7764e-015 6.7604
3.2 6.8 -19.212
1.2 1.6 -8.0533
-5.2 0.4 27.686
1.7764e-015 9.6 -68.403
6.8 3.2 33.016
9.6 -6.8 24.083
8.4 -1.2 56.653
4.4 -5.2 -4.1867
-0.8 -3.2 3.19
-2.8 -1.2 9.5067
9.6 -1.6 57.687
-3.6 8.8 -44.755
5.2 -8.8 -44.55
4 -8 -36.393
-4 4.8 -0.42157
8.4 8 11.468
-4 2 12.519
-4.8 2.8 15.606
-7.2 -8.4 1.063
-6.8 8.4 -20.69
2.8 5.2 -17.882
-4.8 9.6 -61.726
-7.6 2 48.315
8.4 4.4 51.38
0.4 10 -73.156
2 1.2 6.9407
-3.2 -5.6 -0.31917
1.6 2 -3.726
7.2 10 -37.687
-4.4 2 24.163
-1.2 -6 -29.576
2 4.4 -15.246
-4.4 9.6 -57.72
-9.2 1.2 83.662
-9.6 1.2 82.383
-9.2 -2 84.1
4.8 6.4 -12.303
4.8 -0.4 21.763
10 6.8 45.498
-7.6 7.6 0.57931
4.4 -7.2 -27.32
-8.8 6 34.493
1.7764e-015 -8.4 -56.502
-2 7.6 -38.007
1.7764e-015 10 -74.167
4 1.2 15.411
5.2 5.2 13.321
-6.4 -3.2 37.315
-8.4 2.4 66.736
6.8 -8.8 -28.544
3.2 -2.4 5.8798
-9.2 -9.6 12.712
6 -5.2 0.72967
2 4 -10.662
-5.6 -6.8 -4.5666
7.6 -4 23.879
8.8 -5.6 36.693
9.6 2 72.837
-8.8 -1.2 82.435
-2.4 2.4 12.027
-3.6 -2 12.346
1.6 -9.6 -72.252
-4 -4 22.183
-8.8 9.6 -14.514
-2.8 -4.8 3.9225
2.8 6.8 -29.108
2.8 6.4 -18.136
-7.6 -3.2 47.099
-6.4 8 -18.127
-7.2 10 -34.558
-1.6 8.4 -58.122
-2 2.8 4.3742
-8.8 2.8 75.545
-4 3.2 6.774
-6.4 -7.6 7.0251
8.4 -3.6 37.536
-6.4 3.6 32.569
8.4 6 33.391
-6.8 -6.4 15.688
-6.4 -5.6 17.313
4 -4.8 -5.9936
-4.8 -3.6 12.576
7.2 -4 17.051
5.2 6.4 -15.338
0.4 -3.6 -0.89637
-9.6 -6 66.451
-1.6 -2 4.5539
8.4 4.8 44.055
-4.4 1.2 25.457
-0.8 2.4 4.6772
8.8 -4 49.769
5.6 3.6 18.457
4 6.4 -22.577
8.4 1.6 52.158
-8 -1.6 61.366
-6.8 1.2 42.37
-6.4 -1.6 46.198
-3.6 -6.4 -10.779
3.6 -0.4 11.036
-6.8 -7.6 0.25251
0.4 -5.2 -17.843
8 6 33.063
-4.4 1.7764e-015 25.218
6 2.8 20.368
-7.2 -2.4 50.508
3.6 2 4.4406
-5.6 -1.6 31.125
3.2 0.4 13.881
0.8 5.6 -26.496
-1.2 4.4 -9.2675
-5.6 -1.2 37.21
-9.6 4 77.62
3.6 1.7764e-015 15.69
-3.2 7.2 -36.157
5.6 4.4 12.626
6.8 6.8 10.571
-2.8 -0.4 13.653
-7.2 -8.8 -0.50941
9.6 5.2 59.267
3.6 6 -26.711
-5.2 -1.2 30.095
-0.4 -7.6 -40.685
-8 3.2 45.868
-5.6 -0.8 27.685
-1.6 0.8 -2.6759
9.6 6 46.403
-6.8 6.8 5.8096
10 -6.8 35.372
-2.4 -5.2 -6.7317
4 -6.4 -18.957
-2.8 3.6 -3.4856
-9.2 -1.2 86.218
5.6 -2.8 2.0406
-6 9.2 -38.375
-9.2 -3.2 79.001
-1.6 0.4 0.62333
6.8 -4.4 11.93
-7.2 -9.2 -2.0641
0.4 0.8 4.8007
0.4 -6.4 -34.587
-4.4 -7.2 -17.704
2 6 -22.868
6.4 2 26.729
-0.4 -5.2 -27.239
-8 9.2 -19.989
-1.2 2 -2.0579
4.4 8 -35.164
-4.4 -4.8 -2.7054
3.6 -9.6 -62.202
0.4 0.4 -1.3477
3.2 1.7764e-015 5.6064
-5.2 10 -53.836
4.4 4.8 -4.0882
-4 8.4 -44.114
-6 6 4.1101
-3.2 3.2 -2.1966
-3.6 1.2 5.362
7.6 6.4 15.65
6 3.6 18.656
1.2 -1.6 -0.83097
-6.4 -8.4 -14.426
2.4 7.2 -36.762
5.2 -2.4 15.38
7.6 -3.6 37.032
9.6 -8.8 6.8572
-9.6 10 -0.92159
5.6 -6.8 -16.242
8.4 2.8 55.933
9.2 -4.4 44.949
-2.4 -4 -3.4739
2 -2 -9.6259
8.8 -5.2 34.558
9.2 0.4 58.555
-0.8 3.6 -11.637
1.2 8.8 -53.562
6.8 8 -17.043
4.4 6.4 -19.346
-1.6 -2.4 1.5733
-2.4 -9.6 -56.785
0.4 -6.8 -33.264
5.6 -6 -10.283
-7.2 3.2 43.044
-3.2 -4.4 -1.7074
6 8.4 -23.407
7.2 1.7764e-015 38.494
1.7764e-015 7.2 -42.362
1.2 3.2 -12.653
-0.4 8 -49.433
3.2 -5.6 -25.4
2.4 4 -11.799
-6.8 -2.8 38.454
4.8 6 -9.9576
4.8 -4.4 -9.0414
7.6 -2 39.352
1.6 -4.8 -8.3421
3.6 -2 0.85625
-9.6 -3.2 82.476
9.6 -2.8 64.572
5.2 -4.8 -0.6333
-1.2 7.2 -32.064
3.2 -4.4 -11.59
5.6 -1.6 23.062
7.6 0.4 36.928
6.8 4 25.965
-5.6 5.2 1.2679
-4.4 9.2 -38.919
-9.2 -0.4 83.176
-3.6 9.6 -63.881
2.4 -7.2 -41.937
-6 -8.4 -20.431
-4.8 -0.8 19.099
0.8 1.2 -8.2774
7.2 -0.4 37.352
8 -6.4 4.8543
4.8 -1.6 17.998
-4.4 -8 -17.956
-9.2 4.4 54.154
-0.8 8.4 -61.052
6.8 0.8 29.683
-2.8 5.2 -7.043
-2.4 -2.4 6.8275
-6 -6.4 15.475
-9.2 -8.8 38.607
-2.8 -8.8 -45.267
-1.2 1.6 2.8651
1.6 5.6 -17.574
-4 -2 16.506
-3.2 -7.2 -22.555
-1.2 6.4 -35.924
-6.8 2 28.068
3.6 8.4 -43.135
8.8 -4.8 34.431
-8.8 -8.8 26.256
-9.2 4 65.343
-6 9.6 -44.369
7.2 7.2 3.4542
3.2 -9.2 -67.75
-0.8 -7.2 -42.782
-8 -5.2 43.931
-8.4 -4.4 55.032
-2 -7.6 -35.342
-2.4 4.4 -25.209
10 -5.2 54.802
2 -2.4 -2.0638
8 -3.6 40.705
-9.2 -5.2 68.869
2 6.4 -27.768
-7.6 3.6 39.01
-8.4 -2 73.757
1.2 -0.8 1.9246
9.2 2.4 59.65
-3.6 1.7764e-015 15.012
-8.4 0.8 61.272
8.8 3.2 45.186
-2.8 -2.4 3.0009
8.8 -6 28.879
-9.6 -4.8 73.861
2.8 -4.4 -10.426
-6.8 -0.8 60.465
6 4 24.448
1.7764e-015 -2 1.0835
0.4 6 -21.81
-2.8 0.8 7.2082
-0.8 6.8 -27.656
-5.6 -5.2 16.718
-2.4 3.6 1.9422
-8.8 0.4 68.278
-6.8 9.6 -39.3
10 -1.6 82.048
-9.6 9.6 8.3412
8.8 8.4 11.628
-3.2 -6.4 -23.403
-5.2 -8 -21.339
3.2 -3.6 -0.43338
-0.8 -9.6 -74.491
10 -0.4 72.382
-6.8 8.8 -16.845
0.4 -8.8 -53.405
-8.4 1.7764e-015 70.609
-5.6 -4 23.94
-4.8 6 -10.356
-3.6 3.6 -2.5938
-8.4 -4 55.791
2 3.6 3.3972
8.4 -5.6 14.491
8.4 -2 60.374
-5.2 -5.6 11.752
3.6 -6.8 -25.662
-3.6 1.6 10.274
0.4 3.6 -11.57
2.4 -0.8 -5.6779
-6 -6.8 0.75795
0.4 1.7764e-015 -7.0644
-8.4 6.4 31.846
-9.2 7.2 37.301
8.4 -4 30.209
-4.4 8 -31.1
-7.2 2 49.135
6 -0.4 24.996
6 1.6 20.478
1.6 -9.2 -72.681
-2 4 -6.6716
2.4 0.4 -1.9186
-1.6 -1.6 9.7758
1.2 -6.8 -32.069
-9.2 1.7764e-015 81.644
-3.6 -6.8 -12.473
-4 10 -67.979
-2.4 8 -47.268
3.6 -8.4 -52.225
-6 7.2 -11.599
-4 -8.4 -20.638
-4.4 2.8 13.593
5.2 8.8 -37.813
2.8 8.4 -39.335
-8.8 -2.8 74.368
3.6 -1.6 2.6334
7.6 9.6 -24.427
-9.6 -2.4 90.314
-5.2 4.4 4.4838
10 6 55.033
-2 -6 -12.892
-7.6 10 -30.001
8.8 8.8 3.0542
2 3.2 -6.9838
-8.4 -3.6 53.49
-2.4 -1.2 5.9071
-7.6 8.4 -17.536
-1.6 -8.8 -52.528
-4 1.6 6.3223
9.6 3.2 65.727
8.8 -0.4 62.038
3.2 -6.8 -31.411
6 8.8 -18.552
3.6 -4 -13.758
9.6 -1.2 75.411
1.2 6 -22.824
-9.6 -2 94.588
2 -1.6 6.6356
-7.2 -0.8 45.892
4 1.6 5.3035
-2.8 -1.6 3.2146
6 -3.2 12.801
-7.6 6 21.256
7.2 -9.2 -38.322
9.6 -8.4 18.765
-3.6 5.2 -1.2905
-8.4 -8.8 21.215
-5.6 2 32.166
7.2 -6 10.089
-7.2 -9.6 -19.014
3.6 -5.6 -23.325
-8.8 2.4 68.35
6.4 10 -42.169
-4.4 -6 -12.793
-2.4 -7.2 -34.703
-4 5.6 -20.519
8 -0.8 46.706
-9.6 -3.6 84.577
8 2 42.232
1.2 7.6 -31.866
-6.4 -9.2 -24.041
7.2 0.8 44.53
-7.2 2.8 49.058
8 5.6 27.764
-2.4 4.8 -16.448
-7.2 -7.2 6.5047
-8.8 2 74.685
-6 0.8 33.117
-2 0.4 12.896
-8.4 -6 39.649
-4.8 4.4 6.2638
-6 3.6 31.657
-6 -5.6 24.971
8 -7.2 3.0608
-5.6 -2.4 28.839
-2 8.8 -42.078
9.2 1.6 62.908
-9.6 2.8 75.196
-7.2 3.6 32.893
9.2 -9.2 -11.527
-3.2 4 11.434
10 -2.4 68.807
9.2 -1.2 60.099
-8.4 -4.8 50.194
6.4 6.8 1.7112
-8 -6.4 35.815
8 9.2 -2.4142
-0.8 -7.6 -42.428
0.8 3.6 -6.5461
1.2 10 -75.686
1.6 1.6 0.84283
-8 -8.4 12.72
8 7.2 21.281
6.8 -5.2 7.3324
6 -8.8 -43.985
-5.2 1.7764e-015 20.169
6.8 6 3.8818
7.2 2.8 43.2
-9.6 6.4 53.897
3.6 9.6 -55.482
-2 -5.6 0.10977
-9.2 6.4 53.033
1.6 4.8 -18.031
7.6 4.8 33.698
9.2 4.8 52.38
-9.2 -6.4 62.004
8 -8.4 2.6116
-1.2 -9.2 -62.327
1.7764e-015 2 -7.4077
6.4 4.8 13.67
9.6 8.4 20.744
-1.6 -8 -41.798
0.8 6.8 -33.955
-3.2 7.6 -31.796
6.8 -9.2 -37.094
-2.8 2.8 -2.1591
-5.2 -6.8 -11.065
8.4 -2.8 42.309
-1.6 -4.4 -7.7879
-2 3.6 -20.282
2 -4.4 -17.648
-5.2 -7.6 -17.066
-2.4 -4.8 -11.319
-4 4.4 0.3982
-6 6.4 -1.208
-9.6 -9.6 34.814
-4 -6.4 -16.327
1.6 -1.6 -0.081952
1.6 4.4 -11.879
7.6 -6.8 -0.85876
3.6 -6 -24.562
5.2 2.8 10.606
2.4 5.2 -17.647
-4 5.2 -4.9453
6 6 3.5326
-6 -1.2 39.723
-2.4 -6.4 -22.377
-2 0.8 -0.058491
0.4 2.8 -6.9482
-7.6 -4.4 55.552
-4.8 0.8 24.446
8 -2.8 42.778
-9.6 3.2 78.086
6.4 8.8 -15.637
-9.6 6 49.236
1.2 -9.6 -62.283
-8.8 1.6 84.289
3.6 -8.8 -51.853
10 4.8 68.913
2 -5.6 -23.179
-7.2 8.8 -19.763
10 9.6 13.223
7.2 3.6 32.487
6.4 -7.2 -16.101
3.2 -0.8 11.24
1.2 -3.6 -14.461
7.2 -7.2 -4.0065
3.2 6.4 -26.42
4.4 -2.4 3.02
-4.8 8.4 -40.257
1.7764e-015 6.4 -39.679
-8.8 7.2 26.086
2.8 10 -71.413
-6 7.6 -15.181
-8.4 6.8 20.803
-4 -1.6 22.162
-0.4 -8.4 -52.818
-4.4 -6.8 -7.5371
4.8 -3.6 3.0557
3.6 0.4 4.6994
-3.2 8 -35.718
3.2 0.8 10.092
9.6 -3.6 61.452
-9.6 -8 40.39
1.7764e-015 -8 -47.63
2 0.8 3.4678
-8.8 -1.6 81.328
3.2 -9.6 -67.8
10 2.8 75.089
-0.8 0.4 -5.3944
-2.4 9.2 -56.748
7.6 10 -26.254
-9.6 -6.8 59.032
0.4 -2 -1.5491
7.6 5.2 33.406
6.8 -9.6 -51.911
-4.4 -2.8 16.498
9.6 -9.2 -2.3731
5.2 -6.8 -20.767
-5.6 -3.6 20.051
-1.6 -3.2 6.2675
1.2 -9.2 -57.378
-5.2 2.8 24.206
8.8 6.8 41.44
-3.2 4.8 -5.3793
-5.2 -4 13.945
10 -2 74.609
-2 5.2 -16.01
0.4 9.2 -64.43
-9.2 8.4 15.522
-1.6 -6.4 -25.448
-8 4 35.578
-6.8 2.8 43.108
-5.6 9.2 -41.555
-8.8 -4.8 72.953
-2.8 -8.4 -44.571
-8.4 -9.6 -1.14
4.4 5.2 -3.6496
7.6 -2.4 31.936
7.2 -6.4 3.3922
-0.4 5.2 -21.765
7.6 2 40.322
1.6 -8.4 -50.62
-5.2 8 -27.203
4.4 4 1.8396
1.7764e-015 -0.8 -1.1519
-4.4 -0.4 17.255
-5.2 1.2 32.282
1.7764e-015 -6 -32.321
-6.4 -4.4 26.668
6.8 -3.2 20.313
2.4 10 -76.946
5.2 0.4 12.854
6.8 5.2 31.915
-1.2 -1.2 -0.30506
9.2 -8.8 -1.5191
2.4 -6.4 -31.714
2.8 4.4 -6.0882
8.8 2.8 60.982
1.7764e-015 -1.2 -2.8291
3.2 -8.8 -53.034
-4.4 -8.4 -25.955
0.8 -6 -30.095
-8 -3.2 50.517
-7.2 -4 36.652
-0.8 10 -83.73
-6 -1.6 35.937
-8.4 1.2 70.473
8.8 5.6 49.732
8 -6.8 12.048
0.8 1.6 4.1878
-9.2 5.2 57.606
-0.8 -0.8 -3.1698
-6 -7.2 -5.1359
0.8 -9.2 -69.172
10 -8.4 15.135
8 -2.4 44.993
-4 -5.2 -17.087
3.2 -4 -8.7727
-7.6 -5.6 39.29
-0.8 8.8 -63.013
4.4 -9.2 -57.094
6.4 -6.4 -5.9406
9.2 -6.8 20.986
-7.2 -8 14.571
-3.6 9.2 -58.842
-6.8 6.4 6.022
5.2 1.2 16.213
6 7.6 -14.129
-5.2 6.4 -8.1026
-1.2 -0.8 0.74852
-9.6 0.8 92.63
7.6 2.4 47.575
-0.4 -0.4 -2.3634
8.8 -8 2.9142
-0.8 9.6 -65.985
5.2 8.4 -32.332
-2.8 -5.2 -6.8734
8.4 -9.6 -31.957
8.4 3.6 43.499
4 2.8 15.138
0.4 2 -4.1709
-4.4 8.4 -35.491
-3.2 6.8 -28.884
0.8 8 -54.232
2 -4.8 -23.903
-5.6 -8.4 -12.256
-2 6.4 -35.806
-5.6 8.4 -28.173
8.4 10 -11.577
10 -4.8 63.557
4.8 -5.2 -4.7998
-0.8 -1.6 1.806
5.2 -4.4 -3.2406
-6 0.4 43.451
2.8 -6.8 -40.827
3.6 0.8 5.6635
1.7764e-015 0.8 -11.753
-6.8 0.8 53.728
9.2 4 55.966
0.4 -9.6 -70.722
-9.6 -4 78.249
7.6 1.7764e-015 38.67
-9.6 -1.6 84.84
-5.2 5.6 0.67338
1.2 -2.4 -5.0416
4.4 -0.4 18.405
-6 -2.4 29.605
1.6 3.2 -8.1514
-0.4 -3.6 -6.406
2 -3.6 -11.565
1.6 -0.8 2.6317
-6 3.2 24.473
-2.4 1.2 7.0678
10 1.2 86.518
-6 -4.8 31.068
1.6 7.2 -29.699
7.6 -4.4 29.509
-0.4 6.4 -22.406
-2.8 2.4 7.6791
5.6 2.4 23.481
1.2 -8.8 -69.972
6.8 -4 15.807
4.8 9.6 -46.774
4.8 -7.2 -28.548
-1.2 -9.6 -58.641
10 6.4 50.986
6.4 4 25.836
-4 -5.6 -12.531
-4.4 7.6 -30.388
0.4 -7.6 -35.857
-8 4.4 40.802
3.6 -1.2 7.9147
-2.4 -8.8 -51.069
6.8 8.4 -16.44
5.6 -3.6 12.842
-9.2 -7.2 51.879
2 2.4 -0.26851
8 5.2 34.414
-2 7.2 -43.654
6 2 32.13
8.4 -8.4 -5.6482
-5.6 1.2 35.779
-6.8 -8.4 2.751
-8.4 -1.6 62.926
-6.4 0.4 38.269
-8.8 -0.4 69.467
-1.6 -1.2 2.9624
-4 1.7764e-015 22.014
-4 8 -26.276
7.6 -2.8 41.469
6 -6.4 -6.5293
0.8 6 -32.615
-8.4 -2.8 62.832
1.2 -7.6 -43.027
-8.8 -5.6 52.146
-3.2 -7.6 -33.397
6.4 -5.6 10.589
-0.8 1.2 0.76084
-8.8 4.8 50.909
3.2 -2.8 1.339
4.4 7.2 -25.916
-5.6 7.6 -26.862
1.6 7.6 -54.875
-9.6 7.6 34.155
-1.2 1.7764e-015 11.211
8.8 0.8 59.374
-2.4 6.8 -28.202
0.8 4.8 -17.199
-1.6 3.6 3.8676
1.7764e-015 -7.2 -39.73
0.4 -3.2 -14.443
-2.4 7.2 -37.249
-8.8 -7.2 42.188
-7.2 7.2 12.467
9.2 10 2.703
4 9.2 -63.954
-9.2 9.6 -0.68529
1.6 -3.6 -6.5992
-5.6 4.8 13.895
4 2 0.63148
-1.6 -4.8 -18.902
-9.6 1.7764e-015 85.969
8.4 -6.4 18.064
4.8 -9.2 -57.078
-7.2 -1.6 56.715
4.4 -8 -36.54
1.6 3.6 -2.8904
4 2.4 -4.6296
-8.4 -0.4 63.139
-3.2 3.6 -5.1606
-7.6 6.8 -1.6313
-1.6 7.2 -37.41
1.2 1.7764e-015 -3.3755
5.6 3.2 16.282
4 0.4 12
-0.8 -3.6 -15.675
-4.8 -7.2 -13.689
-0.4 -3.2 -8.4575
-8 -2 68.486
2.4 -6.8 -43.45
5.6 9.6 -44.132
10 7.6 49.245
5.6 -7.2 -22.884
-6.8 -2.4 37.743
3.2 4.8 -3.5765
1.6 -4.4 -13.24
0.4 8.4 -57.12
2.8 -0.4 -1.9333
-7.6 -0.4 58.226
10 -7.6 25.837
0.8 2.4 -9.2117
6.8 4.4 36.711
3.6 3.6 -4.8197
-6.8 7.2 3.4826
2.4 -4.8 -14.11
5.6 -5.2 -1.1014
-8 0.4 62.2
7.2 9.2 -22.115
-8.4 2.8 60.698
4.4 3.6 -5.2625
-2.8 8.8 -54.005
-6.4 -6 13.582
-5.6 -7.6 -5.2271
4.8 -0.8 22.36
-8.4 9.2 -2.1273
-6 -7.6 -6.6044
4 5.6 -5.1245
-6.4 9.6 -31.827
7.2 -8.8 -20.052
4.8 10 -60.455
9.2 -0.4 63.111
6 -6 0.77637
-0.8 4 -6.5921
1.6 -7.2 -37.846
-8 7.6 8.6224
-8.4 3.2 49.84
1.7764e-015 -4.8 -19.911
-2 2 12.044
-7.6 -2.8 56.169
2 -0.8 -0.40376
-6.4 -6.8 17.378
-5.2 1.6 24.544
-8 -6 34.575
4 9.6 -58.649
7.6 3.6 40.921
-0.4 2.8 -6.4653
2.8 -5.2 -17.135
-6 1.2 34.185
-7.2 1.7764e-015 52.618
-0.8 -4 -11.415
9.6 -4.4 60.861
8 -2 40.126
-0.8 1.7764e-015 1.1104
5.2 6.8 -16.735
7.6 8.8 -12.801
6.4 -6.8 -0.71311
-2.8 1.2 8.5843
-4.4 3.2 23.886
-6.8 -7.2 9.6688
4 0.8 15.081
5.6 -1.2 25.7
-3.6 7.6 -36.628
5.6 0.8 22.462
0.4 -2.8 -11.152
-6.8 8 -7.9428
-4.4 -2 10.778
4.4 -6 -21.499
-4.8 -1.2 17.05
-9.6 2.4 88.066
2.4 -3.6 -9.8515
8 8 0.49001
3.2 4.4 -3.1635
-8.8 10 -22.204
2.4 8.8 -58.612
-9.6 -7.6 49.077
-5.2 -6 3.1478
-1.2 -6.8 -31.505
8.4 -3.2 50.096
-2.4 -0.4 14.189
-8 -2.4 59.966
10 -9.6 11.282
7.6 7.6 7.3754
-6.4 9.2 -34.912
-4.8 10 -63.297
3.2 10 -73.434
2.4 2 2.9759
-4.8 1.2 24.809
8.4 1.2 47.616
0.8 -2.8 -6.8052
-8.8 1.2 72.944
8.8 -4.4 36.015
8 8.8 -6.5677
0.4 7.6 -40.07
4.8 -6 -20.129
3.2 1.2 -10.49
-0.4 -6 -31.681
7.2 6.8 8.5041
2.8 -4 -9.4162
7.2 -3.2 32.826
-8.8 8.4 6.9435
5.6 -7.6 -23.275
-6.8 -4 30.74
6.8 7.2 -7.8825
7.6 -0.8 44.868
-1.6 2.8 -17.199
2.4 -9.6 -66.839
-9.6 6.8 38.518
6.8 -6.4 -11.196
-4 3.6 12.538
-8 -3.6 55.036
6 5.2 4.6277
4.8 -8.8 -48.957
7.6 -7.6 -3.5708
6.8 1.2 30.776
4.4 -4.4 -3.3166
4.4 -8.8 -54.672
8.8 7.2 31.408
-8.8 0.8 65.907
-2 9.2 -58.198
1.2 -3.2 -4.1738
7.6 7.2 18.477
2.8 -4.8 -14.399
9.2 5.6 43.992
8.8 4 50.506
0.4 1.2 4.2529
-8.4 -5.6 49.983
-9.2 3.6 70.478
-9.6 2 75.044
-0.4 -5.6 -28.851
-2.4 1.7764e-015 11.87
7.2 1.6 38.413
4 -4 -6.2288
-8.8 -8.4 20.374
8 -8.8 -19.237
7.6 -1.6 46.282
-9.2 -4.8 65.778
6.8 -1.2 46.642
7.2 6.4 14.748
3.2 -2 0.27088
-3.6 -9.6 -53.139
6.4 -4.4 18.241
-1.6 -5.6 -22.615
-6.8 -4.4 34.559
-3.6 -9.2 -41.412
1.7764e-015 1.2 7.1473
2 -8 -55.642
-5.2 -3.2 25.86
4.4 -0.8 12.823
-5.2 -0.8 31.655
-0.4 -2.4 6.1561
-9.2 6 48.208
-5.6 10 -51.699
-8 5.6 32.677
-8 5.2 35.773
0.8 4.4 -15.186
6 -0.8 22.974
-1.2 5.2 -24.257
-2 -8 -46.127
2 -7.6 -40.19
-6.4 1.6 32.384
-1.6 -7.2 -37.284
-8.4 -0.8 72.51
10 7.2 44.492
1.2 0.8 -6.0671
-1.2 3.6 -9.5614
-5.2 -2.8 27.699
9.2 0.8 68.504
-4.8 -0.4 15.858
-7.6 -8.4 12.559
-5.6 6 -1.8464
-1.6 -9.6 -74.133
-6.4 4 26.342
-8.8 9.2 -5.2375
-2 -2.8 4.0383
-4 0.4 20.634
-2.4 8.4 -44.006
-2.4 -5.6 -27.273
5.2 1.6 16.493
-2.4 -4.4 -5.4454
-1.2 8.8 -61.882
7.6 -6 18.02
2.4 8.4 -35.631
