10 -7.2 31.283
0.8 -8.4 -55.266
8 -5.2 26.692
-2 3.2 -0.26118
4.8 3.6 15.962
-8.4 -5.2 56.149
5.2 -8.4 -42.929
-0.4 3.6 -4.2799
-1.2 5.6 -26.963
5.2 -3.6 2.4422
3.6 -0.8 5.1603
7.2 5.2 26.392
-7.2 6.8 3.3645
-2 -2.4 1.6849
-2.8 0.4 2.9433
3.2 -7.2 -46.535
-0.4 0.4 -0.21692
6.4 2.8 32.751
2.4 7.6 -44.887
-2 -5.2 -14.86
-8.8 -2.4 68.579
-4.8 2.4 14.555
-7.6 1.6 48.257
-4.4 -3.6 17.633
7.6 4 36.539
-8 10 -23.963
1.7764e-015 4.8 -19.081
-3.2 -6 -11.08
-1.2 -3.6 -12.056
8.8 4.4 51.315
6.8 -0.8 36.924
1.7764e-015 8.8 -71.121
4 -8.4 -42.411
-5.6 -4.8 13.789
-7.2 4.4 37.289
-3.6 -3.2 5.5406
-0.4 -1.2 5.6875
-2 6 -23.288
6.8 2.8 32.29
1.7764e-015 8 -50.809
-8.4 6 41.744
-7.2 1.2 53.117
-0.4 7.2 -45.712
-3.6 -2.8 4.9076
-6.4 5.6 12.226
2 2 3.1156
6.4 6 7.9952
9.6 -4.8 46.242
4 3.6 7.527
-2.4 0.8 1.098
6 4.8 12.243
-0.8 -5.2 -19.846
-3.6 2 3.2819
1.2 -8.4 -57.49
1.6 1.2 -2.9734
2.4 -1.6 -8.333
7.6 -8.8 -21.001
4.4 0.4 19.875
5.6 7.6 -11.292
-5.6 2.4 27.456
7.2 1.2 44.292
0.4 -1.6 -12.338
8.8 10 -19.348
3.2 -4.8 -12.136
-2 -7.2 -40.072
-2.4 1.6 8.9285
-1.6 -4 -10.751
1.7764e-015 2.4 2.9846
1.6 2.8 -6.1997
7.2 2 51.102
0.4 -9.2 -70.427
-1.2 -1.6 7.177
9.6 0.4 78.856
5.2 -9.6 -49.442
-8 -4 44.673
-4.8 8.8 -43.134
-2 1.7764e-015 7.402
5.6 5.6 1.5463
-4 9.6 -62.675
5.6 1.2 29.399
-0.4 1.6 7.532
3.2 2.4 1.5463
-1.6 -3.6 -5.0095
-3.6 -4.4 -2.449
1.6 -2.8 1.0755
6.8 -8.4 -27.062
7.2 6 16.198
0.8 -8.8 -60.106
2.8 2.4 2.7706
2.4 -4.4 -8.7952
4 -2 4.5225
-5.2 -8.8 -26.436
-1.2 4 1.7214
-3.6 0.8 10.674
-9.2 -8 44.399
6.4 -9.6 -44.368
-5.6 0.8 32.94
-1.6 -0.4 8.6953
10 5.2 58.281
0.8 -2 -3.7227
