10 -7.2 84.653
0.8 -8.4 -40.659
8 -5.2 50.874
-2 3.2 -4.8004
4.8 3.6 9.2389
-8.4 -5.2 -1.9838
5.2 -8.4 6.9883
-0.4 3.6 1.8175
-1.2 5.6 -7.3924
5.2 -3.6 18.335
3.6 -0.8 4.3457
7.2 5.2 26.069
-7.2 6.8 40.439
-2 -2.4 -4.5953
-2.8 0.4 1.3643
3.2 -7.2 -15.952
-0.4 0.4 5.0413
6.4 2.8 18.582
2.4 7.6 -33.55
-2 -5.2 -19.704
-8.8 -2.4 40.166
-4.8 2.4 7.13
-7.6 1.6 48.421
-4.4 -3.6 3.3327
7.6 4 30.504
-8 10 20.774
1.7764e-015 4.8 -16.488
-3.2 -6 -27.426
-1.2 -3.6 -7.1649
8.8 4.4 50.563
6.8 -0.8 44.683
1.7764e-015 8.8 -26.189
4 -8.4 3.1276
-5.6 -4.8 0.20316
-7.2 4.4 46.337
-3.6 -3.2 -10.82
-0.4 -1.2 -0.9228
-2 6 -5.0731
6.8 2.8 28.132
1.7764e-015 8 -29.847
-8.4 6 54.505
-7.2 1.2 38.272
-0.4 7.2 -18.036
-3.6 -2.8 -1.464
-6.4 5.6 30.002
2 2 1.375
6.4 6 9.9018
9.6 -4.8 82.904
4 3.6 9.5392
-2.4 0.8 7.2624
6 4.8 2.2691
-0.8 -5.2 -8.6821
-3.6 2 10.477
1.2 -8.4 -39.748
1.6 1.2 6.5328
2.4 -1.6 8.5159
7.6 -8.8 32.748
4.4 0.4 7.687
5.6 7.6 -17.218
-5.6 2.4 24.964
7.2 1.2 40.329
0.4 -1.6 -1.3612
8.8 10 -15.975
3.2 -4.8 -13.817
-2 -7.2 -39.953
-2.4 1.6 1.6402
-1.6 -4 -19.86
1.7764e-015 2.4 -6.3321
1.6 2.8 -3.7376
7.2 2 35.469
0.4 -9.2 -42.477
-1.2 -1.6 -1.4469
9.6 0.4 67.184
5.2 -9.6 -12.806
-8 -4 19.954
-4.8 8.8 6.6938
-2 1.7764e-015 3.3099
5.6 5.6 7.0755
-4 9.6 -5.1806
5.6 1.2 21.284
-0.4 1.6 -2.9532
3.2 2.4 1.5327
-1.6 -3.6 -12.049
-3.6 -4.4 -14.892
1.6 -2.8 -1.0289
6.8 -8.4 24.879
7.2 6 22.684
0.8 -8.8 -46.432
2.8 2.4 11.303
2.4 -4.4 -4.9658
4 -2 20.712
-5.2 -8.8 -48.338
-1.2 4 -0.54492
-3.6 0.8 6.3369
-9.2 -8 -14.549
6.4 -9.6 13.408
-5.6 0.8 12.916
-1.6 -0.4 4.4257
10 5.2 63.887
0.8 -2 -2.1125
-4.8 2 16.068
-3.2 10 -18.946
-2 -4.8 -15.039
6 -4.8 28.132
-8.4 1.6 55.148
7.2 -4.4 50.207
7.2 -5.2 49.938
-8.8 1.7764e-015 49.554
-6 -5.2 -9.6638
-3.6 4 6.8313
-2.8 1.7764e-015 6.7883
-3.6 -4.8 -20.867
7.2 -2 48.77
-2 -3.2 -5.7267
3.6 -2.8 16.803
5.6 -0.4 27.372
4.8 -6.4 7.8496
5.2 -0.4 31.868
4.4 1.2 5.2299
-6.4 -0.8 9.2365
-4.4 10 -11.358
-5.2 -8.4 -41.449
6.8 -5.6 41.315
-7.6 -6.4 -8.7065
-5.2 -2 6.7929
2 1.7764e-015 11.325
3.2 6.8 -19.675
1.2 1.6 -0.6539
-5.2 0.4 10.433
1.7764e-015 9.6 -34.901
6.8 3.2 28.063
9.6 -6.8 65.165
8.4 -1.2 52.312
4.4 -5.2 11.497
-0.8 -3.2 -14.834
-2.8 -1.2 -10.809
9.6 -1.6 71.196
-3.6 8.8 -19.688
5.2 -8.8 -4.1704
4 -8 -2.1867
-4 4.8 10.002
8.4 8 6.6031
-4 2 8.753
-4.8 2.8 10.868
-7.2 -8.4 -25.991
-6.8 8.4 23.327
2.8 5.2 -19.462
-4.8 9.6 -10.527
-7.6 2 46.824
8.4 4.4 33.462
0.4 10 -43.739
2 1.2 0.31126
-3.2 -5.6 -22.058
1.6 2 4.3174
7.2 10 -22.925
-4.4 2 9.4827
-1.2 -6 -28.793
2 4.4 -3.2624
-4.4 9.6 -8.4082
-9.2 1.2 62.715
-9.6 1.2 68.718
-9.2 -2 48.858
4.8 6.4 -7.2228
4.8 -0.4 9.8747
10 6.8 33.693
-7.6 7.6 31.523
4.4 -7.2 -0.97894
-8.8 6 54.603
1.7764e-015 -8.4 -33.717
-2 7.6 -19.417
1.7764e-015 10 -34.228
4 1.2 20.303
5.2 5.2 -3.3403
-6.4 -3.2 4.3694
-8.4 2.4 71.811
6.8 -8.8 29.549
3.2 -2.4 9.9809
-9.2 -9.6 -25.01
6 -5.2 14.231
2 4 -9.9656
-5.6 -6.8 -21.148
7.6 -4 56.098
8.8 -5.6 59.974
9.6 2 64.713
-8.8 -1.2 53.254
-2.4 2.4 -8.5353
-3.6 -2 -7.3911
1.6 -9.6 -46.045
-4 -4 -7.4334
-8.8 9.6 53.836
-2.8 -4.8 -6.5035
2.8 6.8 -8.5825
2.8 6.4 -28.77
-7.6 -3.2 22.516
-6.4 8 16.861
-7.2 10 19.79
-1.6 8.4 -15.514
-2 2.8 6.3766
-8.8 2.8 69.797
-4 3.2 18.745
-6.4 -7.6 -36.245
8.4 -3.6 63.102
-6.4 3.6 31.541
8.4 6 13.619
-6.8 -6.4 -20.361
-6.4 -5.6 -9.5948
4 -4.8 -1.4251
-4.8 -3.6 -1.2798
7.2 -4 47.08
5.2 6.4 -10.003
0.4 -3.6 0.36921
-9.6 -6 9.3685
-1.6 -2 -14.418
8.4 4.8 32.549
-4.4 1.2 16.772
-0.8 2.4 -4.2506
8.8 -4 70.371
5.6 3.6 14.076
4 6.4 -13.871
8.4 1.6 55.611
-8 -1.6 29.767
-6.8 1.2 22.401
-6.4 -1.6 21.28
-3.6 -6.4 -27.673
3.6 -0.4 14.985
-6.8 -7.6 -24.235
0.4 -5.2 -10.357
8 6 17.579
-4.4 1.7764e-015 9.7713
6 2.8 28.536
-7.2 -2.4 26.321
3.6 2 14.055
-5.6 -1.6 3.0438
3.2 0.4 11.708
0.8 5.6 -11.984
-1.2 4.4 0.91479
-5.6 -1.2 15.735
-9.6 4 75.018
3.6 1.7764e-015 11.323
-3.2 7.2 -7.365
5.6 4.4 6.7327
6.8 6.8 -0.48023
-2.8 -0.4 -3.6008
-7.2 -8.8 -35.524
9.6 5.2 36.923
3.6 6 -10.326
-5.2 -1.2 11.066
-0.4 -7.6 -37.719
-8 3.2 53.939
-5.6 -0.8 18.851
-1.6 0.8 -0.57055
9.6 6 31.525
-6.8 6.8 28.498
10 -6.8 78.935
-2.4 -5.2 -19.647
4 -6.4 1.3012
-2.8 3.6 -1.978
-9.2 -1.2 56.899
5.6 -2.8 32.578
-6 9.2 9.8146
-9.2 -3.2 39.872
-1.6 0.4 9.0199
6.8 -4.4 38.623
-7.2 -9.2 -45.238
0.4 0.8 -9.6648
0.4 -6.4 -18.32
-4.4 -7.2 -38.544
2 6 -12.847
6.4 2 29.487
-0.4 -5.2 -22.737
-8 9.2 38.363
-1.2 2 -8.552
4.4 8 -21.868
-4.4 -4.8 -11.567
3.6 -9.6 -26.737
0.4 0.4 1.7798
3.2 1.7764e-015 8.2582
-5.2 10 5.7367
4.4 4.8 4.6163
-4 8.4 -6.699
-6 6 30.697
-3.2 3.2 7.1177
-3.6 1.2 3.371
7.6 6.4 23.886
6 3.6 20.699
1.2 -1.6 4.5497
-6.4 -8.4 -39.955
2.4 7.2 -24.799
5.2 -2.4 29.283
7.6 -3.6 55.801
9.6 -8.8 81.302
-9.6 10 59.539
5.6 -6.8 11.804
8.4 2.8 43.687
9.2 -4.4 74.352
-2.4 -4 -11.409
2 -2 4.7378
8.8 -5.2 64.454
9.2 0.4 71.455
-0.8 3.6 -2.3914
1.2 8.8 -26.212
6.8 8 -5.4087
4.4 6.4 3.4671
-1.6 -2.4 -1.2716
-2.4 -9.6 -54.088
0.4 -6.8 -20.264
5.6 -6 28.893
-7.2 3.2 46.279
-3.2 -4.4 -9.3927
6 8.4 -21.151
7.2 1.7764e-015 46.282
1.7764e-015 7.2 -18.794
1.2 3.2 -16.269
-0.4 8 -25.52
3.2 -5.6 -8.9323
2.4 4 -3.4152
-6.8 -2.8 23.609
4.8 6 -16.226
4.8 -4.4 23.136
7.6 -2 52.653
1.6 -4.8 -8.1629
3.6 -2 6.5633
-9.6 -3.2 44.599
9.6 -2.8 77.873
5.2 -4.8 23.645
-1.2 7.2 -18.998
3.2 -4.4 9.2108
5.6 -1.6 38.559
7.6 0.4 46.184
6.8 4 30.607
-5.6 5.2 18.936
-4.4 9.2 -6.5
-9.2 -0.4 50.441
-3.6 9.6 -27.809
2.4 -7.2 -8.7965
-6 -8.4 -35.509
-4.8 -0.8 2.125
0.8 1.2 8.0731
7.2 -0.4 38.446
8 -6.4 48.61
4.8 -1.6 27.387
-4.4 -8 -38.012
-9.2 4.4 63.145
-0.8 8.4 -27.862
6.8 0.8 35.86
-2.8 5.2 6.7994
-2.4 -2.4 -13.618
-6 -6.4 -19.378
-9.2 -8.8 -20.998
-2.8 -8.8 -56.189
-1.2 1.6 7.5704
1.6 5.6 -4.6529
-4 -2 -2.2849
-3.2 -7.2 -37.493
-1.2 6.4 -1.1574
-6.8 2 26.889
3.6 8.4 -36.841
8.8 -4.8 69.35
-8.8 -8.8 -25.689
-9.2 4 69.041
-6 9.6 11.217
7.2 7.2 4.6309
3.2 -9.2 -18.186
-0.8 -7.2 -33.981
-8 -5.2 14.118
-8.4 -4.4 18.99
-2 -7.6 -36.33
-2.4 4.4 -0.95097
10 -5.2 89.11
2 -2.4 7.7716
8 -3.6 54.33
-9.2 -5.2 16.722
2 6.4 -14.262
-7.6 3.6 43.563
-8.4 -2 26.574
1.2 -0.8 -3.3867
9.2 2.4 57.348
-3.6 1.7764e-015 8.7386
-8.4 0.8 43.107
8.8 3.2 46.586
-2.8 -2.4 -0.66795
8.8 -6 61.668
-9.6 -4.8 29.033
2.8 -4.4 9.4733
-6.8 -0.8 31.53
6 4 12.175
1.7764e-015 -2 -6.9
0.4 6 -13.651
-2.8 0.8 2.8243
-0.8 6.8 -18.765
-5.6 -5.2 -6.2245
-2.4 3.6 -7.5137
-8.8 0.4 49.013
-6.8 9.6 23.653
10 -1.6 91.427
-9.6 9.6 60.373
8.8 8.4 0.29416
-3.2 -6.4 -25.857
-5.2 -8 -40.728
3.2 -3.6 6.235
-0.8 -9.6 -56.193
10 -0.4 91.45
-6.8 8.8 18.165
0.4 -8.8 -44.179
-8.4 1.7764e-015 51.713
-5.6 -4 4.193
-4.8 6 12.702
-3.6 3.6 5.3254
-8.4 -4 22.615
2 3.6 2.8981
8.4 -5.6 58.106
8.4 -2 59.087
-5.2 -5.6 -21.062
3.6 -6.8 -14.156
-3.6 1.6 9.2603
0.4 3.6 -0.29103
2.4 -0.8 11.691
-6 -6.8 -13.384
0.4 1.7764e-015 -7.9682
-8.4 6.4 52.009
-9.2 7.2 71.236
8.4 -4 50.816
-4.4 8 1.0846
-7.2 2 33.18
6 -0.4 27.259
6 1.6 22.262
1.6 -9.2 -41.893
-2 4 1.5855
2.4 0.4 7.2945
-1.6 -1.6 -7.2953
1.2 -6.8 -18.575
-9.2 1.7764e-015 54.319
-3.6 -6.8 -35.097
-4 10 -8.2925
-2.4 8 -15.223
3.6 -8.4 -11.005
-6 7.2 17.759
-4 -8.4 -43.428
-4.4 2.8 16.287
5.2 8.8 -21.575
2.8 8.4 -39.85
-8.8 -2.8 34.406
3.6 -1.6 11.485
7.6 9.6 -19.109
-9.6 -2.4 48.162
-5.2 4.4 24.475
10 6 44.623
-2 -6 -27.18
-7.6 10 26.216
8.8 8.8 -4.0708
2 3.2 3.2402
-8.4 -3.6 38.082
-2.4 -1.2 6.6999
-7.6 8.4 34.569
-1.6 -8.8 -45.864
-4 1.6 15.815
9.6 3.2 61.44
8.8 -0.4 68.193
3.2 -6.8 -16.242
6 8.8 -25.073
3.6 -4 2.3677
9.6 -1.2 84.655
1.2 6 -21.71
-9.6 -2 54.309
2 -1.6 11.654
-7.2 -0.8 29.471
4 1.6 14.453
-2.8 -1.6 -8.2198
6 -3.2 31.995
-7.6 6 48.313
7.2 -9.2 22.248
9.6 -8.4 68.417
-3.6 5.2 10.16
-8.4 -8.8 -20.963
-5.6 2 21.135
7.2 -6 40.192
-7.2 -9.6 -44.806
3.6 -5.6 -5.2912
-8.8 2.4 53.157
6.4 10 -32.524
-4.4 -6 -21.268
-2.4 -7.2 -30.175
-4 5.6 6.7803
8 -0.8 50.085
-9.6 -3.6 37.751
8 2 44.89
1.2 7.6 -18.444
-6.4 -9.2 -49.6
7.2 0.8 48.773
-7.2 2.8 34.634
8 5.6 31.321
-2.4 4.8 -5.1419
-7.2 -7.2 -22.632
-8.8 2 51.045
-6 0.8 30.271
-2 0.4 -1.3856
-8.4 -6 9.3449
-4.8 4.4 8.4807
-6 3.6 37.881
-6 -5.6 -15.73
8 -7.2 44.911
-5.6 -2.4 7.4543
-2 8.8 -18.807
9.2 1.6 58.277
-9.6 2.8 74.372
-7.2 3.6 36.221
9.2 -9.2 53.129
-3.2 4 13.606
10 -2.4 85.233
9.2 -1.2 76.096
-8.4 -4.8 8.4152
6.4 6.8 5.3172
-8 -6.4 -13.494
8 9.2 -17.782
-0.8 -7.6 -41.099
0.8 3.6 -3.9502
1.2 10 -39.173
1.6 1.6 6.1054
-8 -8.4 -26.003
8 7.2 -1.3218
6.8 -5.2 40.015
6 -8.8 14.003
-5.2 1.7764e-015 11.21
6.8 6 6.4842
7.2 2.8 33.192
-9.6 6.4 67.499
3.6 9.6 -42.762
-2 -5.6 -30.426
-9.2 6.4 66.312
1.6 4.8 -3.8288
7.6 4.8 26.634
9.2 4.8 32.742
-9.2 -6.4 7.0677
8 -8.4 46.481
-1.2 -9.2 -52.674
1.7764e-015 2 3.3199
6.4 4.8 14.313
9.6 8.4 -3.0286
-1.6 -8 -42.37
0.8 6.8 -19.494
-3.2 7.6 2.1763
6.8 -9.2 15.332
-2.8 2.8 1.1513
-5.2 -6.8 -26.953
8.4 -2.8 59.906
-1.6 -4.4 -17.994
-2 3.6 -1.1509
2 -4.4 0.46892
-5.2 -7.6 -34.063
-2.4 -4.8 -21.608
-4 4.4 21.639
-6 6.4 25.042
-9.6 -9.6 -42.786
-4 -6.4 -24.801
1.6 -1.6 0.60245
1.6 4.4 -6.874
7.6 -6.8 43.808
3.6 -6 1.8961
5.2 2.8 24.249
2.4 5.2 -9.5207
-4 5.2 1.2503
6 6 3.8349
-6 -1.2 15.879
-2.4 -6.4 -27.363
-2 0.8 -0.39632
0.4 2.8 -5.7191
-7.6 -4.4 9.7824
-4.8 0.8 10.72
8 -2.8 64.306
-9.6 3.2 69.18
6.4 8.8 -26.491
-9.6 6 72.01
1.2 -9.6 -49.297
-8.8 1.6 49.865
3.6 -8.8 -15.27
10 4.8 51.724
2 -5.6 -10.274
-7.2 8.8 30.887
10 9.6 -0.17001
7.2 3.6 37.604
6.4 -7.2 22.885
3.2 -0.8 8.4591
1.2 -3.6 -3.9266
7.2 -7.2 44.666
3.2 6.4 -15.132
4.4 -2.4 15.708
-4.8 8.4 7.1072
1.7764e-015 6.4 -18.265
-8.8 7.2 56.49
2.8 10 -43.174
-6 7.6 20.889
-8.4 6.8 57.062
-4 -1.6 0.45854
-0.4 -8.4 -48.959
-4.4 -6.8 -26.017
4.8 -3.6 19.286
3.6 0.4 9.63
-3.2 8 -10.408
3.2 0.8 13.944
9.6 -3.6 77.108
-9.6 -8 -7.0451
1.7764e-015 -8 -25.335
2 0.8 3.5718
-8.8 -1.6 41.537
3.2 -9.6 -28.677
10 2.8 67.417
-0.8 0.4 2.6683
-2.4 9.2 -15.423
7.6 10 -34.241
-9.6 -6.8 4.0032
0.4 -2 8.3217
7.6 5.2 25.442
6.8 -9.6 9.7571
-4.4 -2.8 1.3957
9.6 -9.2 63.92
5.2 -6.8 12.544
-5.6 -3.6 8.7876
-1.6 -3.2 -2.4047
1.2 -9.2 -41.778
-5.2 2.8 14.561
8.8 6.8 15.724
-3.2 4.8 12.62
-5.2 -4 -4.0688
10 -2 80.763
-2 5.2 -8.3544
0.4 9.2 -30.105
-9.2 8.4 65.907
-1.6 -6.4 -19.389
-8 4 64.095
-6.8 2.8 40.02
-5.6 9.2 9.2968
-8.8 -4.8 20.158
-2.8 -8.4 -42.931
-8.4 -9.6 -36.552
4.4 5.2 -4.5598
7.6 -2.4 52.676
7.2 -6.4 50.449
-0.4 5.2 5.3619
7.6 2 43.783
1.6 -8.4 -25.579
-5.2 8 17.12
4.4 4 4.9969
1.7764e-015 -0.8 4.8928
-4.4 -0.4 5.302
-5.2 1.2 27.834
1.7764e-015 -6 -26.157
-6.4 -4.4 5.9709
6.8 -3.2 42.666
2.4 10 -44.793
5.2 0.4 22.023
6.8 5.2 1.029
-1.2 -1.2 -1.4914
9.2 -8.8 59.035
2.4 -6.4 -5.2912
2.8 4.4 -10.579
8.8 2.8 57.576
1.7764e-015 -1.2 4.8881
3.2 -8.8 -11.441
-4.4 -8.4 -42.284
0.8 -6 -14.014
-8 -3.2 20.451
-7.2 -4 7.7029
-0.8 10 -33.244
-6 -1.6 15.103
-8.4 1.2 49.644
8.8 5.6 22.534
8 -6.8 50.335
0.8 1.6 -17.806
-9.2 5.2 62.096
-0.8 -0.8 1.857
-6 -7.2 -20.194
0.8 -9.2 -44.158
10 -8.4 85.16
8 -2.4 57.33
-4 -5.2 -23.61
3.2 -4 2.4628
-7.6 -5.6 2.3319
-0.8 8.8 -30.634
4.4 -9.2 -5.8887
6.4 -6.4 25.701
9.2 -6.8 66.636
-7.2 -8 -25.45
-3.6 9.2 -7.7446
-6.8 6.4 28.125
5.2 1.2 15.101
6 7.6 -7.3508
-5.2 6.4 22.005
-1.2 -0.8 -2.3225
-9.6 0.8 64.745
7.6 2.4 45.782
-0.4 -0.4 -0.22258
8.8 -8 55.839
-0.8 9.6 -33.059
5.2 8.4 -29.599
-2.8 -5.2 -20.693
8.4 -9.6 46.059
8.4 3.6 34.874
4 2.8 15.781
0.4 2 -5.9677
-4.4 8.4 -4.1709
-3.2 6.8 2.0806
0.8 8 -27.494
2 -4.8 -3.3362
-5.6 -8.4 -37.704
-2 6.4 -9.5307
-5.6 8.4 11.026
8.4 10 -12.514
10 -4.8 91.631
4.8 -5.2 7.5383
-0.8 -1.6 -8.9978
5.2 -4.4 29.408
-6 0.4 31.421
2.8 -6.8 -8.8743
3.6 0.8 8.5634
1.7764e-015 0.8 -2.0452
-6.8 0.8 38.749
9.2 4 55.055
0.4 -9.6 -45.894
-9.6 -4 42.428
7.6 1.7764e-015 45.699
-9.6 -1.6 50.662
-5.2 5.6 12.061
1.2 -2.4 -9.878
4.4 -0.4 23.58
-6 -2.4 14.267
1.6 3.2 4.8809
-0.4 -3.6 -9.8226
2 -3.6 2.6733
1.6 -0.8 6.145
-6 3.2 32.833
-2.4 1.2 -0.73196
10 1.2 77.425
-6 -4.8 -10.397
1.6 7.2 -26.823
7.6 -4.4 49.201
-0.4 6.4 -17.587
-2.8 2.4 13.589
5.6 2.4 17.107
1.2 -8.8 -34.371
6.8 -4 47.282
4.8 9.6 -37.205
4.8 -7.2 0.79739
-1.2 -9.6 -59.489
10 6.4 37.567
6.4 4 17.914
-4 -5.6 -20.061
-4.4 7.6 -0.58186
0.4 -7.6 -36.792
-8 4.4 52.346
3.6 -1.2 15.574
-2.4 -8.8 -53.352
6.8 8.4 -16.285
5.6 -3.6 28.871
-9.2 -7.2 0.22433
2 2.4 -1.8981
8 5.2 28.471
-2 7.2 -15.125
6 2 19.565
8.4 -8.4 53.189
-5.6 1.2 26.045
-6.8 -8.4 -39.966
-8.4 -1.6 36.904
-6.4 0.4 15.831
-8.8 -0.4 46.71
-1.6 -1.2 3.2952
-4 1.7764e-015 19.906
-4 8 4.6744
7.6 -2.8 59.019
6 -6.4 40.288
0.8 6 -14.412
-8.4 -2.8 25.415
1.2 -7.6 -28.365
-8.8 -5.6 19.505
-3.2 -7.6 -45.868
6.4 -5.6 33.514
-0.8 1.2 6.1262
-8.8 4.8 70.357
3.2 -2.8 3.9817
4.4 7.2 -8.3672
-5.6 7.6 20.421
1.6 7.6 -26.017
-9.6 7.6 65.389
-1.2 1.7764e-015 -0.56857
8.8 0.8 63.956
-2.4 6.8 -4.6312
0.8 4.8 -14.839
-1.6 3.6 -9.2346
1.7764e-015 -7.2 -32.494
0.4 -3.2 -11.093
-2.4 7.2 -12.892
-8.8 -7.2 -18.372
-7.2 7.2 45.509
9.2 10 -3.0892
4 9.2 -41.778
-9.2 9.6 61.8
1.6 -3.6 -5.8101
-5.6 4.8 33.406
4 2 -0.28718
-1.6 -4.8 -19.053
-9.6 1.7764e-015 69.602
8.4 -6.4 60.468
4.8 -9.2 -10.323
-7.2 -1.6 28.948
4.4 -8 -8.7623
1.6 3.6 -0.24779
4 2.4 10.514
-8.4 -0.4 42.683
-3.2 3.6 5.6719
-7.6 6.8 43.629
-1.6 7.2 -11.392
1.2 1.7764e-015 6.0769
5.6 3.2 18.047
4 0.4 10.55
-0.8 -3.6 -12.352
-4.8 -7.2 -36.794
-0.4 -3.2 -12.395
-8 -2 30.937
2.4 -6.8 -20.806
5.6 9.6 -39.78
10 7.6 33.914
5.6 -7.2 24.04
-6.8 -2.4 12.978
3.2 4.8 -1.3703
1.6 -4.4 1.8404
0.4 8.4 -21.94
2.8 -0.4 7.6049
-7.6 -0.4 41.676
10 -7.6 83.577
0.8 2.4 -0.74926
6.8 4.4 20.251
3.6 3.6 10.093
-6.8 7.2 39.139
2.4 -4.8 -4.3324
5.6 -5.2 27.204
-8 0.4 51.387
7.2 9.2 -22.941
-8.4 2.8 56.87
4.4 3.6 16.789
-2.8 8.8 -11.801
-6.4 -6 -10.004
-5.6 -7.6 -38.307
4.8 -0.8 18.717
-8.4 9.2 47.907
-6 -7.6 -33.903
4 5.6 -2.3002
-6.4 9.6 11.061
7.2 -8.8 30.036
4.8 10 -44.521
9.2 -0.4 64.549
6 -6 18.406
-0.8 4 -3.5081
1.6 -7.2 -26.962
-8 7.6 42.803
-8.4 3.2 61.828
1.7764e-015 -4.8 -11.004
-2 2 9.2918
-7.6 -2.8 24.82
2 -0.8 2.7967
-6.4 -6.8 -24.725
-5.2 1.6 26.716
-8 -6 11.821
4 9.6 -46.519
7.6 3.6 41.14
-0.4 2.8 -5.8737
2.8 -5.2 10.883
-6 1.2 22.382
-7.2 1.7764e-015 20.926
-0.8 -4 -12.252
9.6 -4.4 90.5
8 -2 47.954
-0.8 1.7764e-015 1.7875
5.2 6.8 -2.8222
7.6 8.8 -8.6569
6.4 -6.8 21.971
-2.8 1.2 4.6426
-4.4 3.2 11.008
-6.8 -7.2 -28.968
4 0.8 22.372
5.6 -1.2 40.817
-3.6 7.6 4.8857
5.6 0.8 33.202
0.4 -2.8 -10.432
-6.8 8 24.539
-4.4 -2 -0.61425
4.4 -6 9.4276
-4.8 -1.2 8.7315
-9.6 2.4 67.52
2.4 -3.6 0.33565
8 8 4.4294
3.2 4.4 -2.5513
-8.8 10 40.674
2.4 8.8 -33.229
-9.6 -7.6 -4.1799
-5.2 -6 -12.473
-1.2 -6.8 -20.715
8.4 -3.2 66.016
-2.4 -0.4 3.7474
-8 -2.4 22.787
10 -9.6 55.176
7.6 7.6 -4.4511
-6.4 9.2 21.623
-4.8 10 -21.557
3.2 10 -36.286
2.4 2 1.3044
-4.8 1.2 17.109
8.4 1.2 56.586
0.8 -2.8 5.3587
-8.8 1.2 54.501
8.8 -4.4 70.585
8 8.8 -8.3078
0.4 7.6 -19.834
4.8 -6 11.807
3.2 1.2 14.592
-0.4 -6 -28.201
7.2 6.8 5.612
2.8 -4 -2.5474
7.2 -3.2 39.9
-8.8 8.4 62.647
5.6 -7.6 7.9055
-6.8 -4 2.1419
6.8 7.2 -0.92682
7.6 -0.8 46.975
-1.6 2.8 -1.2287
2.4 -9.6 -33.521
-9.6 6.8 68.648
6.8 -6.4 32.842
-4 3.6 13.483
-8 -3.6 17.55
6 5.2 8.332
4.8 -8.8 -7.0637
7.6 -7.6 33.243
6.8 1.2 28.472
4.4 -4.4 10.135
4.4 -8.8 -2.8981
8.8 7.2 22.243
-8.8 0.8 57.415
-2 9.2 -21.276
1.2 -3.2 -4.3028
7.6 7.2 0.90625
2.8 -4.8 -0.63715
9.2 5.6 33.283
8.8 4 41.378
0.4 1.2 3.5294
-8.4 -5.6 3.0917
-9.2 3.6 64.146
-9.6 2 73.521
-0.4 -5.6 -17.585
-2.4 1.7764e-015 -2.8131
7.2 1.6 40.503
4 -4 12.944
-8.8 -8.4 -26.871
8 -8.8 45.195
7.6 -1.6 50.575
-9.2 -4.8 9.7304
6.8 -1.2 34.394
7.2 6.4 11.141
3.2 -2 11.807
-3.6 -9.6 -52.991
6.4 -4.4 39.511
-1.6 -5.6 -22.839
-6.8 -4.4 1.7886
-3.6 -9.2 -48.58
1.7764e-015 1.2 2.8635
2 -8 -33.193
-5.2 -3.2 -0.16604
4.4 -0.8 18.227
-5.2 -0.8 2.5939
-0.4 -2.4 -5.1758
-9.2 6 65.928
-5.6 10 3.5124
-8 5.6 48.132
-8 5.2 52.003
0.8 4.4 -11.121
6 -0.8 36.189
-1.2 5.2 -12.548
-2 -8 -35.635
2 -7.6 -14.487
-6.4 1.6 33.955
-1.6 -7.2 -30.165
-8.4 -0.8 38.328
10 7.2 32.9
1.2 0.8 15.038
-1.2 3.6 -3.8444
-5.2 -2.8 -5.4107
9.2 0.8 68.248
-4.8 -0.4 14.423
-7.6 -8.4 -35.975
-5.6 6 24.515
-1.6 -9.6 -47.565
-6.4 4 36.522
-8.8 9.2 48.88
-2 -2.8 -7.3136
-4 0.4 15.424
-2.4 8.4 -10.639
-2.4 -5.6 -17.526
5.2 1.6 12.862
-2.4 -4.4 -22.904
-1.2 8.8 -19.923
7.6 -6 47.148
2.4 8.4 -28.383
