10 -7.2 84.653
0.8 -8.4 -40.659
8 -5.2 50.874
-2 3.2 -4.8004
4.8 3.6 9.2389
-8.4 -5.2 -1.9838
5.2 -8.4 6.9883
-0.4 3.6 1.8175
-1.2 5.6 -7.3924
5.2 -3.6 18.335
3.6 -0.8 4.3457
7.2 5.2 26.069
-7.2 6.8 40.439
-2 -2.4 -4.5953
-2.8 0.4 1.3643
3.2 -7.2 -15.952
-0.4 0.4 5.0413
6.4 2.8 18.582
2.4 7.6 -33.55
-2 -5.2 -19.704
-8.8 -2.4 40.166
-4.8 2.4 7.13
-7.6 1.6 48.421
-4.4 -3.6 3.3327
7.6 4 30.504
-8 10 20.774
1.7764e-015 4.8 -16.488
-3.2 -6 -27.426
-1.2 -3.6 -7.1649
8.8 4.4 50.563
6.8 -0.8 44.683
1.7764e-015 8.8 -26.189
4 -8.4 3.1276
-5.6 -4.8 0.20316
-7.2 4.4 46.337
-3.6 -3.2 -10.82
-0.4 -1.2 -0.9228
-2 6 -5.0731
6.8 2.8 28.132
1.7764e-015 8 -29.847
-8.4 6 54.505
-7.2 1.2 38.272
-0.4 7.2 -18.036
-3.6 -2.8 -1.464
-6.4 5.6 30.002
2 2 1.375
6.4 6 9.9018
9.6 -4.8 82.904
4 3.6 9.5392
-2.4 0.8 7.2624
6 4.8 2.2691
-0.8 -5.2 -8.6821
-3.6 2 10.477
1.2 -8.4 -39.748
1.6 1.2 6.5328
2.4 -1.6 8.5159
7.6 -8.8 32.748
4.4 0.4 7.687
5.6 7.6 -17.218
-5.6 2.4 24.964
7.2 1.2 40.329
0.4 -1.6 -1.3612
8.8 10 -15.975
3.2 -4.8 -13.817
-2 -7.2 -39.953
-2.4 1.6 1.6402
-1.6 -4 -19.86
1.7764e-015 2.4 -6.3321
1.6 2.8 -3.7376
7.2 2 35.469
0.4 -9.2 -42.477
-1.2 -1.6 -1.4469
9.6 0.4 67.184
5.2 -9.6 -12.806
-8 -4 19.954
-4.8 8.8 6.6938
-2 1.7764e-015 3.3099
5.6 5.6 7.0755
-4 9.6 -5.1806
5.6 1.2 21.284
-0.4 1.6 -2.9532
3.2 2.4 1.5327
-1.6 -3.6 -12.049
-3.6 -4.4 -14.892
1.6 -2.8 -1.0289
6.8 -8.4 24.879
7.2 6 22.684
0.8 -8.8 -46.432
2.8 2.4 11.303
2.4 -4.4 -4.9658
4 -2 20.712
-5.2 -8.8 -48.338
-1.2 4 -0.54492
-3.6 0.8 6.3369
-9.2 -8 -14.549
6.4 -9.6 13.408
-5.6 0.8 12.916
-1.6 -0.4 4.4257
10 5.2 63.887
0.8 -2 -2.1125
