6.0336 3.2454
6.3907 6.8368
5.3408 -0.24555
8.5848 4.711
5.5457 3.4588
4.5891 -1.323
5.7997 2.2631
3.844 2.6745
6.6156 1.3813
5.6989 4.188
4.4456 0.014692
4.9559 1.5543
6.3434 1.8247
4.2381 1.0243
5.5593 1.8322
9.7682 7.4083
5.8094 0.82556
7.8902 2.679
5.5659 1.9733
6.2925 1.9483
5.7989 2.8973
5.3788 1.1542
7.1845 5.1942
5.1422 -0.032304
3.3014 0.53092
5.8045 0.33868
3.7117 -0.75277
1.0994 2.0102
3.9244 3.1318
3.5436 -1.0507
6.4 1.8599
8.9343 7.6373
5.6103 2.0011
6.1312 2.4449
4.708 1.2542
5.0852 5.3784
4.3085 -0.80943
6.3411 3.1198
6.1057 1.9741
4.2771 0.0041742
4.4812 -0.03529
3.309 0.55566
3.8061 1.6022
5.8062 4.1248
4.3681 3.0701
3.6256 5.331
4.2287 3.5407
4.9956 1.7734
5.5239 1.0518
5.8896 2.3158
4.179 4.2211
4.39 1.4377
6.204 3.7313
4.6221 2.9031
4.6144 3.5321
5.3507 2.1873
5.3692 2.4621
4.0562 1.3575
6.4851 2.0429
3.2058 -1.6924
3.5208 3.0297
6.9834 5.3062
6.2177 2.5972
7.3467 6.0582
3.7906 4.089
6.3641 2.4248
4.2169 0.30256
6.4165 2.3771
7.4432 3.9201
4.2239 1.2487
2.0539 0.14085
6.5251 3.9927
5.0389 1.7878
2.1535 -0.7742
4.1666 0.1097
4.0668 3.9127
4.8991 2.2665
4.7645 -2.7917
5.4012 1.0644
5.0418 7.1154
7.1528 1.9918
5.1664 3.3994
3.8812 1.8101
3.5652 -0.16162
6.4509 4.671
2.6718 0.91244
4.9614 -0.1281
6.8609 5.0054
8.4745 7.2163
3.6488 -0.19908
2.4929 1.6761
4.3666 1.0652
4.7133 0.52864
5.7544 2.7794
3.8111 0.27632
5.0694 0.90867
4.1111 2.0613
6.3944 4.3373
5.7303 2.0726
5.8647 4.588
2.8999 0.92758
5.1847 4.7453
4.9743 1.0178
4.5392 0.80101
5.3187 0.6172
4.556 0.48456
3.6602 -1.3406
1.7007 -2.2178
4.6265 -1.9909
5.0075 4.4196
4.9585 2.8043
4.0865 0.2678
5.3062 3.2923
3.8036 -3.0041
7.7537 4.7399
6.9677 5.4557
6.2953 4.4675
5.414 3.4807
6.1215 0.31148
5.5622 0.87176
5.5315 4.4216
7.5138 3.218
4.7237 1.4305
2.8485 -0.25836
2.8565 -0.58857
2.6004 3.4493
6.8218 0.9417
2.6843 0.030821
2.823 1.8463
7.2013 4.0392
3.076 1.4372
5.0056 2.5112
3.091 -2.2911
6.2269 1.4567
3.2102 2.0222
5.2271 0.80487
3.4291 -1.8405
4.167 1.619
6.2806 2.8811
6.9113 3.1017
4.9302 4.589
5.2868 1.5536
5.5215 2.2868
5.8402 6.2167
7.791 3.9916
4.6484 2.7695
8.1913 6.3819
5.6869 3.3015
4.084 2.9115
4.961 -0.75169
5.0376 1.9357
4.7858 0.54503
3.502 -1.4967
6.2812 6.1388
3.3209 2.7519
3.9734 2.0059
4.3167 1.7901
5.7297 -1.7565
7.3876 3.0233
5.1687 1.2042
6.462 5.3872
4.6404 2.2248
3.788 -0.060555
3.4731 1.2861
4.623 2.5027
6.0504 4.5398
4.6015 1.4153
5.9291 3.7235
4.8118 2.895
7.1185 7.4598
6.3352 1.9238
7.4874 4.5557
0.76892 1.5864
4.0043 0.085792
2.9499 0.39288
5.8135 3.0355
3.2934 0.24275
7.0149 2.2398
6.4695 6.5574
4.5393 1.6668
6.74 3.2087
2.1328 -1.1537
4.4114 0.43774
4.3783 1.2269
5.6024 4.8573
0.80282 -2.7365
1.4103 -0.17791
2.8312 -0.2437
5.0067 3.0056
6.6782 1.414
7.1309 3.4575
5.862 3.0524
5.4503 2.906
2.2399 -3.957
6.6145 1.3099
4.1274 -2.7382
5.1902 2.0605
4.8151 0.92227
4.4303 0.9311
4.1651 1.534
5.0175 1.9524
6.7975 3.4374
6.7023 3.4581
4.7933 1.9196
6.0792 0.70864
5.3165 5.1667
6.2805 2.7216
4.477 3.2217
3.6583 -1.362
6.6366 1.6098
7.3022 7.4855
4.3079 3.6802
7.4556 5.2452
2.8836 0.26266
5.0557 2.5298
5.2572 0.48145
4.6223 0.29511
4.3923 0.14062
5.3275 3.8561
6.5612 2.1429
5.1441 -1.4911
1.1621 -2.7805
6.6633 2.7519
3.6702 2.1724
5.9698 4.6333
4.9679 1.5788
4.3347 1.1669
5.1765 1.199
5.3872 4.058
4.5996 -0.21841
5.898 3.6626
3.6313 2.4149
3.7061 2.3434
5.3126 1.8119
8.9417 7.0285
6.5388 0.49035
7.6423 2.1184
5.4706 3.5272
5.2797 3.4468
4.4405 1.4038
2.6172 -1.5497
1.9669 -4.6176
6.4626 2.4553
6.76 2.3821
6.6702 2.0606
5.7647 0.90663
3.5518 0.54708
4.6716 2.565
2.7109 -3.1241
4.7925 2.3795
