6.7209 -4.7
6.3882 -5.3411
2.6689 -0.83561
7.7891 -6.297
6.2653 -3.118
7.8442 -4.8455
5.9661 -1.7249
2.5099 -0.63155
3.5601 -1.527
3.4852 -2.6766
2.2044 -0.74695
5.4129 -2.7335
5.3171 -1.5134
2.7209 -1.2416
5.2101 -5.3208
6.3314 -3.8318
4.8578 -1.2957
7.5945 -5.4283
2.1295 -0.93726
5.4879 -3.6081
7.3544 -5.4129
3.5135 -2.5151
2.9688 -3.1523
5.4147 -3.8256
3.5424 -1.2996
5.0088 -1.7085
7.2026 -5.5525
4.3114 -4.235
2.618 -1.7585
2.1407 -4.0064
4.0325 -3.8436
5.224 -4.6846
5.2008 -0.92799
4.1781 -3.6909
3.438 -2.9648
3.0971 -0.4333
4.1096 -3.004
4.8106 -2.6809
4.7277 -4.9511
3.6135 -0.96015
3.3998 -3.4338
5.6741 -2.5516
3.1117 -2.6698
6.4365 -2.275
4.8962 -4.9767
5.6171 -3.9943
6.4055 -4.9563
4.8639 -4.4265
7.6213 -3.8891
4.6409 -1.2574
3.8874 -2.1884
4.0442 -1.8824
4.2982 -1.3197
4.3559 -3.1036
5.6183 -4.8279
7.1963 -4.3053
6.449 -3.4815
4.4296 -1.1292
7.7366 -4.8077
5.1085 -5.9249
5.2773 -4.3489
5.7379 -3.8163
7.2112 -5.4787
3.9585 -2.3106
5.1115 -1.2631
6.1409 -2.8121
5.9193 -5.3393
8.0791 -3.6218
6.8822 -5.3058
3.2364 -1.7248
3.5946 -2.4127
6.127 -6.8848
5.0634 -2.9016
5.6897 -2.6743
4.3569 -2.9421
4.5505 -1.2925
8.0163 -4.8276
6.3435 -3.0459
5.1254 -2.1794
5.7323 -2.2351
4.3336 -3.1055
2.7464 -2.3593
4.198 -1.6398
3.5241 -3.2288
7.5673 -3.8085
9.175 -5.5791
7.488 -5.4734
5.2015 -2.6116
8.2035 -5.6616
1.933 1.1517
4.8701 -1.9238
8.3779 -3.6681
3.8423 -2.9329
4.4614 -1.7133
2.9126 -1.6399
5.9501 -4.6155
6.6273 -2.79
2.0545 -2.3186
3.2847 -2.6093
4.4403 -2.1579
3.5135 -1.6156
5.3545 -4.8809
7.6814 -4.5111
5.526 -2.8907
2.6554 -1.9201
5.0707 -2.0413
4.7132 -2.6953
8.7472 -6.4665
8.6434 -4.6984
5.9566 -1.5741
6.0087 -0.71893
5.2726 -5.512
6.5294 -4.1265
4.3556 -5.961
5.0114 -3.0483
1.1971 -1.1189
5.0834 -4.0342
5.2792 -1.9621
7.8035 -5.5277
6.0642 -4.4351
3.5143 -2.95
6.3154 -3.4952
4.1684 -2.2008
2.3888 0.4917
0.17539 0.13354
7.8422 -6.5686
6.0782 -5.733
5.3253 -3.9975
2.8333 -1.5418
7.4916 -3.0451
6.206 -2.9305
3.1096 -2.4549
2.8378 -1.7402
4.1476 -2.3021
5.7242 -3.9791
3.5911 -4.8107
4.1583 -3.5252
4.9848 -1.988
6.9898 -4.5537
7.8227 -6.9637
4.9525 -3.2283
2.9429 -2.0993
6.9135 -4.7242
5.8434 -4.5638
4.8968 -3.8768
8.9028 -4.3016
3.7542 -4.6556
4.3127 -1.1221
2.0986 -1.076
4.9952 -0.84302
6.8379 -5.4057
4.4604 -1.1634
8.167 -4.4755
6.1156 -3.1677
3.7299 -0.23085
6.2801 -4.1414
4.0543 -2.2791
3.633 -3.2504
4.9824 -4.0047
4.1409 -2.6381
5.3467 -4.6496
5.184 -1.592
5.8672 -2.4829
4.9727 -1.3903
5.2455 -3.5482
2.7617 -1.3687
6.3169 -5.2707
6.5549 -5.4302
3.5859 0.46927
2.1702 -0.5422
3.099 -1.0266
1.9298 -2.5038
5.5852 -1.328
7.0339 -0.89915
7.7301 -5.4045
7.5929 -7.3935
2.8677 -2.2937
4.6063 -2.3919
7.5273 -6.6179
7.7792 -3.3533
5.9047 -3.3273
4.9677 -3.2786
3.1864 0.63334
7.6436 -2.442
5.1088 -3.7449
7.2206 -5.3378
0.73793 1.0563
6.2852 -2.4373
5.6627 -2.7102
3.961 -0.49213
5.7045 -1.3066
6.2422 -4.2435
5.817 -2.7566
6.7717 -2.8921
5.4192 -3.4763
3.5252 -3.1959
3.6093 -1.363
7.1957 -3.002
3.645 -1.5599
0.46807 2.687
5.7165 -5.4812
4.1857 -2.9078
8.3257 -4.0204
6.6963 -4.6086
4.0593 -1.8712
1.9288 1.2196
6.3891 -3.7474
5.846 -1.8666
2.7578 -1.5493
4.4132 -3.5932
4.399 -2.7958
6.7382 -5.1356
5.5139 -2.6693
5.4275 -3.3582
4.6393 -5.7804
5.6255 -3.2127
3.1879 -1.3418
6.3188 -2.6472
5.8908 -3.9033
4.8441 -2.9248
8.1622 -4.2609
2.0944 0.44145
7.2575 -4.8706
4.7619 -1.6428
4.8071 -2.3111
3.159 -1.7782
6.257 -2.9148
3.0018 -0.60903
6.6249 -1.9421
4.1928 -2.6905
3.5037 -1.0719
8.9073 -6.6084
5.7428 -3.9326
7.4558 -4.5856
3.2777 -1.9056
2.8853 -0.94781
4.1214 -2.3611
6.3479 -6.1695
2.6234 -3.5463
5.4806 -3.1175
3.1953 -2.2329
5.9424 -3.4293
6.879 -7.3196
3.7551 -4.8995
7.2219 -4.3576
4.3982 -3.3004
3.1299 -2.6094
6.8823 -2.8756
3.9617 -1.6349
5.9028 -1.9484
