10.816 7.2453
10.998 10.184
9.4176 10.673
11.034 13.706
7.7098 10.91
8.4883 9.8647
8.2656 10.146
6.5504 11.37
11.354 8.3796
9.1283 9.3449
11.761 10.065
8.0131 11.53
12.854 8.7835
12.378 10.921
10.565 12.226
9.7298 12.173
9.1932 13.424
12.46 9.2517
13.064 9.488
8.6445 8.956
11.583 10.609
13.974 11.026
9.0669 9.953
11.259 12.275
9.2281 13.686
12.221 11.912
10.657 11.078
10.411 11.641
12.842 9.3435
12.713 9.3386
11.15 12.821
9.1401 9.5404
11.334 11.437
8.7225 9.8445
13.519 10.958
12.086 9.0841
13.843 9.6763
8.4866 11.108
11.274 12.768
8.6073 11.462
10.854 9.1523
9.1605 9.2437
10.49 10.381
9.2346 12.399
11.248 13.054
8.3562 8.2746
11.538 11.062
8.937 9.6734
10.919 10.381
11.342 8.1604
10.873 9.5846
10.993 10.137
9.5754 11.165
11.203 8.8375
9.8854 10.223
13.641 9.6335
9.3173 10.42
14.183 11.653
9.2577 13.058
11.259 11.674
10.474 9.4282
11.948 8.7731
9.8686 12.226
9.9473 13.319
9.4216 12.567
10.138 9.8354
10.596 9.3524
9.682 9.8945
8.9826 11.684
12.888 12.919
10.635 10.104
11.1 10.449
11.915 12.8
13.756 10.713
11.086 11.465
10.244 12.343
9.1284 12.794
9.8691 11.197
10.491 10.161
12.458 10.789
9.7529 10.62
10.115 10.006
13.387 7.895
11.363 10.892
10.469 10.98
11.305 9.1325
8.1461 10.987
10.041 12.24
11.091 10.68
9.9326 10.327
13.375 8.3576
9.226 10.769
9.496 7.4986
8.4051 11.408
12.254 7.7771
9.492 10.582
9.9047 10.132
8.8195 10.736
8.8364 10.583
11.989 10.25
9.5732 11.669
9.3695 10.056
10.385 10.29
11.584 9.5853
9.789 9.3876
12.209 12.148
11.117 11.864
13.25 10.32
11.238 10.069
11.356 10.738
10.484 8.7138
10.243 9.5603
9.9101 11.601
10.596 10.571
11.251 9.9402
10.83 8.7344
14.527 10.383
10.47 9.4327
11.733 9.9234
9.8953 9.9303
13.071 13.045
7.5757 12.455
9.2622 9.2926
9.6652 10.719
8.7179 10.648
9.8264 8.5943
12.692 8.8179
11.738 11.354
8.9464 11.142
8.678 11.085
8.2757 10.963
10.214 10.653
6.0559 9.8147
9.9713 10.003
10.906 13.014
12.214 14.263
12.114 10.905
10.62 9.2863
7.3435 12.436
9.98 10.554
12.408 12.763
10.555 11.518
9.2646 10.102
10.263 12.967
10.95 10.691
10.782 9.6914
10.761 11.117
11.745 10.824
9.6767 10.848
11.233 11.328
11.391 9.2899
9.1011 11.424
9.5953 9.0395
13.076 10.59
8.7848 10.155
10.364 9.3868
9.3601 12.652
10.278 10.598
10.56 12.58
11.591 11.591
11.837 10.37
10.789 10.533
11.603 11.393
12.775 9.0372
7.0249 11.635
10.537 9.9753
9.0613 8.9266
10.707 11.35
12.971 10.69
11.311 9.7604
10.044 7.702
11.021 9.6566
9.6454 10.634
13.407 10.456
10.374 7.0931
9.1485 11.224
11.936 9.2225
9.5391 11.127
9.4555 8.751
9.9186 11.492
9.4311 9.7952
12.874 10.353
7.8232 10.106
10.864 8.0012
9.4642 12.308
11.528 8.4739
9.0619 9.486
12.246 10.773
8.5396 11.858
11.785 10.452
10.558 9.345
10.501 12.391
9.0477 11.113
10.569 12.669
8.4813 10.639
9.9883 12.21
11.535 11.484
12.108 8.7842
9.3546 10.418
10.72 11.894
11.497 11.427
12.492 12.481
11.289 10.076
9.8378 12.244
11.398 10.648
10.78 8.7397
11.209 11.171
11.187 10.208
11.693 11.699
10.664 10.152
9.5777 10.682
12.233 11.42
10.327 7.478
11.547 9.4486
8.233 12.222
9.3514 10.761
10.562 11.987
10.213 10.236
11.109 10.631
9.9157 9.9474
5.8349 10.81
9.8977 12.494
12.436 7.5733
10.195 9.027
9.7957 9.1593
14.2 9.0846
8.2657 10.806
9.7529 11.358
9.9691 9.7521
10.936 7.8259
8.7123 11.164
8.9456 11.711
11.362 12.053
7.0162 9.2569
8.42 10.474
7.718 11.387
9.1591 9.2819
9.0554 11.698
14.357 9.0311
13.207 7.251
10.127 12.42
10.053 10.163
8.3092 10.305
10.394 8.0963
10.312 9.5797
8.9925 10.362
10.635 14.364
9.6626 11.506
8.5618 12.136
8.7851 10.761
