1.5089 2.0845
0.10599 -0.20572
-1.8687 -0.46111
-2.4103 0.82063
-1.2276 -6.6134
-2.2345 -0.047371
-0.56995 -0.30115
-0.29113 -0.12364
0.42849 -3.6131
-1.4356 -1.3312
0.02573 -0.1863
-0.81031 0.14683
1.2433 1.9455
-0.039939 1.4562
2.964 1.1844
-0.43089 -2.0692
-1.378 -2.0769
-0.24119 1.2432
-1.8433 -2.5773
-1.341 -2.0849
-1.1112 -2.1469
-0.11703 0.44103
-1.2737 -1.8369
-1.4644 -1.3516
-3.2149 -4.3229
-0.5402 -3.6306
-1.9049 -1.802
0.85019 0.5391
2.2889 -0.31153
2.9731 1.2771
-2.1096 -1.8174
0.47049 0.67514
0.69946 1.096
-0.36031 1.8531
0.55099 0.23576
-0.30626 1.7253
1.2681 0.75544
0.26416 -1.6461
0.785 -3.3525
0.26048 2.6255
1.091 1.1025
1.6689 2.1248
1.5719 1.9916
1.9341 2.5826
0.76531 -4.005
-0.82723 -1.3354
0.09296 3.3993
-0.61281 -0.89161
1.4719 1.5029
0.19102 2.0317
0.49309 0.31642
1.6029 2.5332
-1.8375 -0.76099
-1.8329 -2.43
0.76388 -1.3862
2.1489 0.80377
-0.11392 0.49798
0.61951 1.9983
2.0886 0.22577
1.4598 5.3988
-2.0776 0.95054
-1.8756 -4.1336
1.8403 2.2975
0.47274 1.87
1.8248 1.0855
0.4692 -1.5426
-1.0778 -1.1847
1.3549 5.5072
-1.6502 -2.7877
0.17019 -0.62227
0.34603 1.8996
-0.41002 -2.3328
2.6487 1.6352
2.0698 2.6883
2.1591 2.9477
0.16601 0.80184
0.55919 -0.64941
-0.6062 0.18894
-2.5567 -3.5364
-0.83768 -2.2057
1.8552 2.9353
0.30937 -2.8082
1.3953 4.2006
-0.25692 0.22085
-2.7674 -4.488
-0.54366 0.53294
0.69151 0.15723
-1.847 -0.28242
0.8012 -0.64013
0.55321 -1.9937
2.7019 6.7752
-0.19366 -4.8731
-1.3302 -1.789
1.3392 -0.44346
0.61842 0.57649
-0.20623 3.5537
-0.44341 2.6532
1.0434 2.3364
-1.7862 -3.2757
2.6662 3.2148
1.1491 0.31695
-0.056028 0.0088661
-0.121 -0.96801
-2.1695 -1.91
-0.55236 -1.3685
0.95412 2.3357
-0.34155 -6.5565
-0.35307 2.0244
2.1888 2.9054
0.34025 1.367
0.62865 0.35751
0.66945 -2.79
-0.0024608 -2.6593
-0.99258 -0.70533
-0.59557 -3.1236
1.3645 2.9868
-0.84082 2.0866
1.259 0.72545
-1.0962 -0.34931
1.8953 3.8728
0.50489 -1.4004
-0.62652 -2.8679
-0.084045 0.50691
-0.52635 2.2936
0.049141 -1.511
1.6545 1.3298
0.49032 -1.9696
2.7653 4.197
-0.07576 2.5686
-0.74527 -2.4697
0.70612 -1.0976
-0.90795 -1.032
1.8766 2.9884
0.36869 2.8034
1.5109 0.33484
-0.019567 1.9994
2.0314 0.47243
1.5839 4.1751
1.9891 2.1735
0.028344 1.3117
1.78 -0.76392
1.901 1.7425
2.0764 1.07
1.2485 2.0522
-0.62083 0.82495
0.63142 0.82527
-0.32364 0.38223
-0.40691 -1.2018
0.25194 0.045159
1.0028 -0.80416
0.99799 -0.50425
-1.0281 -2.2308
2.2311 2.0326
2.3936 1.8949
1.0258 -1.3221
-1.7812 -0.92749
-1.6307 -2.1488
-1.3808 -2.2232
-0.88162 -4.7197
-1.3022 -4.4448
2.4513 2.0383
1.5771 0.67548
0.65541 1.7059
-1.4829 -2.0057
0.88965 1.4082
-0.15905 -0.24529
0.60108 -1.9427
0.53596 -2.1279
-2.1007 -1.517
-0.40359 0.17719
-0.052429 3.1536
1.173 -0.37482
-0.62818 -0.96981
-0.26918 3.8553
-1.9959 -5.559
-3.0916 -3.5136
1.4199 3.2942
-1.3261 -1.7923
0.2357 -2.4808
2.6603 5.4329
-1.3816 -1.7017
3.9233 7.0147
0.37782 -1.5526
-0.89991 -3.7985
0.26851 -1.0061
0.30234 2.5582
-1.2254 0.057545
-1.506 -0.72522
-0.10494 0.27545
0.57546 0.84987
-0.20089 0.33162
-2.3101 -4.3211
-0.37125 -1.5363
0.73555 2.6106
2.6711 1.859
-0.73715 -1.1938
2.1174 3.8613
-1.0647 -0.37344
0.87021 3.1206
-0.72342 0.37883
1.7798 2.7949
0.52208 3.4606
-1.0735 -1.6108
2.3007 4.0061
-0.44311 -0.72212
1.694 5.1821
0.39998 -0.23647
-1.513 -2.1572
-1.2856 -1.1623
0.40797 0.98614
-0.70247 -0.87085
1.1993 2.1154
0.64658 0.22035
-1.4918 -2.9992
-0.48696 -2.007
1.4977 -1.2595
0.96552 3.5409
-0.24534 -1.166
-1.1859 1.6189
-0.74616 0.46566
-0.199 0.056352
-0.51127 -0.94798
1.6242 2.7078
-1.6492 -4.7729
1.0231 0.21095
-0.097589 -1.8342
0.5316 0.85618
1.2357 0.040924
0.50492 0.90305
1.0848 -1.7436
1.1135 0.31621
-0.86352 0.7642
-0.18374 -0.27072
-1.4979 -1.2984
1.4393 2.3159
-0.14674 4.3603
0.96309 3.5378
2.9092 1.2592
2.0886 1.7598
1.7644 0.28837
0.53588 0.14723
1.4827 4.952
-0.91484 -1.6319
-1.0084 -4.0589
-2.4775 -2.3098
1.3395 5.3409
-1.6253 1.131
-2.1141 -2.6485
-1.7364 -3.3732
0.82795 0.69714
