-3 7.2 -47.367
13 -5.2 -76.426
3.8 -6.4 33.348
11 -3.2 -41.745
1 5.2 -10.236
7.8 5.6 4.7408
-5.4 -3.2 -2.4985
8.2 -6.4 -9.3064
2.6 5.6 12.622
1.8 7.6 1.3747
8.2 -1.6 -22.638
6.6 1.2 2.3566
10.2 7.2 5.0671
-4.2 8.8 -57.34
1 -0.4 10.436
0.2 2.4 -4.8529
6.2 -5.2 4.6333
2.6 2.4 -3.3406
9.4 4.8 -6.708
5.4 9.6 36.322
1 -3.2 17.423
-5.8 -0.4 -35.701
-1.8 4.4 -22.499
-4.6 3.6 -44.603
-1.4 -1.6 6.431
10.6 6 2.2468
-5 12 -67.813
3 6.8 0.99306
-0.2 -4 25.969
1.8 -1.6 21.036
11.8 6.4 -11.54
9.8 1.2 -34.823
3 10.8 27.381
7 -6.4 14.096
-2.6 -2.8 15.518
-4.2 6.4 -56.12
-0.6 -1.2 4.6614
2.6 0.8 4.3777
1 8 2.5992
9.8 4.8 -9.9983
3 10 33.016
-5.4 8 -65.564
-4.2 3.2 -37.946
2.6 9.2 26.267
-0.6 -0.8 12.213
-3.4 7.6 -48.565
5 4 4.692
9.4 8 17.909
12.6 -2.8 -78.241
7 5.6 1.8617
0.6 2.8 -13.659
9 6.8 18.091
2.2 -3.2 17.588
-0.6 4 -20.371
4.2 -6.4 27.191
4.6 3.2 5.1493
5.4 0.4 -9.4946
10.6 -6.8 -52.548
7.4 2.4 -4.2114
8.6 9.6 46.006
-2.6 4.4 -40.925
10.2 3.2 -24.425
3.4 0.4 -1.9304
11.8 12 68.179
6.2 -2.8 -10.428
1 -5.2 39.379
0.6 3.6 -9.1303
1.4 -2 21.03
3 4.4 -1.6544
4.6 4.8 2.5203
10.2 4 -16.217
3.4 -7.2 49.349
1.8 0.4 8.9325
12.6 2.4 -54.986
8.2 -7.6 -6.612
-5 -2 -2.8258
-1.8 10.8 -17.045
1 2 -8.5069
8.6 7.6 12.517
-1 11.6 3.3667
8.6 3.2 -15.223
2.6 3.6 11.555
6.2 4.4 -9.2042
1.4 -1.6 11.255
-0.6 -2.4 11.869
4.6 -0.8 13.44
9.8 -6.4 -31.475
10.2 8 15.182
3.8 -6.8 45.499
5.8 4.4 -6.7774
5.4 -2.4 -0.28398
7 0 -11.167
-2.2 -6.8 61.843
1.8 6 -3.6393
-0.6 2.8 -11.131
-6.2 -6 31.326
9.4 -7.6 -11.68
-2.6 2.8 -20.475
1.4 1.6 -1.3672
13 7.2 -8.0073
3.8 0 2.4573
-1.8 4 -16.82
-0.2 12 2.7192
1 -2.8 12.544
9 -2.8 -20.068
-5.4 3.6 -70.409
10.2 -2.4 -50.79
10.2 -3.2 -54.202
-5.8 2 -42.908
-3 -3.2 17.68
-0.6 6 -13.994
0.2 2 0.66682
-0.6 -2.8 17.482
10.2 0 -43.528
1 -1.2 11.015
6.6 -0.8 -13.246
8.6 1.6 -23.526
7.8 -4.4 -13.69
8.2 1.6 -11.971
7.4 3.2 -7.3502
-3.4 1.2 -19.273
-1.4 12 -0.52728
-2.2 -6.4 55.727
9.8 -3.6 -45.395
-4.6 -4.4 31.584
-2.2 0 -1.6821
5 2 -9.9963
6.2 8.8 36.584
4.2 3.6 6.1752
-2.2 2.4 -30.163
3 11.6 40.143
9.8 5.2 -6.1781
12.6 -4.8 -76.355
11.4 0.8 -51.14
7.4 -3.2 -5.2927
2.2 -1.2 11.515
0.2 0.8 -6.5382
12.6 0.4 -73.339
-0.6 10.8 5.852
8.2 -6.8 -13.997
7 -6 10.22
-1 6.8 -23.009
11.4 10 42.984
-1 4 -13.862
-1.8 4.8 -20.851
-4.2 -6.4 57.15
-3.8 10.4 -53.71
5.8 7.2 14.581
-1.8 11.6 -11.195
-4.6 4 -53.548
11.4 6.4 -2.3571
3.4 12 53.094
5 3.2 -0.87841
-0.2 -3.6 33.185
4.6 4 6.145
10.2 12 66.774
-1.4 4 -21.962
1.8 -4 29.789
5 6.4 7.4121
-1.4 11.6 -4.2873
-6.2 3.2 -71.236
-6.6 3.2 -74.385
-6.2 0 -47.228
7.8 8.4 34.299
7.8 1.6 -13.971
13 8.8 15.544
-4.6 9.6 -69.132
7.4 -5.2 -7.8301
-5.8 8 -72.696
3 -6.4 47.951
1 9.6 7.7742
3 12 45.981
7 3.2 -6.9992
8.2 7.2 24.433
-3.4 -1.2 -5.5888
-5.4 4.4 -72.591
9.8 -6.8 -23.049
6.2 -0.4 -9.3869
-6.2 -7.6 67.325
9 -3.2 -30.293
5 6 10.86
-2.6 -4.8 35.246
10.6 -2 -48.384
11.8 -3.6 -66.702
12.6 4 -35.148
-5.8 0.8 -47.653
0.6 4.4 -9.3556
-0.6 0 -10.513
4.6 -7.6 41.13
-1 -2 19.514
-5.8 11.6 -89.226
0.2 -2.8 19.693
5.8 8.8 21.776
5.8 8.4 29.836
-4.6 -1.2 -12.545
-3.4 10 -44
-4.2 12 -49.028
1.4 10.4 26.401
1 4.8 -3.7564
-5.8 4.8 -72.786
-1 5.2 -20.844
-3.4 -5.6 39.339
11.4 -1.6 -60.217
-3.4 5.6 -38.594
11.4 8 10.731
-3.8 -4.4 35.846
-3.4 -3.6 18.213
7 -2.8 -10.692
-1.8 -1.6 7.1894
10.2 -2 -42.997
8.2 8.4 24.433
3.4 -1.6 4.2797
-6.6 -4 5.7455
1.4 0 0.88858
11.4 6.8 -12.568
-1.4 3.2 -21.63
2.2 4.4 -7.1971
11.8 -2 -57.939
8.6 5.6 1.9819
7 8.4 27.744
11.4 3.6 -37.995
-5 0.4 -38.445
-3.8 3.2 -38.596
-3.4 0.4 -15.78
-0.6 -4.4 39.301
6.6 1.6 -9.6526
-3.8 -5.6 53.042
3.4 -3.2 7.1753
11 8 9.3436
-1.4 2 -13.8
9 4.8 2.4246
-4.2 -0.4 -17.461
6.6 4 3.7809
-2.6 0.4 -17.371
6.2 2.4 2.0581
3.8 7.6 15.218
1.8 6.4 4.7446
-2.6 0.8 -14.996
-6.6 6 -85.991
6.6 2 -14.803
-0.2 9.2 -12.05
8.6 6.4 3.8356
9.8 8.8 29.476
0.2 1.6 -7.999
-4.2 -6.8 58.533
12.6 7.2 -7.5235
6.6 8 28.558
-2.2 0.8 -11.712
2.6 -5.6 47.332
-5 5.2 -58.376
-2.6 1.2 -15.736
1.4 2.8 -7.7836
12.6 8 -2.1543
-3.8 8.8 -51.897
13 -4.8 -95.39
0.6 -3.2 30.244
7 -4.4 5.0647
0.2 5.6 -10.24
-6.2 0.8 -48.786
8.6 -0.8 -19.011
-3 11.2 -30.62
-6.2 -1.2 -29.074
1.4 2.4 -1.8633
9.8 -2.4 -37.277
-4.2 -7.2 71.667
3.4 2.8 -2.8823
3.4 -4.4 34.382
-1.4 -5.2 46.438
5 8 24.876
9.4 4 -17.057
2.6 -3.2 19.328
-5 11.2 -73.76
1.8 4 2.0561
7.4 10 42.663
-1.4 -2.8 21.012
6.6 -7.6 25.66
3.4 2.4 -7.4914
6.2 2 -9.9364
-2.2 12 -10.866
7.4 6.8 17.031
-1 10.4 -12.64
-3 8 -41.954
-0.2 5.2 -14.675
-0.6 3.2 -7.3207
10.6 8.4 13.747
9 5.6 1.1428
4.2 0.4 0.55179
-3.4 -6.4 60.011
5.4 9.2 27.484
8.2 -0.4 -31.179
10.6 -1.6 -51.618
12.6 -6.8 -74.533
-6.6 12 -96.184
8.6 -4.8 -25.526
11.4 4.8 -25.803
12.2 -2.4 -67.47
0.6 -2 7.5753
5 0 -3.954
11.8 -3.2 -63.312
12.2 2.4 -55.562
2.2 5.6 4.1266
4.2 10.8 41.153
9.8 10 34.253
7.4 8.4 26.869
1.4 -0.4 11.57
0.6 -7.6 78.594
3.4 -4.8 28.448
8.6 -4 -21.704
-4.2 5.2 -45.918
-0.2 -2.4 21.067
9 10.4 59.448
10.2 2 -32.763
3 9.2 27.985
4.2 5.2 8.0636
2.6 10 20.197
6.2 -3.6 2.0995
5.4 6 9.4593
-3.8 -0.8 -20.028
7.8 8 25.64
7.8 -2.4 -13.611
10.6 0 -42.598
4.6 -2.8 8.2697
6.6 0 -7.7462
-6.6 -1.2 -37.562
12.6 -0.8 -82.572
8.2 -2.8 -10.187
1.8 9.2 14.352
6.2 -2.4 -9.1759
8.6 0.4 -25.59
10.6 2.4 -35.188
9.8 6 -11.921
-2.6 7.2 -34.406
-1.4 11.2 -11.735
-6.2 1.6 -58.867
-0.6 11.6 13.763
5.4 -5.2 17.995
-3 -6.4 59.721
-1.8 1.2 -12.628
3.8 3.2 -3.7974
10.2 1.6 -39.79
11 -4.4 -63.731
7.8 0.4 -18.791
-1.4 -6 56.293
-6.2 6.4 -93.034
2.2 10.4 35.541
9.8 2.8 -19.636
0.2 7.2 -7.7757
0.6 -0.4 6.0639
-3 -4.4 26.099
-6.2 -6.8 55.111
0.2 -6.8 58.246
1.8 3.6 0.5433
4.6 7.6 15.906
-1 0 -0.65339
-0.2 -5.2 35.831
1.8 8.4 6.0291
-3.8 4 -46.882
6.6 10.4 49.13
11.8 -2.8 -61.105
-5.8 -6.8 50.87
-6.2 6 -79.874
-3 11.6 -32.862
10.2 9.2 32.294
6.2 -7.2 20.782
2.2 -5.2 42.364
-5 -3.2 -0.52668
-5.4 -2.4 -5.5256
1 -5.6 40.575
0.6 6.4 -4.5144
13 -3.2 -79.893
5 -0.4 9.6257
11 -1.6 -57.541
-6.2 -3.2 -2.6277
5 8.4 28.258
-4.6 5.6 -65.083
-5.4 0 -36.295
4.2 1.2 5.2681
12.2 4.4 -33.458
-0.6 2 -10.372
-5.4 2.8 -63.645
11.8 5.2 -26.035
0.2 -0.4 5.9345
11.8 -4 -56.95
-6.6 -2.8 -20.764
5.8 -2.4 0.56603
-3.8 1.2 -28.372
9 6 -0.71508
3 0 10.791
3.4 8 11.973
0.2 2.8 -8.481
2.2 8.8 22.487
-2.6 -3.2 16.485
0.6 5.6 -14.41
-5.8 2.4 -53.884
-3.8 11.6 -51.794
13 0.4 -74.22
-6.6 11.6 -103.33
11.8 10.4 43.65
-0.2 -4.4 38.986
-2.2 -6 55.847
6.2 -1.6 -5.7608
2.2 -7.6 62.758
13 1.6 -55.752
-3.8 10.8 -57.006
3.4 -6.8 46.623
-5.4 2 -47.288
-2.6 -2 5.588
-1.8 8 -30.544
-0.6 5.6 -7.9836
-5.4 -2 -15.01
5 5.6 9.7981
11.4 -3.6 -59.959
11.4 0 -55.692
-2.2 -3.6 28.918
6.6 -4.8 5.4576
-0.6 3.6 -16.53
3.4 5.6 7.4293
5.4 1.2 -3.8252
-3 -4.8 33.065
3.4 2 -0.8836
-5.4 8.4 -71.412
-6.2 9.2 -87.993
11.4 -2 -57.527
-1.4 10 -20.121
-4.2 4 -47.011
9 1.6 -28.266
9 3.6 -10.255
4.6 -7.2 37.945
1 6 -0.44715
5.4 2.4 2.2113
1.4 0.4 -2.5363
4.2 -4.8 18.738
-6.2 2 -50.459
-0.6 -4.8 27.023
-1 12 4.2144
0.6 10 21.043
6.6 -6.4 15.771
-3 9.2 -39.09
-1 -6.4 56.912
-1.4 4.8 -10.689
8.2 10.8 47.237
5.8 10.4 55.578
-5.8 -0.8 -38.878
6.6 0.4 -15.682
10.6 11.6 56.293
-6.6 -0.4 -46.319
-2.2 6.4 -24.198
13 8 0.51871
1 -4 27.478
-4.6 12 -58.122
11.8 10.8 48.827
5 5.2 12.488
-5.4 -1.6 -21.353
0.6 0.8 -2.6823
-4.6 10.4 -51.291
1.4 -6.8 48.484
-1 3.6 -14.406
12.6 5.2 -31.853
11.8 1.6 -52.832
6.2 -4.8 1.517
9 10.8 57.959
6.6 -2 -9.7616
12.6 0.8 -67.424
4.2 8 19.678
-6.6 0 -43.723
5 0.4 -1.5625
-4.2 1.2 -32.804
7 3.6 -0.42352
0.2 0.4 1.2579
9 -1.2 -28.217
-4.6 8 -70.181
10.2 -7.2 -38.936
12.6 -6.4 -77.635
-0.6 7.2 -15.044
-5.4 -6.8 46.126
-2.6 4 -46.316
10.2 -4 -43.646
-4.2 -7.6 58.435
6.6 -3.6 -5.6515
-5.8 4.4 -62.508
9.4 12 84.309
-1.4 -4 27.223
0.6 -5.2 39.041
-1 7.6 -9.0042
11 1.2 -36.537
-6.6 -1.6 -34.112
11 4 -21.434
4.2 9.6 30.081
-3.4 -7.2 68.329
10.2 2.8 -25.765
-4.2 4.8 -46.304
11 7.6 13.786
0.6 6.8 -7.6535
-4.2 -5.2 33.203
-5.8 4 -65.045
-3 2.8 -27.714
1 2.4 4.1661
-5.4 -4 17.395
-1.8 6.4 -35.991
-3 5.6 -43.441
-3 -3.6 27.181
11 -5.2 -48.393
-2.6 -0.4 -16.368
1 10.8 7.0466
12.2 3.6 -32.629
-6.6 4.8 -87.028
-4.2 5.6 -50.683
12.2 -7.2 -74.213
-0.2 6 -17.949
13 -0.4 -78.537
12.2 0.8 -65.237
-5.4 -2.8 2.269
9.4 8.8 29.151
-5 -4.4 18.058
11 11.2 60.501
2.2 -5.6 48.716
3.8 5.6 7.4734
4.2 12 50.945
4.6 3.6 -5.0813
-5 -6.4 46.298
11 9.2 24.4
9.8 -3.2 -39.05
9 -6.8 -17.542
-2.2 2 -22.17
9.8 8 10.811
10.2 4.8 -17.119
-6.6 8.4 -108.49
6.6 11.6 64.816
1 -3.6 22.266
-6.2 8.4 -96.798
4.6 6.8 11.092
10.6 6.8 12.356
12.2 6.8 -1.9521
-6.2 -4.4 11.303
11 -6.4 -55.561
1.8 -7.2 58.552
3 4 -5.3038
9.4 6.8 9.9914
12.6 10.4 40.279
1.4 -6 55.091
3.8 8.8 21.904
-0.2 9.6 0.79897
9.8 -7.2 -23.221
0.2 4.8 -9.7911
-2.2 -4.8 34.148
11.4 -0.8 -61.636
1.4 -2.4 12.08
1 5.6 -5.1097
5 -2.4 5.4445
-2.2 -5.6 52.965
0.6 -2.8 17.113
-1 6.4 -21.323
-3 8.4 -40.636
-6.6 -7.6 70.669
-1 -4.4 36.917
4.6 0.4 -3.9889
4.6 6.4 11.232
10.6 -4.8 -47.001
6.6 -4 2.3721
8.2 4.8 3.3887
5.4 7.2 13.448
-1 7.2 -15.039
9 8 23.683
-3 0.8 -20.717
0.6 -4.4 34.407
1 2.8 1.5498
3.4 4.8 0.22052
-4.6 -2.4 -9.0075
-1.8 2.8 -12.323
11 -0.8 -43.538
-6.6 5.2 -79.962
9.4 10.8 57.406
-6.6 8 -98.003
4.2 -7.6 40.182
-5.8 3.6 -74.349
6.6 -6.8 12.577
13 6.8 -4.8024
5 -3.6 5.1193
-4.2 10.8 -46.069
13 11.6 61.182
10.2 5.6 -2.1637
9.4 -5.2 -16.056
6.2 1.2 -11.947
4.2 -1.6 8.2871
10.2 -5.2 -44.649
6.2 8.4 28.437
7.4 -0.4 -12.101
-1.8 10.4 -15.152
3 8.4 19.519
-5.8 9.2 -86.754
5.8 12 63.671
-3 9.6 -40.456
-5.4 8.8 -68.322
-1 0.4 1.4167
2.6 -6.4 50.811
-1.4 -4.8 47.994
7.8 -1.6 -22.803
6.6 2.4 1.5938
-0.2 10 8.6167
6.2 2.8 1.8889
12.6 -1.6 -77.213
-6.6 -6 34.251
3 -6 35.607
5 2.8 1.1105
-5.8 0.4 -33.002
6.2 -7.6 21.135
13 4.8 -42.636
2.2 2.4 2.9285
0.6 11.2 12.195
10.6 12 73.363
-6.6 -4.8 24.237
3.4 0 -3.0478
10.6 7.2 4.0098
9.8 -7.6 -21.407
-1.4 -0.8 5.8829
12.6 -7.2 -79.963
8.2 -4.8 -22.996
-2.6 -1.6 -4.0227
1.4 -1.2 5.8459
4.2 -7.2 47.34
-2.2 4.8 -35.032
11.8 8.8 27.206
-0.2 6.8 -9.25
-2.2 -2 8.9552
13 0 -78.986
1 7.2 -1.4163
3.4 11.2 42.811
-6.2 10.4 -94.319
1.4 -4.4 36.711
-5 6 -68.869
-3.8 4.8 -46.14
-2.6 11.2 -20.066
-5.8 -2.8 4.1303
0.2 -6.4 54.644
-5.4 -7.6 66.713
7.4 7.2 14.84
10.6 -0.4 -48.886
10.2 -4.4 -43.02
2.6 7.2 8.3646
10.6 4 -20.842
4.6 -6.4 34.916
-2.2 10 -24.209
7.4 6 7.1949
3 1.2 8.6766
-1.4 1.6 -17.671
-2.2 3.2 -26.831
3 -4 24.293
-3.4 -2.4 10.47
9.8 -1.2 -47.374
5.4 12 61.501
8.2 2.4 -15.597
9.8 7.2 15.432
1.8 0.8 0.9545
12.2 -6.8 -72.289
5.4 -4.4 15.369
5.8 6.4 17.671
11.8 4.8 -29.879
3 0.8 8.9672
6.2 -6.8 26.588
-1.4 -6.4 61.762
3.8 -4 19.667
-5 -1.2 -15.209
-4.2 -2 -4.1009
2.2 12 42.389
-3 0.4 -16.346
-5.4 3.2 -68.868
11.8 7.6 9.6997
11 -4.8 -52.38
3.8 3.6 3.5948
-6.2 7.2 -87.791
2.2 1.2 -4.7935
-3 -5.2 34.34
3.8 -7.2 51.916
13 -6.4 -89.124
11 -0.4 -58.724
-1 -3.2 25.36
6.2 -2 -6.4931
-4.6 -3.6 12.286
2.2 10.8 29.807
7.4 -7.2 5.4159
9.4 -4.4 -29.158
12.2 -4.8 -75.756
-4.2 -6 60.795
-0.6 11.2 8.3757
-3.8 8.4 -57.534
8.2 3.2 -16.853
9 9.6 43.334
-2.2 8.4 -24.143
1.8 1.2 4.7826
-6.6 2.8 -76.438
10.6 4.4 -21.798
2.6 1.6 8.3653
11.8 -6 -56.516
2.2 11.6 36.396
8.2 10.4 54.206
0.2 -3.2 16.379
11.4 -7.6 -59.923
11.4 5.6 -20.022
7 4.8 -0.45395
3.4 4 6.3559
-1.4 10.4 -13.35
-0.2 8.8 -10.17
3.8 10 42.46
5 -2.8 11.029
-2.6 -6.4 58.847
1 8.4 15.952
-2.6 10.4 -29.453
11.4 12 62.365
13 -2.8 -96.248
7.8 -3.2 -14.147
2.2 0.4 0.12834
8.2 -2.4 -16.371
-3 2.4 -31.46
5.8 -4.8 -3.9248
6.6 2.8 -2.2474
3 2.8 -3.2573
-3.8 2.8 -49.894
12.2 6 -15.082
3.4 -7.6 57.332
-6.6 -2 -24.073
10.6 2 -31.585
-6.6 0.4 -50.204
-2.2 7.6 -25.218
4.2 -0.4 0.15524
7.4 1.6 -5.1961
-3 -0.4 -9.3054
4.6 5.2 6.5805
2.6 -1.6 6.9075
5 -1.6 8.961
4.6 1.2 2.1895
-3 5.2 -39.631
0.6 3.2 -4.1937
13 3.2 -58.143
-3 -2.8 15.736
4.6 9.2 40.911
10.6 -2.4 -46.595
2.6 8.4 11.792
0.2 4.4 -18.885
8.6 4.4 -8.8776
4.2 -6.8 40.895
9.8 -2 -41.227
7.8 11.6 53.702
7.8 -5.2 -2.3303
1.8 -7.6 67.015
13 8.4 10.926
9.4 6 2.0451
-1 -3.6 17.136
-1.4 9.6 -18.89
3.4 -5.6 32.607
-5 6.4 -69.572
6.6 0.8 -11.555
0.6 -6.8 56.206
9.8 10.4 54.165
8.6 -1.6 -26.752
-6.2 -5.2 22.088
5 4.4 4.307
11 7.2 2.285
1 9.2 12.763
9 4 -12.563
11.4 -6.4 -56.47
-2.6 3.2 -33.682
-3.8 -6.4 48.286
-5.4 0.4 -42.14
-3.4 2.4 -35.443
-5.8 1.6 -53.437
1.4 0.8 -1.3964
-1 2 -9.1104
-1 10 -12.425
10.6 -0.8 -39.584
9 -4.4 -19.651
3.8 8 19.534
-5.4 -0.8 -30.343
4.2 -5.6 20.268
-5.8 -3.6 1.1867
-0.2 -5.6 49.013
9.4 -3.6 -48.062
2.2 3.2 -1.1453
-5.8 6.8 -78.408
6.2 -0.8 -7.4145
7.4 9.2 33.329
-2.6 9.6 -32.961
4.6 9.6 39.721
-6.6 9.6 -95.038
1.8 2 -3.574
11.8 2.8 -42.896
0.6 8.8 12.437
3.8 6.8 13.341
1.4 5.6 -7.956
3 -5.2 36.257
3.4 -1.2 12.917
0.6 9.2 2.2811
-5.8 -5.2 31.575
-4.2 9.2 -56.538
12.2 12 58.943
7 11.2 59.715
-6.2 11.6 -88.603
4.6 -1.6 9.0464
-2.6 6.8 -36.018
7 4 -5.5028
1.4 -2.8 22.95
-6.6 2 -67.328
11.4 -4.4 -67.086
7.8 -7.2 2.976
-4.2 0.4 -17.548
7.4 -6 -2.1947
4.6 5.6 9.6019
7 4.4 12.24
-5.4 1.6 -54.417
-0.2 5.6 -13.595
-4.6 8.8 -54.337
1.4 9.2 19.105
4.2 2 -1.6206
8.6 5.2 -4.1152
7 2.4 -6.9265
2.2 -1.6 8.4299
-1.8 -5.2 40.054
2.6 -1.2 16.075
-5 0 -26.18
5.4 -4.8 13.364
8.6 11.6 60.237
13 9.6 24.346
8.6 -5.2 -21.822
-3.8 -0.4 -16.02
6.2 6.8 13.819
4.6 -2.4 -0.064654
3.4 10.4 40.482
5.8 1.6 -8.8869
-4.6 1.6 -35.767
13 -5.6 -85.207
3.8 4.4 3.429
9.8 6.4 -1.844
6.6 5.6 14.621
-3.8 9.2 -58.016
5.4 -2.8 8.8822
8.6 -3.2 -15.089
-5 2.4 -58.91
10.2 11.2 66.766
-5.4 4.8 -67.893
7.4 5.6 10.856
0.2 10.8 13.327
-3.4 -4 21.197
-2.6 -5.6 47.008
7.8 1.2 -15.077
-5.4 11.2 -73.823
-3 -5.6 49.003
7 7.6 19.55
-3.4 11.6 -42.318
10.2 -6.8 -28.574
7.8 12 64.642
12.2 1.6 -63.446
9 -4 -26.959
2.2 6 -0.077906
4.6 -5.2 20.944
-5 9.6 -71.323
-5.4 5.2 -70.482
3 -2.8 17.985
1 4 -15.476
-4.6 -0.8 -15.16
5 1.2 -0.20516
-3.4 -4.8 29.078
-2.2 3.6 -25.812
-5 -4 11.248
7 11.6 70.094
10.6 5.6 -0.50474
2.6 4.8 3.0512
5.8 -3.2 -1.6849
-3 3.2 -30.298
-4.2 2 -35.602
2.2 -2 16.582
12.6 -2.4 -77.447
11 0 -50.586
2.2 2 -1.7645
8.2 8.8 31.487
10.6 10.8 47.97
9.4 -4.8 -34.81
0.2 3.2 -11.831
-1.4 5.2 -19.316
-3.8 -5.2 45.041
7 2.8 -13.715
8.6 0.8 -27.03
-0.6 9.6 -9.6061
8.6 2.8 -19.423
3.4 -0.8 12.174
-3.8 10 -51.285
-1.4 0 -3.3197
7.4 -4 -18.81
-1.8 0.8 -17.815
-6.6 4.4 -82.361
5.4 -1.6 2.1448
11 10 31.536
6.2 6.4 13.143
-5.8 12 -84.077
5.4 10.8 47.599
-6.6 -5.6 21.067
-2.2 -4 27.318
1.8 -4.8 34.564
11.4 -1.2 -53.107
0.6 1.6 6.2707
-5 -0.4 -32.152
13 -7.6 -87.368
10.6 9.6 31.776
-3.4 11.2 -37.51
-1.8 12 -6.1326
6.2 12 65.111
5.4 4 12.313
-1.8 3.2 -22.01
11.4 3.2 -31.04
3.8 -0.8 10.548
-5.8 3.2 -61.85
11.8 -2.4 -62.52
11 10.8 55.006
3.4 9.6 23.029
7.8 -4 -11.331
6.2 3.2 -14.267
2.6 -4 13.776
10.2 8.8 33.713
5.8 -2 -2.3534
10.2 -1.2 -44.314
-5.8 10.4 -90.496
8.6 -5.6 -9.3307
-3.8 -2 7.1943
9.8 9.2 39.113
10.6 1.2 -36.62
1.4 4.8 -0.17828
5.4 -7.6 41.755
-6.6 8.8 -105.1
9.8 -4.4 -30.405
-1 5.6 -17.704
-5 -1.6 -9.3755
9 7.2 6.8444
7.8 -6.8 -2.755
10.6 -5.6 -41.057
9.8 3.2 -22.395
7.4 -2.4 -12.483
7.4 -6.8 3.1705
11.8 9.2 21.915
-5.8 2.8 -52.488
1 11.2 12.516
4.2 -1.2 4.7629
10.6 9.2 32.958
5.8 -2.8 2.0022
12.2 7.6 -0.067622
11.8 6 -9.9615
3.4 3.2 6.3897
-5.4 -3.6 10.543
-6.2 5.6 -87.676
-6.6 4 -81.964
2.6 -3.6 20.7
0.6 2 7.455
10.2 3.6 -13.486
7 -2 -6.226
-5.8 -6.4 51.628
11 -6.8 -41.084
10.6 0.4 -49.01
-6.2 -2.8 0.32359
9.8 0.8 -34.135
10.2 8.4 25.371
6.2 0 -3.576
-0.6 -7.6 68.23
9.4 -2.4 -35.997
1.4 -3.6 22.966
-3.8 -2.4 16.474
-0.6 -7.2 74.048
3 3.2 2.5393
5 -6 21.308
-2.2 -1.2 -3.6906
7.4 1.2 -12.871
-2.2 1.2 -18.566
2.6 -0.4 0.092593
-6.2 8 -81.624
-2.6 12 -14.313
-5 7.6 -58.288
-5 7.2 -67.148
3.8 6.4 25.194
9 1.2 -27.162
1.8 7.2 6.5985
1 -6 44.764
5 -5.6 20.287
-3.4 3.6 -32.948
1.4 -5.2 45.045
-5.4 1.2 -36.833
13 9.2 12.004
4.2 2.8 2.9987
1.8 5.6 1.5326
-2.2 -0.8 -8.2197
12.2 2.8 -51.253
-1.8 1.6 -22.619
-4.6 -6.4 54.793
-2.6 8 -34.284
1.4 -7.6 71.262
-3.4 6 -41.902
-5.8 11.2 -81.331
1 -0.8 3.2763
-1 2.4 -6.4817
0.6 10.4 17.128
0.6 -3.6 30.221
8.2 3.6 -7.2585
0.6 -2.4 18.332
1.8 10.8 17.426
10.6 -4 -53.139
5.4 10.4 41.714
-6.6 10 -103.93
9.8 -4 -34.418
-0.2 -4.8 51.985
-5.8 -5.6 27.611
5.8 5.6 14.962
7.4 -4.4 -4.3224
-3.8 -4 19.111
6.6 -2.8 2.7437
0.2 11.6 8.2095
11.8 1.2 -52.281
-0.6 -6.4 57.589
-0.6 8.4 -15.404
3.8 6 6.6267
7 10.4 58.448
11.8 -5.6 -67.773
-6.2 2.4 -73.043
11 4.8 -25.279
3 -6.8 47.362
3.8 9.2 36.003
5.8 2.8 -10.269
11.4 -7.2 -56.309
-4.2 6.8 -50.842
-0.2 -2 14.011
-4.2 7.2 -52.565
-3.8 3.6 -40.108
7 -4.8 -1.5056
12.6 -3.2 -82.804
8.2 5.6 2.804
-6.6 9.2 -96.112
5.8 8 23.259
3 9.6 27.68
5.4 11.6 56.52
-1.4 -7.2 69.691
0.2 -7.6 72.837
2.2 9.2 17.849
7.8 5.2 2.243
11.4 5.2 -16.889
9.8 4.4 -9.7321
10.2 7.6 10.997
4.2 6.8 9.7531
9 9.2 40.345
-4.2 -2.8 -2.7133
7.8 7.6 27.693
1.4 10.8 24.202
3.8 -2.4 5.0199
8.6 8.4 28.295
-1.8 -5.6 54.143
7 6.4 11.814
7.8 11.2 61.997
11 -3.6 -45.563
8.6 2.4 -8.1695
7 9.2 45.182
8.6 -2.8 -26.821
2.6 1.2 1.689
-6.6 7.2 -100.03
-1 8.8 -16.298
-6.6 -5.2 17.33
-5 -0.8 -18.953
4.2 7.6 20.096
4.6 11.2 52.32
1 12 29.979
8.2 0.4 -25.779
4.6 1.6 3.9797
-6.2 12 -85.004
-0.6 1.6 -18.897
6.2 0.8 -8.2894
3.4 -2 7.2739
4.2 6 12.738
4.6 -4.4 27.329
5 -4.4 17.07
0.2 8.4 -5.0081
7.8 9.2 38.333
2.6 2 3.5659
-5 -6.8 49.705
3.4 -5.2 25.603
11.8 0.8 -53.145
-3.4 6.4 -46.542
3.8 2 6.3829
-1 6 -19.639
7 -7.2 17.37
3.8 11.6 49.616
-2.6 6 -38.803
3.8 0.4 3.776
1 4.4 -5.3228
-3 -6 58.266
9.4 -1.6 -32.97
12.2 -4 -73.062
9.4 -4 -24.568
9.8 4 -9.1514
7.8 -6 -1.7452
-1.4 -2 11.096
6.6 11.2 62.991
-3.8 -1.2 -5.4727
9.8 10.8 58.707
8.2 -3.6 -10.109
8.6 10.4 46.615
-6.6 3.6 -73.212
2.2 -4 26.707
11.4 2 -47.607
9.4 8.4 19.324
-5.4 10 -85.031
-2.2 8 -35.561
9.4 7.6 19.683
7.8 -7.6 10.365
-3.4 8.8 -42.598
-5.4 7.2 -62.606
11 -7.6 -49.67
-6.2 -0.4 -37.994
7.4 3.6 -5.8756
-2.2 10.8 -23.336
-2.2 1.6 -19.761
-2.2 4 -29.297
-2.6 -6 63.248
-3.4 -0.8 -15.07
11 3.2 -37.883
6.2 7.6 20.691
3.4 -6.4 51.902
1.8 -3.2 26.476
7.4 6.4 12.386
-2.2 6.8 -32.093
10.6 -3.6 -55.043
2.6 -7.2 45.838
3 -0.8 4.6175
-0.6 -5.6 48.446
9.4 6.4 5.4101
13 2 -55.901
-1.8 5.6 -18.778
10.6 -6.4 -39.395
-1.8 2.4 -18.542
7 -3.6 -8.8283
9 -4.8 -24.994
1.4 11.6 27.585
9.4 11.2 58.954
5.4 11.2 52.002
3.8 -0.4 9.4457
-1.4 3.6 -19.141
7.4 2 -8.1845
7 6 14.448
6.2 1.6 0.66186
-1 -1.2 8.2144
4.6 -2 0.44154
3.8 1.2 0.99442
-5.4 -4.4 6.6826
8.6 8.8 28.453
11 3.6 -23.66
4.2 -3.6 18.633
9.4 2 -22.005
-5 3.2 -57.695
3.8 -3.6 16.662
12.6 7.6 0.18381
-6.6 11.2 -101.3
9.8 5.6 -2.8756
4.2 6.4 8.8855
-6.6 -2.4 -7.3784
-6.2 -2 -14.663
11 -2 -57.518
11 5.6 -6.6803
1.4 9.6 21.098
9 11.6 73.069
12.2 9.6 35.09
-6.2 -2.4 -20.081
-4.2 -1.6 -13.443
7.4 -7.6 9.4061
6.2 11.2 56.097
-1 9.2 -13.792
-1.4 2.8 -16.185
8.2 -3.2 -24.401
7.4 8.8 35.079
-1 -1.6 13.554
-6.2 7.6 -93.385
8.6 11.2 67.199
11.8 11.6 68.925
-4.6 -7.2 62.226
1.4 -5.6 46.86
11.4 6 -7.7941
8.2 8 20.758
9 4.4 -9.3355
3 -4.4 21.331
5 8.8 31.731
11.4 2.4 -46.867
-3 0 -5.5795
-1 -2.4 14.95
13 10.4 31.375
-1.4 -4.4 30.837
3 8.8 28.801
-2.2 -3.2 26.539
4.6 -1.2 8.4871
3.8 -5.2 35.263
-1 -6 52.089
4.2 1.6 2.2918
-5 -2.8 6.6769
11.4 2.8 -44.099
-3.4 10.4 -33.088
7.4 7.6 21.142
-4.6 6.4 -51.043
-4.6 -2 -10.401
8.6 6.8 4.2891
10.6 -1.2 -48.222
3 0.4 4.4874
0.6 -5.6 45.102
-3 10.4 -32.147
-0.6 1.2 -9.3309
-3.4 0 -19.957
-0.2 -6 47.959
-3.8 2.4 -33.907
-2.2 4.4 -21.11
5 -4 17.902
3.8 2.8 5.4091
1 7.6 -0.60432
11.8 -1.2 -78.697
8.6 -3.6 -20.727
2.6 -2.4 9.5199
9.4 4.4 -2.7544
-1.4 8 -26.991
6.6 6.8 16.275
2.2 6.8 3.2861
-4.6 7.2 -58.174
1.8 6.8 9.7151
3.8 10.4 40.669
-4.2 11.6 -43.963
-2.2 -4.4 36.22
5.4 -6 25.138
-3.8 -2.8 0.78851
-3.8 5.6 -46.014
5.4 3.6 6.1378
9.8 -0.4 -35.332
12.2 6.4 -15.437
13 2.8 -54.397
-0.6 4.4 -16.372
-3.4 5.2 -43.612
8.2 9.6 44.904
2.6 2.8 -0.682
2.2 -2.4 25.806
-4.6 8.4 -65.179
-2.2 -2.8 21.296
7.4 11.2 66.235
8.6 0 -22.478
11 2.4 -35.087
-2.6 -2.4 10.66
-0.2 2 -3.9605
-0.2 0 -1.2816
-3.4 9.2 -27.955
1 -4.4 31.915
6.2 6 6.0244
5.8 9.2 33.076
-5.8 -4.4 9.134
1 10 20.15
7.4 -1.6 -8.008
-1 -4.8 37.874
-0.6 7.6 -13.08
-2.6 2.4 -20.764
7.8 9.6 46.887
9 -6.4 -20.135
5 -7.6 37.844
5 11.2 49.945
1 0.4 3.3681
-3.8 -6.8 63.656
12.6 -3.6 -79.192
3 5.2 1.2794
5 10 41.2
-0.6 2.4 -5.3029
5.8 7.6 16.332
11.4 7.2 5.7161
3.4 11.6 44.303
-6.6 1.2 -61.371
8.2 6.8 24.384
3.4 1.2 5.1627
-3.4 1.6 -26.75
-5.4 -5.6 46.702
12.6 4.4 -41.661
-2.6 5.6 -36.642
5.4 8 19.984
8.6 -7.6 -6.7531
-2.2 0.4 -10.76
9.8 11.6 70.582
-2.2 5.6 -28.285
12.6 6.4 -21.95
7.4 2.8 -3.8265
-3.4 4.8 -38.033
4.6 8.4 21.38
-6.2 5.2 -84.018
12.6 6 -17.231
10.2 0.4 -33.288
0.6 11.6 23.635
7.8 10 39.461
8.6 4.8 -4.8691
12.2 5.2 -20.992
1.4 6.4 -2.5282
2.2 -6.4 48.091
-2.6 -7.2 63.931
-0.6 8 -12.579
10.6 5.2 -16.446
-3 -2.4 4.2183
11.4 -5.2 -62.998
6.6 -1.2 -6.483
-6.2 10.8 -85.851
-6.2 -1.6 -33.14
-1.8 -4 32.872
1.4 7.2 4.7256
-4.2 3.6 -39.633
-5.8 9.6 -93.424
9.4 10.4 49.22
5 -3.2 4.9559
-6.2 11.2 -84.764
-4.6 -4.8 31.778
8.6 -6 -19.31
12.6 3.2 -38.577
-3.8 6 -53.623
10.2 -3.6 -42.667
-0.2 10.8 6.1045
7 1.2 -18.663
1.8 -6.4 54.121
6.2 -4.4 7.4431
3 7.6 19.906
9.4 -2.8 -40.671
10.6 -7.2 -34.754
4.2 -2.8 7.6938
9 8.4 21.136
3 11.2 50.726
1.4 6 -2.5705
2.6 12 44.147
-3.4 -3.2 13.151
5.8 4.8 5.7149
-6.2 1.2 -50.463
0.2 -5.6 50.717
12.2 0 -58.934
1.8 -0.4 5.2592
6.2 8 30.507
0.6 -4.8 38.255
7.8 -1.2 -12.926
-0.2 0.8 -4.0076
0.2 7.6 -9.4707
-6.2 -3.6 8.6297
0.2 -5.2 47.818
5.8 3.2 -4.6721
-5.8 7.2 -89.14
-4.6 2.8 -38.436
-2.6 4.8 -32.657
6.6 4.8 -0.051113
9.4 -0.4 -20.041
3.8 5.2 9.0078
5 2.4 -7.4745
1.8 -2.8 13.09
13 1.2 -76.56
5 11.6 59.387
11.8 8 8.3701
7.4 4.4 3.3388
-5 -2.4 -7.0788
8.2 4.4 -1.5471
9 -7.2 -12.147
11.8 -6.4 -66.394
-6.6 -3.2 -2.2781
9 0.4 -22.07
11 5.2 -15.653
-3 10.8 -33.369
2.2 9.6 16.995
2.6 11.2 35.497
12.2 -2 -69.727
1 11.6 25.542
12.6 1.2 -69.119
5.8 -4 4.4355
-2.6 0 -6.8663
-3 12 -17.397
-3.4 -2.8 12.882
0.2 5.2 -3.1157
-4.6 4.8 -56.648
-0.6 4.8 -18.223
12.6 9.6 24.673
4.2 -3.2 15.045
10.6 4.8 -18.158
5.8 -1.2 1.6512
9.8 -6 -34.5
9 -3.6 -25.597
7.4 -2 -14.545
-6.2 4 -83.114
5.8 -4.4 15.817
2.6 10.4 25.022
-4.6 11.6 -60.364
0.2 12 29.912
3.4 5.2 10.483
-1.8 7.2 -36.168
9.8 9.6 42.727
-0.2 8 1.0044
-1.8 -4.4 31.49
-0.6 -4 28.304
4.6 2.8 -4.944
3.8 -5.6 24.554
-5 8 -68.761
6.6 -0.4 -7.5761
7.4 -6.4 3.992
9.4 1.2 -31.951
5 6.8 14.454
-1.8 -3.6 23.569
-5.8 -7.6 68.699
-3.4 4.4 -36.277
1.8 3.2 -0.72774
1 10.4 24.717
8.2 -7.2 -2.1036
-1.4 6 -24.17
-3.8 1.6 -23.861
3.4 -6 35.819
3.4 6.4 19.757
-6.6 -6.8 44.615
1 1.2 0.78032
11.4 9.6 27.225
-5.8 6.4 -79.667
-4.6 -5.2 25.09
9.8 11.2 60.869
-5 11.6 -67.761
8.2 7.6 25.86
1.4 10 14.608
5.4 7.6 22.701
-4.2 -3.6 14.984
2.6 -2.8 23.246
4.6 -3.2 12.451
7 0.4 -7.6198
-5.4 10.8 -76.452
3.4 7.2 8.427
-1.8 -6.4 61.217
11 6.8 -3.2182
6.2 -6 12.972
-4.6 2.4 -40.386
2.2 7.6 -0.028765
0.2 11.2 6.4776
-0.6 12 9.6918
7.8 0 -21.437
-0.6 -3.2 21.397
3.8 10.8 39.833
9 -5.6 -21.456
-5.4 9.2 -79.931
9 3.2 -10.59
5.4 -6.4 21.374
-4.2 9.6 -50.291
9 -2.4 -30.509
8.6 -2.4 -26.037
-5 -7.2 66.656
11 11.6 71.706
-5.8 7.6 -77.228
-6.6 10.8 -97.845
6.2 10 44.268
12.2 10.8 36.178
11.8 3.6 -38.69
7.4 5.2 4.0504
-2.6 6.4 -40.341
-0.6 6.8 -11.225
-2.2 -0.4 -0.68716
8.6 -1.2 -19.315
-5.4 -6.4 54.702
5.8 -7.2 33.258
0.2 6.8 -3.3187
10.2 2.4 -22.82
2.6 0 2.5118
-3.4 4 -42.285
4.6 -4.8 15.427
11 -2.4 -54.159
7.8 -0.8 -19.284
11.8 7.2 -6.2695
1.8 -2 16.371
2.6 4.4 -6.2476
10.2 1.2 -35.079
4.6 2.4 -8.0151
3.8 12 54.165
6.2 -6.4 15.08
5.8 5.2 4.4926
5.4 8.4 36.72
-5.4 4 -67.818
-1.8 0.4 -0.030035
13 2.4 -58.904
1.8 10 27.285
5 9.6 35.659
9.8 -5.2 -29.471
-2.6 5.2 -29.085
12.2 -1.6 -68.214
-0.2 -0.4 1.1229
11.4 -2.4 -64.228
3 -3.2 14.334
1.8 12 30.088
7 -4 -5.6869
1.8 -3.6 20.707
0.2 -1.2 9.1218
7 9.6 37.141
11.4 -6 -57.873
11.4 11.6 63.203
13 -3.6 -79.262
5.4 0.8 -4.9726
1.4 -4 22.242
-0.2 7.6 -2.0257
-0.6 -6.8 55.984
4.6 10.8 54.231
8.6 10 56.705
9.4 10 43.157
-3.8 -7.6 72.045
4.6 -6.8 38.722
-3 4.8 -37.461
12.6 8.8 7.2588
9.8 -1.6 -39.794
-3.4 -5.2 40.792
-0.6 9.2 -2.0745
4.6 -3.6 15.424
1 -1.6 10.285
12.6 1.6 -59.491
0.2 -4.8 36.296
-0.6 0.8 -3.2621
12.2 -5.6 -71.03
11.8 -0.8 -58.824
1.4 12 36.496
-1.4 1.2 -0.81957
-5 8.8 -78.417
11.8 3.2 -41.739
10.2 10.8 49.75
7.8 6.4 15.727
0.2 -2 15.912
10.2 -0.4 -43.281
10.6 -5.2 -46.174
10.6 10.4 42.599
5.4 2.8 -3.0946
2.6 -0.8 7.8795
-4.6 0.4 -25.602
7.8 8.8 35.043
-2.6 3.6 -28.397
3.4 4.4 2.0102
9.4 -3.2 -31.548
4.6 11.6 52.139
1.8 10.4 28.079
12.6 10 23.132
2.6 8 7.7249
9 0.8 -18.923
-2.6 -4 26.44
11.8 4.4 -22.211
-6.6 0.8 -54.672
12.2 -0.8 -63.748
3.4 3.6 -2.1463
9.4 9.2 40.87
4.2 2.4 2.6246
7.8 6 5.5555
4.2 7.2 17.277
7 12 70.861
-5 5.6 -62.017
0.2 -3.6 32.054
-5.8 -7.2 63.779
12.2 -5.2 -64.463
6.2 9.6 44.846
-0.2 -7.6 66.392
9 0 -33.073
10.6 2.8 -31.819
5 7.6 18.031
-0.2 -7.2 72.326
-1 0.8 4.5837
5 -6.8 36.805
-3.4 -0.4 -14.105
-5 1.6 -47.758
5.8 10.8 52.996
9.8 -2.8 -40.41
0.2 6 -3.6178
13 5.6 -30.379
-3.4 9.6 -37.242
6.2 -3.2 -1.0527
3.8 9.6 33.879
5.8 9.6 43.065
13 3.6 -47.416
0.6 -6 51.43
11.4 1.6 -44.403
1.4 1.2 -7.8167
-3.4 6.8 -48.125
1.4 4 1.2443
0.6 5.2 -13.778
9 10 49.135
12.2 1.2 -63.931
-5.4 12 -81.089
5.8 -3.6 11.14
-3 8.8 -35.576
12.6 11.6 60.638
-5.4 -0.4 -32.639
-3.4 8.4 -47.345
10.2 -5.6 -33.767
10.2 -4.8 -47.273
-2.2 -7.6 74.691
1.8 4.4 3.1378
1.4 8.4 3.8542
4.2 -4.4 16.988
-1.8 -0.8 5.7261
8.6 -7.2 -10.54
7.4 8 19.172
-4.6 5.2 -50.707
1 1.6 0.88767
-3 6 -46.604
2.2 -0.4 0.9989
13 -7.2 -87.841
-1.4 -2.4 10.256
12.6 9.2 26.159
1.4 3.2 -1.7108
-3 -1.6 2.324
1.8 -6 50.016
8.2 0 -20.36
7.4 11.6 49.428
5.8 -6 13.541
11 0.4 -51.341
-3 -0.8 -8.3348
-1.8 6 -30.284
2.2 6.4 -5.0333
-3.8 8 -49.693
-4.6 6.8 -58.459
-1 4.4 -11.424
11.4 -4.8 -57.204
2.6 9.6 22.849
11.4 4.4 -31.842
-3.8 9.6 -50.248
12.6 -4 -85.9
2.6 6.8 -1.666
4.2 -6 27.14
-6.2 -6.4 41.872
9.8 -0.8 -28.678
-2.6 -0.8 -5.8131
-3.8 7.2 -41.802
5.4 2 0.57863
-1.8 -6 43.476
5.8 -0.8 -2.4575
7.8 4 -0.36314
-1.4 -0.4 13.721
-3.4 -7.6 66.34
12.6 5.6 -32.456
12.2 9.2 26.025
3.8 -4.4 17.404
6.6 3.6 12.208
5.8 -0.4 -7.6177
-3.4 -6 56.365
0.2 -0.8 -4.7258
11.4 9.2 27.494
8.6 1.2 -22.651
4.6 12 59.735
2.2 -4.4 34.441
-3.8 0.8 -26.903
8.6 -0.4 -21.459
2.2 -7.2 50.802
4.6 6 9.6184
-1 9.6 -15.656
-5 -6 44.12
10.6 10 47.094
11.4 11.2 63.072
5.4 -7.2 36.422
3.4 -3.6 20.294
-4.6 -5.6 44.556
9.8 3.6 -12.872
13 10.8 38.445
5 12 59.804
11.8 -4.8 -65.741
11.4 10.8 43.581
12.6 0 -68.152
5.4 -3.6 10.587
0.6 -7.2 66.698
3.8 -6 41.532
-6.6 1.6 -68.184
2.2 1.6 -0.93157
-5.4 11.6 -66.317
7 -0.4 -2.4292
6.6 10 50.275
-6.2 4.8 -81.727
5.8 1.2 -9.2314
11.8 -7.6 -53.84
10.2 10.4 46.483
7.8 -5.6 -16.914
12.2 -4.4 -75.679
6.6 -6 4.507
2.2 -0.8 12.196
12.6 6.8 -14.192
-5.8 -4.8 13.523
11.4 8.4 15.213
-1.8 2 -20.027
-6.6 2.4 -65.622
3.4 8.8 18.108
-5.8 -6 41.564
11.8 9.6 32.984
7.8 4.8 -1.7061
7 -1.2 -12.144
1.8 -4.4 32.153
-4.2 -3.2 26.38
-5 4 -52.507
5.4 -0.8 0.91189
11 -4 -43.67
8.6 -6.8 -8.2984
5 -0.8 5.1874
8.2 -1.2 -16.132
9.4 0.4 -34.682
1.4 4.4 -2.2579
-4.6 -7.6 72.16
3 2 4.8027
13 -1.6 -88.156
10.6 8.8 16.258
-1.4 2.4 -16.748
-5.4 2.4 -42.925
12.2 10.4 34.75
6.6 5.2 2.0292
-3.8 0 -15.827
10.6 -2.8 -45.656
2.2 -3.6 20.494
12.2 -7.6 -72.674
3 4.8 -0.066707
-1 1.6 -8.2831
-4.6 10 -64.341
7 7.2 14.967
3 -1.6 11.083
12.2 10 33.884
12.6 -5.6 -80.326
5 0.8 -0.91543
-3 7.6 -28.982
7.4 10.8 60.741
2.2 10 22.096
-0.2 10.4 -3.0487
8.2 -6 -13.172
-1.8 7.6 -30.698
5.8 6 14.512
-3.4 12 -39.74
-5.4 5.6 -66.948
-1.8 -3.2 23.959
-3 6.4 -39.579
5.4 -5.6 15.796
-4.2 0.8 -27.939
12.6 3.6 -35.602
2.2 3.6 -9.3454
-0.2 -6.8 63.318
-1 -2.8 16.402
1.8 -6.8 54.086
8.6 8 23.564
6.6 9.6 44.023
-5 0.8 -39.845
9.4 9.6 33.102
9 8.8 36.976
9.8 -5.6 -27.836
5.4 3.2 -0.6377
7.8 0.8 -10.744
7 -7.6 18.356
5.8 -5.6 17.758
-1 -0.4 7.3667
13 -0.8 -78.095
-4.6 1.2 -34.91
8.2 1.2 -24.752
1 -2.4 9.1941
-4.2 1.6 -31.834
-0.6 10.4 11.676
9 2.4 -25.423
8.2 2.8 -13.567
1.4 11.2 30.66
3 -0.4 -4.9071
4.2 4.4 6.859
-2.2 7.2 -29.616
-6.6 7.6 -94.214
-4.2 2.4 -40.326
1.4 6.8 3.8673
1 6.8 -4.6949
7 -6.8 6.7429
-6.2 0.4 -54.571
1.8 -2.4 13.765
3.8 -7.6 56.751
2.6 -6.8 52.469
-1 -0.8 6.1279
5.4 4.4 5.431
0.2 -1.6 11.35
1 -7.2 57.023
7 10.8 57.826
3 -2 7.6393
11.4 8.8 14.764
3 7.2 13.592
9 2.8 -18.756
-3 4 -40.346
5.4 -2 -1.04
-5 -3.6 18.653
1 -4.8 38.465
3.8 -3.2 21.193
-3.4 3.2 -36.968
-6.2 2.8 -69.158
3.8 -1.2 5.3824
-0.6 -0.4 4.0418
-1 -6.8 67.638
6.2 10.8 55.305
10.2 -7.6 -34.807
-5.8 -2.4 -9.832
2.2 4 -6.1112
12.2 4.8 -38.583
4.2 4 -0.84681
-2.6 -1.2 4.7782
3.4 -2.8 14.517
1 0.8 -5.7075
3.4 7.6 5.765
7.4 -2.8 -16.047
11.8 10 38.369
5.8 0.4 -5.5713
5.4 8.8 36.668
2.2 7.2 12.069
0.2 6.4 -12.58
2.6 4 7.2615
8.2 0.8 -16.003
3.4 10 30.282
-5.4 9.6 -74.795
11.8 -1.6 -59.302
-1.4 7.6 -14.475
8.2 11.2 68.433
-2.6 2 -20.771
3.4 0.8 8.788
-5.4 -6 40.106
-1.8 -2 10.586
9.4 2.8 -18.504
1.4 -0.8 7.6711
8.6 3.6 -14.139
2.6 0.4 15.21
11.4 -0.4 -54.785
1 -2 14.921
0.6 0.4 1.0896
2.2 -4.8 41.658
4.6 8.8 29.799
8.2 10 37.932
-1 1.2 2.6042
-5 10 -66.483
-1 2.8 -19.098
7.4 -4.8 -3.5111
-2.2 6 -31.611
-4.2 -4 20.802
7.8 3.2 -11.049
9.4 -1.2 -31.356
0.2 -7.2 72.457
-1.4 5.6 -28.253
10.6 8 11.539
-3 1.6 -25.04
7.8 -0.4 -10.738
5 10.4 46.021
-0.6 6.4 -11.063
6.6 12 74.909
-1.8 10 -21.77
11.8 -7.2 -61.613
8.2 12 65.009
-2.2 11.2 -26.412
-3 -1.2 -3.7565
3 -5.6 35.589
-4.6 -0.4 -23.709
-4.2 10.4 -55.628
-3 -7.2 63.55
-4.2 0 -25.901
6.6 3.2 -11.719
7.8 10.4 48.583
4.6 -4 17.695
-6.6 6.8 -96.906
-4.2 8 -55.044
-2.6 -3.6 21.512
11.8 4 -27.788
9 -0.4 -32.567
-6.2 8.8 -90.612
5 -4.8 14.477
11 2.8 -35.781
-2.2 2.8 -25.96
1 3.2 -10.176
10.6 1.6 -36.61
6.2 9.2 38.694
8.6 4 -12.361
6.6 -1.6 -10.977
-5 1.2 -37.231
0.6 4 -1.6328
-2.2 -1.6 -1.2791
7.4 -3.6 -4.6583
1.4 7.6 15.91
-5.4 6 -83.121
12.6 -0.4 -68.213
3 2.4 7.4352
-2.2 10.4 -21.529
-3.8 2 -31.587
8.2 6.4 15.699
2.6 -2 12.334
-3.8 6.8 -51.651
6.2 7.2 16.509
0.2 -4.4 35.747
10.2 -0.8 -42.989
-1.8 5.2 -20.321
-5 4.4 -51.266
-1.8 -4.8 46.229
9.4 -6.8 -17.414
-4.2 -4.8 30.835
-1.4 -5.6 40.436
2.2 0.8 5.8399
12.6 8.4 9.5389
-5.8 -1.6 -20.283
7.4 12 70.015
11.4 10.4 40.055
11 8.8 28.042
12.2 2 -58.641
8.6 12 71.556
-1 -7.6 75.81
-6.2 9.6 -94.82
12.6 -5.2 -84.054
6.2 11.6 65.27
-5 -4.8 31.005
13 -6.8 -92.401
7 8.8 35.588
12.2 8 5.0485
-1.8 -7.6 72.684
3.4 6 11.65
-6.2 3.6 -81.539
6.6 8.4 16.076
4.6 7.2 15.579
0.6 4.8 -1.5233
-1 -5.6 43.666
0.2 10.4 14.794
4.2 11.2 42.006
-5.4 10.4 -71.122
13 7.6 -17.127
-3.8 6.4 -49.025
6.6 4.4 7.3707
1.8 8 6.7877
8.2 2 -20.636
10.2 -6 -44.288
5.8 11.2 58.43
4.2 -2 5.0042
-1.8 9.2 -20.27
12.2 8.4 7.5408
-3.8 4.4 -46.995
6.6 6.4 5.3375
9 -2 -31.234
7.4 4 5.1831
-1.4 8.8 -25.269
-3.8 5.2 -42.648
-0.6 8.8 -7.3895
-3.8 -7.2 68.644
-4.6 -6 37.97
2.2 8.4 6.4354
-1.8 -2.8 15.481
4.2 10.4 44.439
2.6 6.4 9.4211
-3.8 -1.6 3.4056
1.8 5.2 -1.4426
-5 2 -42.952
0.6 7.6 -5.1303
7.4 4.8 -3.9522
3.8 2.4 -11.586
-5.4 -5.2 32.016
7.4 0.8 -23.205
11.4 -3.2 -68.342
-4.6 -1.6 -7.5499
11.4 7.6 3.0586
7.4 -0.8 -7.1564
-4.6 2 -40.628
7 8 25.153
9.4 5.2 -9.7224
10.6 7.6 14.635
-5 10.8 -71.653
13 -4.4 -97.596
1.4 -4.8 36.148
-3 -6.8 58.994
11.8 -4.4 -71.81
-5.8 10 -81.82
-4.6 9.2 -60.186
9.4 -7.2 -31.148
-5.4 6.8 -82.967
13 10 36.282
6.6 7.6 14.822
8.2 -4 -22.166
-1.4 -1.2 3.462
9.8 0.4 -29.49
9.4 -6.4 -22.588
-1.8 -2.4 16.169
1.8 4.8 -4.1887
4.6 -0.4 -5.5295
9.4 -0.8 -26.746
5.8 -6.8 26.248
6.6 -5.6 9.6509
5.8 6.8 21.283
3 -7.2 56.142
11.8 -5.2 -65.501
4.6 0.8 -5.1243
-2.6 -7.6 81.41
-3.4 2.8 -30.367
-5 10.4 -61.883
-2.6 -4.4 30.303
4.2 5.6 14.649
7.8 -6.4 0.49053
-4.2 -5.6 43.782
-3.4 8 -57.391
10.2 -6.4 -47.595
5 -2 3.7608
0.6 1.2 3.5864
3.8 4.8 -3.5837
4.2 4.8 13.952
10.2 9.6 36.31
12.2 8.8 13.435
2.6 7.6 8.5554
0.6 -1.2 16.633
11 2 -42.992
6.2 -5.6 4.1544
9.8 7.6 10.196
3 3.6 2.9275
5.8 11.6 61.355
-3.8 0.4 -6.6143
7 2 -11.966
0.6 10.8 14.521
-0.2 6.4 -5.0906
12.6 -6 -80.059
-1.8 8.8 -24.699
5.4 6.8 13.551
-3 3.6 -30.571
-3 6.8 -41.655
11 0.8 -47.576
10.6 -7.6 -45.075
12.2 4 -30.613
