10 -7.2 -30.14
0.8 -8.4 -4.906
8 -5.2 -23.29
-2 3.2 -0.95058
4.8 3.6 -28.073
-8.4 -5.2 -64.084
5.2 -8.4 -2.2297
-0.4 3.6 5.9669
-1.2 5.6 0.75981
5.2 -3.6 -12.539
3.6 -0.8 -6.3262
7.2 5.2 -49.682
-7.2 6.8 -13.063
-2 -2.4 -3.7629
-2.8 0.4 -0.92524
3.2 -7.2 -2.8471
-0.4 0.4 -4.908
6.4 2.8 -34.258
2.4 7.6 -17.152
-2 -5.2 -8.8595
-8.8 -2.4 -58.061
-4.8 2.4 -9.1914
-7.6 1.6 -29.911
-4.4 -3.6 -22.851
7.6 4 -55.49
-8 10 -8.0315
1.7764e-015 4.8 -8.9942
-3.2 -6 -20.697
-1.2 -3.6 -8.1361
8.8 4.4 -69.744
6.8 -0.8 -24.633
1.7764e-015 8.8 -7.2517
4 -8.4 0.6985
-5.6 -4.8 -39.49
-7.2 4.4 -19.254
-3.6 -3.2 -17.25
-0.4 -1.2 -1.7265
-2 6 2.7236
6.8 2.8 -37.001
1.7764e-015 8 -1.1874
-8.4 6 -22.795
-7.2 1.2 -26.58
-0.4 7.2 -3.6
-3.6 -2.8 -13.102
-6.4 5.6 -9.4794
2 2 -5.2088
6.4 6 -45.912
9.6 -4.8 -35.894
4 3.6 -11.541
-2.4 0.8 -7.1957
6 4.8 -36.165
-0.8 -5.2 -6.1261
-3.6 2 -2.9452
1.2 -8.4 -1.0547
1.6 1.2 -8.5871
2.4 -1.6 -6.2521
7.6 -8.8 -12.684
4.4 0.4 -13.319
5.6 7.6 -44.315
-5.6 2.4 -9.533
7.2 1.2 -28.998
0.4 -1.6 3.0053
8.8 10 -99.286
3.2 -4.8 0.99091
-2 -7.2 -16.238
-2.4 1.6 -3.4908
-1.6 -4 -7.4287
1.7764e-015 2.4 -4.9885
1.6 2.8 -3.2247
7.2 2 -41.173
0.4 -9.2 -12.894
-1.2 -1.6 -2.8085
9.6 0.4 -55.896
5.2 -9.6 -4.9213
-8 -4 -51.827
-4.8 8.8 -4.1631
-2 1.7764e-015 1.0373
5.6 5.6 -35.429
-4 9.6 -4.5657
5.6 1.2 -22.393
-0.4 1.6 -0.46668
3.2 2.4 -10.043
-1.6 -3.6 -4.2252
-3.6 -4.4 -21.464
1.6 -2.8 1.6894
6.8 -8.4 -5.9153
7.2 6 -56.108
0.8 -8.8 -2.0028
2.8 2.4 -17.683
2.4 -4.4 -0.16445
4 -2 -7.8586
-5.2 -8.8 -43.995
-1.2 4 -4.1995
-3.6 0.8 -11.33
-9.2 -8 -89.495
6.4 -9.6 -2.9114
-5.6 0.8 -20.876
-1.6 -0.4 -2.339
10 5.2 -84.142
0.8 -2 -5.2259
-4.8 2 -9.5074
-3.2 10 -0.57679
-2 -4.8 -9.0677
6 -4.8 -7.2036
-8.4 1.6 -31.2
7.2 -4.4 -12.747
7.2 -5.2 -12.098
-8.8 1.7764e-015 -46.193
-6 -5.2 -43.848
-3.6 4 1.9209
-2.8 1.7764e-015 -0.082157
-3.6 -4.8 -18.95
7.2 -2 -20.88
-2 -3.2 -6.3797
3.6 -2.8 -4.5669
5.6 -0.4 -12.304
4.8 -6.4 -3.8758
5.2 -0.4 -14.274
4.4 1.2 -14.045
-6.4 -0.8 -28.239
-4.4 10 -0.8535
-5.2 -8.4 -51.228
6.8 -5.6 -13.88
-7.6 -6.4 -59.883
-5.2 -2 -19.889
2 1.7764e-015 -1.787
3.2 6.8 -22.777
1.2 1.6 -3.7808
-5.2 0.4 -19.209
1.7764e-015 9.6 -8.5169
6.8 3.2 -44.913
9.6 -6.8 -26.879
8.4 -1.2 -33.652
4.4 -5.2 -11.755
-0.8 -3.2 -1.8991
-2.8 -1.2 -5.4834
9.6 -1.6 -47.955
-3.6 8.8 4.5901
5.2 -8.8 -4.9932
4 -8 2.6255
-4 4.8 -1.545
8.4 8 -76.173
-4 2 -7.8454
-4.8 2.8 -6.6887
-7.2 -8.4 -68.872
-6.8 8.4 -11.431
2.8 5.2 -19.501
-4.8 9.6 -1.1126
-7.6 2 -25.746
8.4 4.4 -53.872
0.4 10 -15.555
2 1.2 -4.0809
-3.2 -5.6 -15.254
1.6 2 1.5808
7.2 10 -69.026
-4.4 2 -6.7348
-1.2 -6 -11.299
2 4.4 -7.2648
-4.4 9.6 1.5143
-9.2 1.2 -43.38
-9.6 1.2 -49.634
-9.2 -2 -65.103
4.8 6.4 -34.686
4.8 -0.4 -7.9884
10 6.8 -93.875
-7.6 7.6 -10.859
4.4 -7.2 -9.0728
-8.8 6 -20.967
1.7764e-015 -8.4 -1.8066
-2 7.6 0.37393
1.7764e-015 10 -10.95
4 1.2 -17.434
5.2 5.2 -34.088
-6.4 -3.2 -36.606
-8.4 2.4 -36.853
6.8 -8.8 -7.4198
3.2 -2.4 -4.669
-9.2 -9.6 -106.16
6 -5.2 -10.3
2 4 -13.06
-5.6 -6.8 -41.13
7.6 -4 -17.779
8.8 -5.6 -27.102
9.6 2 -66.634
-8.8 -1.2 -58.683
-2.4 2.4 -0.33463
-3.6 -2 -6.2493
1.6 -9.6 -5.1837
-4 -4 -21.896
-8.8 9.6 -9.069
-2.8 -4.8 -10.408
2.8 6.8 -18.366
2.8 6.4 -14.319
-7.6 -3.2 -45.173
-6.4 8 -6.1237
-7.2 10 -2.5488
-1.6 8.4 -5.3299
-2 2.8 -1.2586
-8.8 2.8 -37.285
-4 3.2 -3.1524
-6.4 -7.6 -55.538
8.4 -3.6 -32.032
-6.4 3.6 -13.787
8.4 6 -68.967
-6.8 -6.4 -55.686
-6.4 -5.6 -48.011
4 -4.8 -3.5432
-4.8 -3.6 -23.719
7.2 -4 -24.619
5.2 6.4 -34.028
0.4 -3.6 -7.5104
-9.6 -6 -84.114
-1.6 -2 -6.0452
8.4 4.8 -67.71
-4.4 1.2 -13.109
-0.8 2.4 -8.4807
8.8 -4 -30.833
5.6 3.6 -29.393
4 6.4 -25.57
8.4 1.6 -44.13
-8 -1.6 -46.968
-6.8 1.2 -25.025
-6.4 -1.6 -32.247
-3.6 -6.4 -26.321
3.6 -0.4 -6.3083
-6.8 -7.6 -63.123
0.4 -5.2 -7.1041
8 6 -67.7
-4.4 1.7764e-015 -10.891
6 2.8 -26.403
-7.2 -2.4 -40.746
3.6 2 -11.528
-5.6 -1.6 -25.232
3.2 0.4 -2.2216
0.8 5.6 -3.0258
-1.2 4.4 -1.3528
-5.6 -1.2 -25.998
-9.6 4 -37.766
3.6 1.7764e-015 -11.119
-3.2 7.2 -1.0023
5.6 4.4 -34.303
6.8 6.8 -45.942
-2.8 -0.4 -7.886
-7.2 -8.8 -74.105
9.6 5.2 -84.458
3.6 6 -19.131
-5.2 -1.2 -18.383
-0.4 -7.6 -7.6952
-8 3.2 -27.722
-5.6 -0.8 -20.901
-1.6 0.8 -0.72877
9.6 6 -82.234
-6.8 6.8 -14.105
10 -6.8 -32.292
-2.4 -5.2 -20.14
4 -6.4 -7.562
-2.8 3.6 -6.1805
-9.2 -1.2 -58.934
5.6 -2.8 -12.095
-6 9.2 -1.8532
-9.2 -3.2 -71.347
-1.6 0.4 -1.9589
6.8 -4.4 -18.676
-7.2 -9.2 -75.001
0.4 0.8 -4.7699
0.4 -6.4 0.14473
-4.4 -7.2 -34.015
2 6 -16.557
6.4 2 -28.705
-0.4 -5.2 -0.98799
-8 9.2 -8.7875
-1.2 2 0.1088
4.4 8 -40.06
-4.4 -4.8 -23.15
3.6 -9.6 2.1687
0.4 0.4 0.50938
3.2 1.7764e-015 -9.9845
-5.2 10 -3.2541
4.4 4.8 -19.603
-4 8.4 3.5095
-6 6 -5.4409
-3.2 3.2 -1.8006
-3.6 1.2 -6.2855
7.6 6.4 -62.758
6 3.6 -34.287
1.2 -1.6 -2.2229
-6.4 -8.4 -56.282
2.4 7.2 -22.978
5.2 -2.4 -11.091
7.6 -3.6 -19.812
9.6 -8.8 -27.087
-9.6 10 -15.922
5.6 -6.8 -5.8744
8.4 2.8 -59.694
9.2 -4.4 -31.342
-2.4 -4 -8.0605
2 -2 -6.2819
8.8 -5.2 -23.387
9.2 0.4 -49.912
-0.8 3.6 -3.5221
1.2 8.8 -11.794
6.8 8 -63.699
4.4 6.4 -29.704
-1.6 -2.4 -11.154
-2.4 -9.6 -20.907
0.4 -6.8 -5.5955
5.6 -6 -1.6308
-7.2 3.2 -23.462
-3.2 -4.4 -18.747
6 8.4 -53.019
7.2 1.7764e-015 -30.455
1.7764e-015 7.2 -7.228
1.2 3.2 -4.4606
-0.4 8 -2.3197
3.2 -5.6 -0.62308
2.4 4 -6.9937
-6.8 -2.8 -40.278
4.8 6 -35.505
4.8 -4.4 -6.3027
7.6 -2 -35.547
1.6 -4.8 1.3651
3.6 -2 -5.1018
-9.6 -3.2 -77.739
9.6 -2.8 -53.397
5.2 -4.8 -1.752
-1.2 7.2 -2.379
3.2 -4.4 -6.0619
5.6 -1.6 -12.505
7.6 0.4 -42.553
6.8 4 -40.48
-5.6 5.2 -12.406
-4.4 9.2 -5.153
-9.2 -0.4 -51.592
-3.6 9.6 -1.8822
2.4 -7.2 -0.33949
-6 -8.4 -56.883
-4.8 -0.8 -13.775
0.8 1.2 0.43625
7.2 -0.4 -23.345
8 -6.4 -13.262
4.8 -1.6 -10.725
-4.4 -8 -34.418
-9.2 4.4 -33.03
-0.8 8.4 -1.8942
6.8 0.8 -31.091
-2.8 5.2 -0.94097
-2.4 -2.4 -12.289
-6 -6.4 -43.493
-9.2 -8.8 -96.578
-2.8 -8.8 -24.214
-1.2 1.6 -3.3699
1.6 5.6 -6.678
-4 -2 -12.003
-3.2 -7.2 -24.203
-1.2 6.4 2.7892
-6.8 2 -25.056
3.6 8.4 -25.564
8.8 -4.8 -26.918
-8.8 -8.8 -94.897
-9.2 4 -35.333
-6 9.6 -3.8255
7.2 7.2 -55.199
3.2 -9.2 -1.5861
-0.8 -7.2 -11.13
-8 -5.2 -64.513
-8.4 -4.4 -60.893
-2 -7.6 -18.918
-2.4 4.4 4.0617
10 -5.2 -41.068
2 -2.4 -5.1534
8 -3.6 -24.119
-9.2 -5.2 -83.199
2 6.4 -7.2977
-7.6 3.6 -22.86
-8.4 -2 -49.894
1.2 -0.8 -0.056994
9.2 2.4 -63.168
-3.6 1.7764e-015 -8.996
-8.4 0.8 -40.334
8.8 3.2 -61.723
-2.8 -2.4 -9.3506
8.8 -6 -27.18
-9.6 -4.8 -74.508
2.8 -4.4 1.0697
-6.8 -0.8 -28.817
6 4 -28.593
1.7764e-015 -2 -5.2366
0.4 6 -6.0205
-2.8 0.8 -4.2139
-0.8 6.8 -3.6296
-5.6 -5.2 -34.739
-2.4 3.6 -0.59202
-8.8 0.4 -54.31
-6.8 9.6 -7.1658
10 -1.6 -52.038
-9.6 9.6 -19.053
8.8 8.4 -90.821
-3.2 -6.4 -14.913
-5.2 -8 -40.392
3.2 -3.6 -2.8804
-0.8 -9.6 -15.925
10 -0.4 -54.684
-6.8 8.8 -9.1723
0.4 -8.8 -13.772
-8.4 1.7764e-015 -42.034
-5.6 -4 -32.207
-4.8 6 -0.95634
-3.6 3.6 -1.257
-8.4 -4 -65.855
2 3.6 -4.6346
8.4 -5.6 -20.613
8.4 -2 -34.136
-5.2 -5.6 -33.587
3.6 -6.8 -1.7887
-3.6 1.6 -3.9379
0.4 3.6 -3.4004
2.4 -0.8 -1.2273
-6 -6.8 -47.45
0.4 1.7764e-015 1.6281
-8.4 6.4 -17.154
-9.2 7.2 -27.302
8.4 -4 -28.638
-4.4 8 5.2878
-7.2 2 -22.507
6 -0.4 -16.386
6 1.6 -27.592
1.6 -9.2 1.7485
-2 4 1.5765
2.4 0.4 -3.8155
-1.6 -1.6 -4.9965
1.2 -6.8 -6.4066
-9.2 1.7764e-015 -49.933
-3.6 -6.8 -22.093
-4 10 3.8763
-2.4 8 -2.2034
3.6 -8.4 -3.4236
-6 7.2 -6.5731
-4 -8.4 -31.761
-4.4 2.8 -13.186
5.2 8.8 -45.062
2.8 8.4 -21.223
-8.8 -2.8 -60.054
3.6 -1.6 -7.5003
7.6 9.6 -79.32
-9.6 -2.4 -64.167
-5.2 4.4 -11.03
10 6 -90.857
-2 -6 -13.634
-7.6 10 -0.7661
8.8 8.8 -87.895
2 3.2 -5.5662
-8.4 -3.6 -63.172
-2.4 -1.2 -11.202
-7.6 8.4 -10.276
-1.6 -8.8 -17.163
-4 1.6 -10.058
9.6 3.2 -71.645
8.8 -0.4 -45.654
3.2 -6.8 -5.9948
6 8.8 -55.436
3.6 -4 0.38673
9.6 -1.2 -42.946
1.2 6 -6.7016
-9.6 -2 -59.555
2 -1.6 0.88037
-7.2 -0.8 -36.475
4 1.6 -10.238
-2.8 -1.6 -10.789
6 -3.2 -16.487
-7.6 6 -13.277
7.2 -9.2 -6.3842
9.6 -8.4 -23.151
-3.6 5.2 -4.9153
-8.4 -8.8 -84.204
-5.6 2 -9.6273
7.2 -6 -16.032
-7.2 -9.6 -78.526
3.6 -5.6 3.4086
-8.8 2.4 -40.291
6.4 10 -57.401
-4.4 -6 -33.297
-2.4 -7.2 -21.082
-4 5.6 -3.8668
8 -0.8 -32.117
-9.6 -3.6 -80.844
8 2 -48.867
1.2 7.6 -17.088
-6.4 -9.2 -62.789
7.2 0.8 -37.139
-7.2 2.8 -19.702
8 5.6 -59.154
-2.4 4.8 2.4868
-7.2 -7.2 -64.808
-8.8 2 -39.989
-6 0.8 -22.122
-2 0.4 -3.1287
-8.4 -6 -76.228
-4.8 4.4 -4.4004
-6 3.6 -17.699
-6 -5.6 -42.471
8 -7.2 -15.166
-5.6 -2.4 -30.176
-2 8.8 -0.027152
9.2 1.6 -55.752
-9.6 2.8 -43.818
-7.2 3.6 -23.828
9.2 -9.2 -17.112
-3.2 4 0.24001
10 -2.4 -50.007
9.2 -1.2 -44.95
-8.4 -4.8 -60.669
6.4 6.8 -48.239
-8 -6.4 -67.337
8 9.2 -80.97
-0.8 -7.6 -12.163
0.8 3.6 0.63838
1.2 10 -18.158
1.6 1.6 0.21465
-8 -8.4 -78.362
8 7.2 -71.556
6.8 -5.2 -7.2228
6 -8.8 -3.4819
-5.2 1.7764e-015 -18.718
6.8 6 -54.765
7.2 2.8 -36.868
-9.6 6.4 -30.887
3.6 9.6 -24.581
-2 -5.6 -13.983
-9.2 6.4 -24.172
1.6 4.8 0.050673
7.6 4.8 -52.322
9.2 4.8 -72.857
-9.2 -6.4 -86.178
8 -8.4 -10.23
-1.2 -9.2 -7.5537
1.7764e-015 2 0.82051
6.4 4.8 -44.613
9.6 8.4 -95.633
-1.6 -8 -13.617
0.8 6.8 -7.0681
-3.2 7.6 3.1092
6.8 -9.2 -10.383
-2.8 2.8 2.3807
-5.2 -6.8 -31.579
8.4 -2.8 -38.407
-1.6 -4.4 -0.96501
-2 3.6 2.4482
2 -4.4 3.6441
-5.2 -7.6 -40.741
-2.4 -4.8 -11.678
-4 4.4 4.8432
-6 6.4 -3.7729
-9.6 -9.6 -110.24
-4 -6.4 -23.018
1.6 -1.6 2.3248
1.6 4.4 -4.0502
7.6 -6.8 -14.156
3.6 -6 -4.044
5.2 2.8 -19.55
2.4 5.2 -11.508
-4 5.2 -4.7398
6 6 -43.37
-6 -1.2 -29.822
-2.4 -6.4 -14.764
-2 0.8 -0.042524
0.4 2.8 -7.9765
-7.6 -4.4 -52.316
-4.8 0.8 -13.091
8 -2.8 -32.612
-9.6 3.2 -40.201
6.4 8.8 -59.306
-9.6 6 -32.985
1.2 -9.6 -7.3838
-8.8 1.6 -43.425
3.6 -8.8 -1.205
10 4.8 -82.575
2 -5.6 -3.1415
-7.2 8.8 -4.8452
10 9.6 -111.92
7.2 3.6 -43.959
6.4 -7.2 -9.8011
3.2 -0.8 -8.7397
1.2 -3.6 -0.70359
7.2 -7.2 -8.287
3.2 6.4 -18.629
4.4 -2.4 -9.2593
-4.8 8.4 3.3178
1.7764e-015 6.4 -11.012
-8.8 7.2 -21.052
2.8 10 -28.272
-6 7.6 -6.2025
-8.4 6.8 -17.778
-4 -1.6 -10.351
-0.4 -8.4 -5.8296
-4.4 -6.8 -29.621
4.8 -3.6 -9.5435
3.6 0.4 -7.3429
-3.2 8 7.2215
3.2 0.8 -8.8115
9.6 -3.6 -41.076
-9.6 -8 -104.46
1.7764e-015 -8 -7.4986
2 0.8 -9.0396
-8.8 -1.6 -52.507
3.2 -9.6 -0.75581
10 2.8 -74.254
-0.8 0.4 -0.36908
-2.4 9.2 -3.484
7.6 10 -75.65
-9.6 -6.8 -97.42
0.4 -2 -2.6377
7.6 5.2 -53.155
6.8 -9.6 -10.01
-4.4 -2.8 -16.836
9.6 -9.2 -25.403
5.2 -6.8 -8.2938
-5.6 -3.6 -34.922
-1.6 -3.2 -4.8294
1.2 -9.2 -8.1353
-5.2 2.8 -6.021
8.8 6.8 -71.248
-3.2 4.8 5.7051
-5.2 -4 -21.62
10 -2 -52.04
-2 5.2 -3.931
0.4 9.2 -6.6718
-9.2 8.4 -25.561
-1.6 -6.4 -9.5845
-8 4 -24.358
-6.8 2.8 -27.235
-5.6 9.2 1.1676
-8.8 -4.8 -75.59
-2.8 -8.4 -21.762
-8.4 -9.6 -94.242
4.4 5.2 -26.174
7.6 -2.4 -30.603
7.2 -6.4 -14.143
-0.4 5.2 -6.4196
7.6 2 -41.78
1.6 -8.4 -8.991
-5.2 8 -7.0288
4.4 4 -19.768
1.7764e-015 -0.8 2.9299
-4.4 -0.4 -12.695
-5.2 1.2 -17.13
1.7764e-015 -6 -4.4533
-6.4 -4.4 -45.24
6.8 -3.2 -16.968
2.4 10 -26.504
5.2 0.4 -21.803
6.8 5.2 -47.272
-1.2 -1.2 0.071529
9.2 -8.8 -21.366
2.4 -6.4 -4.0012
2.8 4.4 -7.4769
8.8 2.8 -56.525
1.7764e-015 -1.2 -3.6771
3.2 -8.8 -1.2239
-4.4 -8.4 -42.003
0.8 -6 -12.26
-8 -3.2 -51.693
-7.2 -4 -44.236
-0.8 10 -2.4797
-6 -1.6 -23
-8.4 1.2 -36.018
8.8 5.6 -79.611
8 -6.8 -20.835
0.8 1.6 -0.077989
-9.2 5.2 -24.473
-0.8 -0.8 2.6248
-6 -7.2 -50.894
0.8 -9.2 -5.5521
10 -8.4 -21.382
8 -2.4 -30.677
-4 -5.2 -25.684
3.2 -4 -4.6651
-7.6 -5.6 -60.841
-0.8 8.8 -2.2952
4.4 -9.2 -1.3605
6.4 -6.4 -6.9238
9.2 -6.8 -21.857
-7.2 -8 -68.465
-3.6 9.2 8.9213
-6.8 6.4 -8.8084
5.2 1.2 -17.542
6 7.6 -48.163
-5.2 6.4 -1.9163
-1.2 -0.8 -3.5759
-9.6 0.8 -51.232
7.6 2.4 -45.788
-0.4 -0.4 3.0361
8.8 -8 -16.505
-0.8 9.6 -0.12127
5.2 8.4 -41.481
-2.8 -5.2 -14.639
8.4 -9.6 -16.264
8.4 3.6 -57.266
4 2.8 -21.261
0.4 2 -3.9793
-4.4 8.4 1.7034
-3.2 6.8 3.056
0.8 8 -14.031
2 -4.8 -5.2333
-5.6 -8.4 -52.348
-2 6.4 -2.5965
-5.6 8.4 0.50493
8.4 10 -91.254
10 -4.8 -41.01
4.8 -5.2 -14.22
-0.8 -1.6 -1.3184
5.2 -4.4 -4.6306
-6 0.4 -16.077
2.8 -6.8 -1.1759
3.6 0.8 -7.569
1.7764e-015 0.8 -0.69016
-6.8 0.8 -27.213
9.2 4 -65.069
0.4 -9.6 -8.5004
-9.6 -4 -78.737
7.6 1.7764e-015 -41.945
-9.6 -1.6 -60.243
-5.2 5.6 -9.4834
1.2 -2.4 0.91565
4.4 -0.4 -6.9135
-6 -2.4 -27.225
1.6 3.2 -7.4891
-0.4 -3.6 -10.054
2 -3.6 -3.1763
1.6 -0.8 -1.9623
-6 3.2 -9.4143
-2.4 1.2 -1.9987
10 1.2 -68.873
-6 -4.8 -39.099
1.6 7.2 -10.388
7.6 -4.4 -24.196
-0.4 6.4 2.4748
-2.8 2.4 -6.6557
5.6 2.4 -27.461
1.2 -8.8 -4.8448
6.8 -4 -18.165
4.8 9.6 -37.673
4.8 -7.2 1.8504
-1.2 -9.6 -12.861
10 6.4 -98.61
6.4 4 -31.454
-4 -5.6 -27.407
-4.4 7.6 -2.5349
0.4 -7.6 -8.695
-8 4.4 -22.304
3.6 -1.2 -6.1525
-2.4 -8.8 -21.992
6.8 8.4 -56.374
5.6 -3.6 -9.7209
-9.2 -7.2 -83.895
2 2.4 -5.2697
8 5.2 -64.951
-2 7.2 2.2436
6 2 -19.848
8.4 -8.4 -17.161
-5.6 1.2 -13.745
-6.8 -8.4 -68.677
-8.4 -1.6 -43.083
-6.4 0.4 -23.646
-8.8 -0.4 -48.877
-1.6 -1.2 0.69931
-4 1.7764e-015 -10.703
-4 8 4.729
7.6 -2.8 -25.597
6 -6.4 -8.0734
0.8 6 -2.8092
-8.4 -2.8 -57.003
1.2 -7.6 -1.0874
-8.8 -5.6 -67.461
-3.2 -7.6 -23.033
6.4 -5.6 -11.59
-0.8 1.2 -4.1102
-8.8 4.8 -27.733
3.2 -2.8 3.3898
4.4 7.2 -31.488
-5.6 7.6 -8.5218
1.6 7.6 -13.116
-9.6 7.6 -25.283
-1.2 1.7764e-015 -1.0411
8.8 0.8 -49.226
-2.4 6.8 -0.68024
0.8 4.8 -6.265
-1.6 3.6 2.7469
1.7764e-015 -7.2 -8.0373
0.4 -3.2 -0.7079
-2.4 7.2 2.3826
-8.8 -7.2 -84.359
-7.2 7.2 -9.4149
9.2 10 -104.37
4 9.2 -33.538
-9.2 9.6 -13.515
1.6 -3.6 0.21073
-5.6 4.8 -9.3881
4 2 -9.4543
-1.6 -4.8 -10.48
-9.6 1.7764e-015 -59.334
8.4 -6.4 -16.468
4.8 -9.2 -0.54743
-7.2 -1.6 -39.096
4.4 -8 -6.2101
1.6 3.6 -8.867
4 2.4 -13.541
-8.4 -0.4 -49.635
-3.2 3.6 -1.4786
-7.6 6.8 -14.122
-1.6 7.2 -4.849
1.2 1.7764e-015 -4.4646
5.6 3.2 -26.186
4 0.4 -13.913
-0.8 -3.6 -3.7209
-4.8 -7.2 -35.044
-0.4 -3.2 0.65693
-8 -2 -51.839
2.4 -6.8 -2.7964
5.6 9.6 -52.99
10 7.6 -99.324
5.6 -7.2 -5.4078
-6.8 -2.4 -33.116
3.2 4.8 -20.551
1.6 -4.4 0.2288
0.4 8.4 -6.0748
2.8 -0.4 -9.1301
-7.6 -0.4 -36.649
10 -7.6 -27.086
0.8 2.4 0.005337
6.8 4.4 -38.589
3.6 3.6 -15.214
-6.8 7.2 -12.266
2.4 -4.8 -3.6265
5.6 -5.2 -5.94
-8 0.4 -38.136
7.2 9.2 -74.685
-8.4 2.8 -29.733
4.4 3.6 -24.198
-2.8 8.8 -1.7795
-6.4 -6 -47.251
-5.6 -7.6 -41.601
4.8 -0.8 -13.784
-8.4 9.2 -13.275
-6 -7.6 -50.412
4 5.6 -24.027
-6.4 9.6 -0.57543
7.2 -8.8 -8.025
4.8 10 -44.678
9.2 -0.4 -46.916
6 -6 -13.603
-0.8 4 4.3798
1.6 -7.2 1.462
-8 7.6 -16.882
-8.4 3.2 -32.016
1.7764e-015 -4.8 -5.6421
-2 2 -5.85
-7.6 -2.8 -48.672
2 -0.8 -3.0612
-6.4 -6.8 -53.257
-5.2 1.6 -9.9704
-8 -6 -67.767
4 9.6 -33.62
7.6 3.6 -49.709
-0.4 2.8 -4.1506
2.8 -5.2 -2.8615
-6 1.2 -25.704
-7.2 1.7764e-015 -30.321
-0.8 -4 -4.8846
9.6 -4.4 -38.746
8 -2 -34.688
-0.8 1.7764e-015 -8.5775
5.2 6.8 -28.906
7.6 8.8 -75.025
6.4 -6.8 -6.9622
-2.8 1.2 -8.1894
-4.4 3.2 -5.5153
-6.8 -7.2 -51.964
4 0.8 -13.188
5.6 -1.2 -14.419
-3.6 7.6 5.0308
5.6 0.8 -21.938
0.4 -2.8 -8.9148
-6.8 8 -9.4432
-4.4 -2 -18.825
4.4 -6 -0.10566
-4.8 -1.2 -13.468
-9.6 2.4 -44.664
2.4 -3.6 -4.1176
8 8 -67.491
3.2 4.4 -14.7
-8.8 10 -12.354
2.4 8.8 -21.497
-9.6 -7.6 -99.482
-5.2 -6 -36.244
-1.2 -6.8 -13.834
8.4 -3.2 -30.201
-2.4 -0.4 -8.1811
-8 -2.4 -53.555
10 -9.6 -19.135
7.6 7.6 -65.596
-6.4 9.2 0.87154
-4.8 10 -0.3115
3.2 10 -24.336
2.4 2 -4.82
-4.8 1.2 -14.305
8.4 1.2 -50.303
0.8 -2.8 -2.8425
-8.8 1.2 -42.22
8.8 -4.4 -25.946
8 8.8 -80.605
0.4 7.6 -5.0749
4.8 -6 -1.7366
3.2 1.2 -10.977
-0.4 -6 -9.0327
7.2 6.8 -57.536
2.8 -4 -1.3123
7.2 -3.2 -24.273
-8.8 8.4 -16.386
5.6 -7.6 -8.3098
-6.8 -4 -46.685
6.8 7.2 -57.91
7.6 -0.8 -26.748
-1.6 2.8 2.6218
2.4 -9.6 -7.3562
-9.6 6.8 -33.052
6.8 -6.4 -13.733
-4 3.6 -5.5905
-8 -3.6 -57.026
6 5.2 -43.023
4.8 -8.8 -1.4994
7.6 -7.6 -9.8916
6.8 1.2 -31.386
4.4 -4.4 -7.3272
4.4 -8.8 -6.6604
8.8 7.2 -78.102
-8.8 0.8 -48.373
-2 9.2 -0.83708
1.2 -3.2 4.0185
7.6 7.2 -62.677
2.8 -4.8 -1.7169
9.2 5.6 -78.202
8.8 4 -68.034
0.4 1.2 1.4641
-8.4 -5.6 -75.457
-9.2 3.6 -37.076
-9.6 2 -43.259
-0.4 -5.6 -9.8012
-2.4 1.7764e-015 -8.5404
7.2 1.6 -35.222
4 -4 -2.1779
-8.8 -8.4 -93.118
8 -8.8 -14.598
7.6 -1.6 -33.237
-9.2 -4.8 -73.616
6.8 -1.2 -24.346
7.2 6.4 -56.674
3.2 -2 -1.805
-3.6 -9.6 -31.061
6.4 -4.4 -15.083
-1.6 -5.6 -13.176
-6.8 -4.4 -49.704
-3.6 -9.2 -30.452
1.7764e-015 1.2 0.28255
2 -8 -1.8668
-5.2 -3.2 -28.176
4.4 -0.8 -12.163
-5.2 -0.8 -17.273
-0.4 -2.4 -0.67996
-9.2 6 -29.657
-5.6 10 3.3234
-8 5.6 -15.996
-8 5.2 -21.066
0.8 4.4 -3.2818
6 -0.8 -18.841
-1.2 5.2 -3.4488
-2 -8 -14.687
2 -7.6 0.23662
-6.4 1.6 -21.92
-1.6 -7.2 -12.684
-8.4 -0.8 -50.25
10 7.2 -92.85
1.2 0.8 -4.6625
-1.2 3.6 -1.2857
-5.2 -2.8 -21.019
9.2 0.8 -54.669
-4.8 -0.4 -17.612
-7.6 -8.4 -74.325
-5.6 6 -8.0216
-1.6 -9.6 -23.393
-6.4 4 -14.808
-8.8 9.2 -12.164
-2 -2.8 -5.6911
-4 0.4 -8.0036
-2.4 8.4 1.0681
-2.4 -5.6 -10.393
5.2 1.6 -19.346
-2.4 -4.4 -16.889
-1.2 8.8 1.0231
7.6 -6 -9.9354
2.4 8.4 -19.048
