10 -7.2 -30.14
0.8 -8.4 -4.906
8 -5.2 -23.29
-2 3.2 -0.95058
4.8 3.6 -28.073
-8.4 -5.2 -64.084
5.2 -8.4 -2.2297
-0.4 3.6 5.9669
-1.2 5.6 0.75981
5.2 -3.6 -12.539
3.6 -0.8 -6.3262
7.2 5.2 -49.682
-7.2 6.8 -13.063
-2 -2.4 -3.7629
-2.8 0.4 -0.92524
3.2 -7.2 -2.8471
-0.4 0.4 -4.908
6.4 2.8 -34.258
2.4 7.6 -17.152
-2 -5.2 -8.8595
-8.8 -2.4 -58.061
-4.8 2.4 -9.1914
-7.6 1.6 -29.911
-4.4 -3.6 -22.851
7.6 4 -55.49
-8 10 -8.0315
1.7764e-015 4.8 -8.9942
-3.2 -6 -20.697
-1.2 -3.6 -8.1361
8.8 4.4 -69.744
6.8 -0.8 -24.633
1.7764e-015 8.8 -7.2517
4 -8.4 0.6985
-5.6 -4.8 -39.49
-7.2 4.4 -19.254
-3.6 -3.2 -17.25
-0.4 -1.2 -1.7265
-2 6 2.7236
6.8 2.8 -37.001
1.7764e-015 8 -1.1874
-8.4 6 -22.795
-7.2 1.2 -26.58
-0.4 7.2 -3.6
-3.6 -2.8 -13.102
-6.4 5.6 -9.4794
2 2 -5.2088
6.4 6 -45.912
9.6 -4.8 -35.894
4 3.6 -11.541
-2.4 0.8 -7.1957
6 4.8 -36.165
-0.8 -5.2 -6.1261
-3.6 2 -2.9452
1.2 -8.4 -1.0547
1.6 1.2 -8.5871
2.4 -1.6 -6.2521
7.6 -8.8 -12.684
4.4 0.4 -13.319
5.6 7.6 -44.315
-5.6 2.4 -9.533
7.2 1.2 -28.998
0.4 -1.6 3.0053
8.8 10 -99.286
3.2 -4.8 0.99091
-2 -7.2 -16.238
-2.4 1.6 -3.4908
-1.6 -4 -7.4287
1.7764e-015 2.4 -4.9885
1.6 2.8 -3.2247
7.2 2 -41.173
0.4 -9.2 -12.894
-1.2 -1.6 -2.8085
9.6 0.4 -55.896
5.2 -9.6 -4.9213
-8 -4 -51.827
-4.8 8.8 -4.1631
-2 1.7764e-015 1.0373
5.6 5.6 -35.429
-4 9.6 -4.5657
5.6 1.2 -22.393
-0.4 1.6 -0.46668
3.2 2.4 -10.043
-1.6 -3.6 -4.2252
-3.6 -4.4 -21.464
1.6 -2.8 1.6894
6.8 -8.4 -5.9153
7.2 6 -56.108
0.8 -8.8 -2.0028
2.8 2.4 -17.683
2.4 -4.4 -0.16445
4 -2 -7.8586
-5.2 -8.8 -43.995
-1.2 4 -4.1995
-3.6 0.8 -11.33
-9.2 -8 -89.495
6.4 -9.6 -2.9114
-5.6 0.8 -20.876
-1.6 -0.4 -2.339
10 5.2 -84.142
0.8 -2 -5.2259
-4.8 2 -9.5074
-3.2 10 -0.57679
-2 -4.8 -9.0677
6 -4.8 -7.2036
-8.4 1.6 -31.2
7.2 -4.4 -12.747
7.2 -5.2 -12.098
-8.8 1.7764e-015 -46.193
-6 -5.2 -43.848
-3.6 4 1.9209
-2.8 1.7764e-015 -0.082157
-3.6 -4.8 -18.95
7.2 -2 -20.88
-2 -3.2 -6.3797
3.6 -2.8 -4.5669
5.6 -0.4 -12.304
4.8 -6.4 -3.8758
5.2 -0.4 -14.274
4.4 1.2 -14.045
-6.4 -0.8 -28.239
-4.4 10 -0.8535
-5.2 -8.4 -51.228
6.8 -5.6 -13.88
-7.6 -6.4 -59.883
-5.2 -2 -19.889
2 1.7764e-015 -1.787
3.2 6.8 -22.777
1.2 1.6 -3.7808
-5.2 0.4 -19.209
1.7764e-015 9.6 -8.5169
6.8 3.2 -44.913
9.6 -6.8 -26.879
8.4 -1.2 -33.652
4.4 -5.2 -11.755
-0.8 -3.2 -1.8991
-2.8 -1.2 -5.4834
9.6 -1.6 -47.955
-3.6 8.8 4.5901
5.2 -8.8 -4.9932
4 -8 2.6255
-4 4.8 -1.545
8.4 8 -76.173
-4 2 -7.8454
-4.8 2.8 -6.6887
-7.2 -8.4 -68.872
-6.8 8.4 -11.431
2.8 5.2 -19.501
-4.8 9.6 -1.1126
-7.6 2 -25.746
8.4 4.4 -53.872
0.4 10 -15.555
2 1.2 -4.0809
-3.2 -5.6 -15.254
1.6 2 1.5808
7.2 10 -69.026
-4.4 2 -6.7348
-1.2 -6 -11.299
2 4.4 -7.2648
-4.4 9.6 1.5143
-9.2 1.2 -43.38
-9.6 1.2 -49.634
-9.2 -2 -65.103
4.8 6.4 -34.686
4.8 -0.4 -7.9884
10 6.8 -93.875
-7.6 7.6 -10.859
4.4 -7.2 -9.0728
-8.8 6 -20.967
1.7764e-015 -8.4 -1.8066
-2 7.6 0.37393
1.7764e-015 10 -10.95
4 1.2 -17.434
5.2 5.2 -34.088
-6.4 -3.2 -36.606
-8.4 2.4 -36.853
6.8 -8.8 -7.4198
3.2 -2.4 -4.669
-9.2 -9.6 -106.16
6 -5.2 -10.3
2 4 -13.06
-5.6 -6.8 -41.13
7.6 -4 -17.779
8.8 -5.6 -27.102
9.6 2 -66.634
-8.8 -1.2 -58.683
-2.4 2.4 -0.33463
-3.6 -2 -6.2493
1.6 -9.6 -5.1837
-4 -4 -21.896
-8.8 9.6 -9.069
-2.8 -4.8 -10.408
2.8 6.8 -18.366
2.8 6.4 -14.319
-7.6 -3.2 -45.173
-6.4 8 -6.1237
-7.2 10 -2.5488
-1.6 8.4 -5.3299
-2 2.8 -1.2586
-8.8 2.8 -37.285
-4 3.2 -3.1524
-6.4 -7.6 -55.538
8.4 -3.6 -32.032
-6.4 3.6 -13.787
8.4 6 -68.967
-6.8 -6.4 -55.686
-6.4 -5.6 -48.011
4 -4.8 -3.5432
-4.8 -3.6 -23.719
7.2 -4 -24.619
5.2 6.4 -34.028
0.4 -3.6 -7.5104
-9.6 -6 -84.114
-1.6 -2 -6.0452
8.4 4.8 -67.71
-4.4 1.2 -13.109
-0.8 2.4 -8.4807
8.8 -4 -30.833
5.6 3.6 -29.393
4 6.4 -25.57
8.4 1.6 -44.13
-8 -1.6 -46.968
-6.8 1.2 -25.025
-6.4 -1.6 -32.247
-3.6 -6.4 -26.321
3.6 -0.4 -6.3083
-6.8 -7.6 -63.123
0.4 -5.2 -7.1041
8 6 -67.7
-4.4 1.7764e-015 -10.891
6 2.8 -26.403
-7.2 -2.4 -40.746
3.6 2 -11.528
-5.6 -1.6 -25.232
3.2 0.4 -2.2216
0.8 5.6 -3.0258
-1.2 4.4 -1.3528
-5.6 -1.2 -25.998
-9.6 4 -37.766
3.6 1.7764e-015 -11.119
-3.2 7.2 -1.0023
5.6 4.4 -34.303
6.8 6.8 -45.942
-2.8 -0.4 -7.886
-7.2 -8.8 -74.105
9.6 5.2 -84.458
3.6 6 -19.131
-5.2 -1.2 -18.383
-0.4 -7.6 -7.6952
-8 3.2 -27.722
-5.6 -0.8 -20.901
-1.6 0.8 -0.72877
9.6 6 -82.234
-6.8 6.8 -14.105
10 -6.8 -32.292
-2.4 -5.2 -20.14
4 -6.4 -7.562
-2.8 3.6 -6.1805
-9.2 -1.2 -58.934
5.6 -2.8 -12.095
-6 9.2 -1.8532
-9.2 -3.2 -71.347
-1.6 0.4 -1.9589
6.8 -4.4 -18.676
-7.2 -9.2 -75.001
0.4 0.8 -4.7699
0.4 -6.4 0.14473
-4.4 -7.2 -34.015
2 6 -16.557
6.4 2 -28.705
-0.4 -5.2 -0.98799
-8 9.2 -8.7875
-1.2 2 0.1088
4.4 8 -40.06
-4.4 -4.8 -23.15
3.6 -9.6 2.1687
0.4 0.4 0.50938
3.2 1.7764e-015 -9.9845
-5.2 10 -3.2541
4.4 4.8 -19.603
-4 8.4 3.5095
-6 6 -5.4409
-3.2 3.2 -1.8006
-3.6 1.2 -6.2855
7.6 6.4 -62.758
6 3.6 -34.287
1.2 -1.6 -2.2229
-6.4 -8.4 -56.282
2.4 7.2 -22.978
5.2 -2.4 -11.091
7.6 -3.6 -19.812
9.6 -8.8 -27.087
-9.6 10 -15.922
5.6 -6.8 -5.8744
8.4 2.8 -59.694
9.2 -4.4 -31.342
-2.4 -4 -8.0605
2 -2 -6.2819
8.8 -5.2 -23.387
9.2 0.4 -49.912
-0.8 3.6 -3.5221
1.2 8.8 -11.794
6.8 8 -63.699
4.4 6.4 -29.704
-1.6 -2.4 -11.154
-2.4 -9.6 -20.907
0.4 -6.8 -5.5955
5.6 -6 -1.6308
-7.2 3.2 -23.462
-3.2 -4.4 -18.747
6 8.4 -53.019
7.2 1.7764e-015 -30.455
1.7764e-015 7.2 -7.228
1.2 3.2 -4.4606
-0.4 8 -2.3197
3.2 -5.6 -0.62308
2.4 4 -6.9937
-6.8 -2.8 -40.278
4.8 6 -35.505
4.8 -4.4 -6.3027
7.6 -2 -35.547
1.6 -4.8 1.3651
3.6 -2 -5.1018
-9.6 -3.2 -77.739
9.6 -2.8 -53.397
5.2 -4.8 -1.752
-1.2 7.2 -2.379
3.2 -4.4 -6.0619
5.6 -1.6 -12.505
7.6 0.4 -42.553
6.8 4 -40.48
-5.6 5.2 -12.406
-4.4 9.2 -5.153
-9.2 -0.4 -51.592
-3.6 9.6 -1.8822
2.4 -7.2 -0.33949
-6 -8.4 -56.883
-4.8 -0.8 -13.775
0.8 1.2 0.43625
7.2 -0.4 -23.345
8 -6.4 -13.262
4.8 -1.6 -10.725
-4.4 -8 -34.418
-9.2 4.4 -33.03
-0.8 8.4 -1.8942
6.8 0.8 -31.091
-2.8 5.2 -0.94097
-2.4 -2.4 -12.289
-6 -6.4 -43.493
-9.2 -8.8 -96.578
-2.8 -8.8 -24.214
-1.2 1.6 -3.3699
1.6 5.6 -6.678
-4 -2 -12.003
-3.2 -7.2 -24.203
-1.2 6.4 2.7892
-6.8 2 -25.056
3.6 8.4 -25.564
8.8 -4.8 -26.918
-8.8 -8.8 -94.897
-9.2 4 -35.333
-6 9.6 -3.8255
7.2 7.2 -55.199
3.2 -9.2 -1.5861
-0.8 -7.2 -11.13
-8 -5.2 -64.513
-8.4 -4.4 -60.893
-2 -7.6 -18.918
-2.4 4.4 4.0617
10 -5.2 -41.068
2 -2.4 -5.1534
8 -3.6 -24.119
-9.2 -5.2 -83.199
2 6.4 -7.2977
-7.6 3.6 -22.86
-8.4 -2 -49.894
1.2 -0.8 -0.056994
9.2 2.4 -63.168
-3.6 1.7764e-015 -8.996
-8.4 0.8 -40.334
8.8 3.2 -61.723
-2.8 -2.4 -9.3506
8.8 -6 -27.18
-9.6 -4.8 -74.508
2.8 -4.4 1.0697
-6.8 -0.8 -28.817
6 4 -28.593
1.7764e-015 -2 -5.2366
0.4 6 -6.0205
-2.8 0.8 -4.2139
-0.8 6.8 -3.6296
-5.6 -5.2 -34.739
-2.4 3.6 -0.59202
-8.8 0.4 -54.31
-6.8 9.6 -7.1658
10 -1.6 -52.038
-9.6 9.6 -19.053
8.8 8.4 -90.821
-3.2 -6.4 -14.913
-5.2 -8 -40.392
3.2 -3.6 -2.8804
-0.8 -9.6 -15.925
10 -0.4 -54.684
-6.8 8.8 -9.1723
0.4 -8.8 -13.772
-8.4 1.7764e-015 -42.034
-5.6 -4 -32.207
-4.8 6 -0.95634
-3.6 3.6 -1.257
-8.4 -4 -65.855
2 3.6 -4.6346
8.4 -5.6 -20.613
8.4 -2 -34.136
-5.2 -5.6 -33.587
3.6 -6.8 -1.7887
-3.6 1.6 -3.9379
0.4 3.6 -3.4004
2.4 -0.8 -1.2273
-6 -6.8 -47.45
0.4 1.7764e-015 1.6281
-8.4 6.4 -17.154
-9.2 7.2 -27.302
8.4 -4 -28.638
-4.4 8 5.2878
-7.2 2 -22.507
6 -0.4 -16.386
6 1.6 -27.592
1.6 -9.2 1.7485
-2 4 1.5765
2.4 0.4 -3.8155
-1.6 -1.6 -4.9965
1.2 -6.8 -6.4066
-9.2 1.7764e-015 -49.933
-3.6 -6.8 -22.093
-4 10 3.8763
-2.4 8 -2.2034
3.6 -8.4 -3.4236
-6 7.2 -6.5731
-4 -8.4 -31.761
-4.4 2.8 -13.186
5.2 8.8 -45.062
2.8 8.4 -21.223
-8.8 -2.8 -60.054
3.6 -1.6 -7.5003
7.6 9.6 -79.32
-9.6 -2.4 -64.167
-5.2 4.4 -11.03
10 6 -90.857
-2 -6 -13.634
-7.6 10 -0.7661
8.8 8.8 -87.895
2 3.2 -5.5662
-8.4 -3.6 -63.172
-2.4 -1.2 -11.202
-7.6 8.4 -10.276
-1.6 -8.8 -17.163
-4 1.6 -10.058
9.6 3.2 -71.645
8.8 -0.4 -45.654
3.2 -6.8 -5.9948
6 8.8 -55.436
3.6 -4 0.38673
9.6 -1.2 -42.946
1.2 6 -6.7016
-9.6 -2 -59.555
2 -1.6 0.88037
-7.2 -0.8 -36.475
4 1.6 -10.238
-2.8 -1.6 -10.789
6 -3.2 -16.487
-7.6 6 -13.277
7.2 -9.2 -6.3842
9.6 -8.4 -23.151
-3.6 5.2 -4.9153
-8.4 -8.8 -84.204
-5.6 2 -9.6273
7.2 -6 -16.032
-7.2 -9.6 -78.526
3.6 -5.6 3.4086
-8.8 2.4 -40.291
6.4 10 -57.401
-4.4 -6 -33.297
-2.4 -7.2 -21.082
-4 5.6 -3.8668
8 -0.8 -32.117
-9.6 -3.6 -80.844
8 2 -48.867
1.2 7.6 -17.088
-6.4 -9.2 -62.789
7.2 0.8 -37.139
-7.2 2.8 -19.702
8 5.6 -59.154
-2.4 4.8 2.4868
-7.2 -7.2 -64.808
-8.8 2 -39.989
-6 0.8 -22.122
-2 0.4 -3.1287
-8.4 -6 -76.228
-4.8 4.4 -4.4004
-6 3.6 -17.699
-6 -5.6 -42.471
8 -7.2 -15.166
-5.6 -2.4 -30.176
-2 8.8 -0.027152
9.2 1.6 -55.752
-9.6 2.8 -43.818
-7.2 3.6 -23.828
9.2 -9.2 -17.112
-3.2 4 0.24001
10 -2.4 -50.007
9.2 -1.2 -44.95
-8.4 -4.8 -60.669
6.4 6.8 -48.239
-8 -6.4 -67.337
8 9.2 -80.97
-0.8 -7.6 -12.163
0.8 3.6 0.63838
1.2 10 -18.158
1.6 1.6 0.21465
-8 -8.4 -78.362
8 7.2 -71.556
6.8 -5.2 -7.2228
6 -8.8 -3.4819
-5.2 1.7764e-015 -18.718
6.8 6 -54.765
7.2 2.8 -36.868
-9.6 6.4 -30.887
3.6 9.6 -24.581
-2 -5.6 -13.983
-9.2 6.4 -24.172
1.6 4.8 0.050673
7.6 4.8 -52.322
9.2 4.8 -72.857
-9.2 -6.4 -86.178
8 -8.4 -10.23
-1.2 -9.2 -7.5537
1.7764e-015 2 0.82051
6.4 4.8 -44.613
9.6 8.4 -95.633
-1.6 -8 -13.617
0.8 6.8 -7.0681
-3.2 7.6 3.1092
6.8 -9.2 -10.383
-2.8 2.8 2.3807
-5.2 -6.8 -31.579
8.4 -2.8 -38.407
-1.6 -4.4 -0.96501
-2 3.6 2.4482
2 -4.4 3.6441
-5.2 -7.6 -40.741
-2.4 -4.8 -11.678
-4 4.4 4.8432
-6 6.4 -3.7729
-9.6 -9.6 -110.24
-4 -6.4 -23.018
1.6 -1.6 2.3248
1.6 4.4 -4.0502
7.6 -6.8 -14.156
3.6 -6 -4.044
5.2 2.8 -19.55
2.4 5.2 -11.508
-4 5.2 -4.7398
6 6 -43.37
-6 -1.2 -29.822
-2.4 -6.4 -14.764
-2 0.8 -0.042524
0.4 2.8 -7.9765
-7.6 -4.4 -52.316
-4.8 0.8 -13.091
8 -2.8 -32.612
-9.6 3.2 -40.201
6.4 8.8 -59.306
-9.6 6 -32.985
1.2 -9.6 -7.3838
-8.8 1.6 -43.425
3.6 -8.8 -1.205
10 4.8 -82.575
2 -5.6 -3.1415
-7.2 8.8 -4.8452
10 9.6 -111.92
7.2 3.6 -43.959
6.4 -7.2 -9.8011
3.2 -0.8 -8.7397
1.2 -3.6 -0.70359
7.2 -7.2 -8.287
3.2 6.4 -18.629
4.4 -2.4 -9.2593
-4.8 8.4 3.3178
1.7764e-015 6.4 -11.012
-8.8 7.2 -21.052
2.8 10 -28.272
-6 7.6 -6.2025
-8.4 6.8 -17.778
-4 -1.6 -10.351
-0.4 -8.4 -5.8296
-4.4 -6.8 -29.621
4.8 -3.6 -9.5435
3.6 0.4 -7.3429
-3.2 8 7.2215
3.2 0.8 -8.8115
9.6 -3.6 -41.076
-9.6 -8 -104.46
1.7764e-015 -8 -7.4986
2 0.8 -9.0396
-8.8 -1.6 -52.507
3.2 -9.6 -0.75581
10 2.8 -74.254
-0.8 0.4 -0.36908
-2.4 9.2 -3.484
7.6 10 -75.65
-9.6 -6.8 -97.42
0.4 -2 -2.6377
7.6 5.2 -53.155
6.8 -9.6 -10.01
-4.4 -2.8 -16.836
9.6 -9.2 -25.403
5.2 -6.8 -8.2938
-5.6 -3.6 -34.922
-1.6 -3.2 -4.8294
1.2 -9.2 -8.1353
-5.2 2.8 -6.021
8.8 6.8 -71.248
-3.2 4.8 5.7051
-5.2 -4 -21.62
10 -2 -52.04
-2 5.2 -3.931
0.4 9.2 -6.6718
-9.2 8.4 -25.561
-1.6 -6.4 -9.5845
-8 4 -24.358
-6.8 2.8 -27.235
-5.6 9.2 1.1676
-8.8 -4.8 -75.59
-2.8 -8.4 -21.762
-8.4 -9.6 -94.242
4.4 5.2 -26.174
7.6 -2.4 -30.603
7.2 -6.4 -14.143
-0.4 5.2 -6.4196
7.6 2 -41.78
1.6 -8.4 -8.991
-5.2 8 -7.0288
4.4 4 -19.768
1.7764e-015 -0.8 2.9299
-4.4 -0.4 -12.695
-5.2 1.2 -17.13
1.7764e-015 -6 -4.4533
-6.4 -4.4 -45.24
6.8 -3.2 -16.968
2.4 10 -26.504
5.2 0.4 -21.803
6.8 5.2 -47.272
-1.2 -1.2 0.071529
9.2 -8.8 -21.366
2.4 -6.4 -4.0012
2.8 4.4 -7.4769
8.8 2.8 -56.525
1.7764e-015 -1.2 -3.6771
3.2 -8.8 -1.2239
-4.4 -8.4 -42.003
0.8 -6 -12.26
-8 -3.2 -51.693
-7.2 -4 -44.236
-0.8 10 -2.4797
-6 -1.6 -23
-8.4 1.2 -36.018
8.8 5.6 -79.611
8 -6.8 -20.835
0.8 1.6 -0.077989
-9.2 5.2 -24.473
-0.8 -0.8 2.6248
-6 -7.2 -50.894
0.8 -9.2 -5.5521
10 -8.4 -21.382
8 -2.4 -30.677
-4 -5.2 -25.684
3.2 -4 -4.6651
-7.6 -5.6 -60.841
-0.8 8.8 -2.2952
4.4 -9.2 -1.3605
6.4 -6.4 -6.9238
9.2 -6.8 -21.857
-7.2 -8 -68.465
-3.6 9.2 8.9213
-6.8 6.4 -8.8084
5.2 1.2 -17.542
6 7.6 -48.163
-5.2 6.4 -1.9163
-1.2 -0.8 -3.5759
-9.6 0.8 -51.232
7.6 2.4 -45.788
-0.4 -0.4 3.0361
8.8 -8 -16.505
-0.8 9.6 -0.12127
5.2 8.4 -41.481
-2.8 -5.2 -14.639
8.4 -9.6 -16.264
8.4 3.6 -57.266
4 2.8 -21.261
0.4 2 -3.9793
-4.4 8.4 1.7034
-3.2 6.8 3.056
0.8 8 -14.031
2 -4.8 -5.2333
-5.6 -8.4 -52.348
-2 6.4 -2.5965
-5.6 8.4 0.50493
8.4 10 -91.254
10 -4.8 -41.01
4.8 -5.2 -14.22
-0.8 -1.6 -1.3184
5.2 -4.4 -4.6306
-6 0.4 -16.077
2.8 -6.8 -1.1759
3.6 0.8 -7.569
1.7764e-015 0.8 -0.69016
-6.8 0.8 -27.213
9.2 4 -65.069
0.4 -9.6 -8.5004
-9.6 -4 -78.737
7.6 1.7764e-015 -41.945
-9.6 -1.6 -60.243
-5.2 5.6 -9.4834
1.2 -2.4 0.91565
4.4 -0.4 -6.9135
-6 -2.4 -27.225
1.6 3.2 -7.4891
-0.4 -3.6 -10.054
2 -3.6 -3.1763
1.6 -0.8 -1.9623
-6 3.2 -9.4143
-2.4 1.2 -1.9987
10 1.2 -68.873
-6 -4.8 -39.099
1.6 7.2 -10.388
7.6 -4.4 -24.196
-0.4 6.4 2.4748
-2.8 2.4 -6.6557
5.6 2.4 -27.461
1.2 -8.8 -4.8448
6.8 -4 -18.165
4.8 9.6 -37.673
4.8 -7.2 1.8504
-1.2 -9.6 -12.861
10 6.4 -98.61
6.4 4 -31.454
-4 -5.6 -27.407
-4.4 7.6 -2.5349
0.4 -7.6 -8.695
-8 4.4 -22.304
3.6 -1.2 -6.1525
-2.4 -8.8 -21.992
6.8 8.4 -56.374
5.6 -3.6 -9.7209
-9.2 -7.2 -83.895
2 2.4 -5.2697
8 5.2 -64.951
-2 7.2 2.2436
6 2 -19.848
8.4 -8.4 -17.161
-5.6 1.2 -13.745
-6.8 -8.4 -68.677
-8.4 -1.6 -43.083
-6.4 0.4 -23.646
-8.8 -0.4 -48.877
-1.6 -1.2 0.69931
-4 1.7764e-015 -10.703
-4 8 4.729
7.6 -2.8 -25.597
6 -6.4 -8.0734
0.8 6 -2.8092
-8.4 -2.8 -57.003
1.2 -7.6 -1.0874
-8.8 -5.6 -67.461
-3.2 -7.6 -23.033
6.4 -5.6 -11.59
-0.8 1.2 -4.1102
-8.8 4.8 -27.733
3.2 -2.8 3.3898
4.4 7.2 -31.488
-5.6 7.6 -8.5218
1.6 7.6 -13.116
-9.6 7.6 -25.283
-1.2 1.7764e-015 -1.0411
8.8 0.8 -49.226
-2.4 6.8 -0.68024
0.8 4.8 -6.265
-1.6 3.6 2.7469
1.7764e-015 -7.2 -8.0373
0.4 -3.2 -0.7079
-2.4 7.2 2.3826
-8.8 -7.2 -84.359
-7.2 7.2 -9.4149
9.2 10 -104.37
4 9.2 -33.538
-9.2 9.6 -13.515
1.6 -3.6 0.21073
-5.6 4.8 -9.3881
4 2 -9.4543
-1.6 -4.8 -10.48
-9.6 1.7764e-015 -59.334
8.4 -6.4 -16.468
4.8 -9.2 -0.54743
-7.2 -1.6 -39.096
4.4 -8 -6.2101
1.6 3.6 -8.867
4 2.4 -13.541
-8.4 -0.4 -49.635
-3.2 3.6 -1.4786
-7.6 6.8 -14.122
-1.6 7.2 -4.849
1.2 1.7764e-015 -4.4646
5.6 3.2 -26.186
4 0.4 -13.913
-0.8 -3.6 -3.7209
-4.8 -7.2 -35.044
-0.4 -3.2 0.65693
-8 -2 -51.839
2.4 -6.8 -2.7964
5.6 9.6 -52.99
10 7.6 -99.324
5.6 -7.2 -5.4078
-6.8 -2.4 -33.116
3.2 4.8 -20.551
1.6 -4.4 0.2288
0.4 8.4 -6.0748
2.8 -0.4 -9.1301
-7.6 -0.4 -36.649
10 -7.6 -27.086
0.8 2.4 0.005337
6.8 4.4 -38.589
3.6 3.6 -15.214
-6.8 7.2 -12.266
2.4 -4.8 -3.6265
5.6 -5.2 -5.94
-8 0.4 -38.136
7.2 9.2 -74.685
-8.4 2.8 -29.733
4.4 3.6 -24.198
-2.8 8.8 -1.7795
-6.4 -6 -47.251
-5.6 -7.6 -41.601
4.8 -0.8 -13.784
-8.4 9.2 -13.275
-6 -7.6 -50.412
4 5.6 -24.027
-6.4 9.6 -0.57543
7.2 -8.8 -8.025
4.8 10 -44.678
9.2 -0.4 -46.916
6 -6 -13.603
-0.8 4 4.3798
1.6 -7.2 1.462
-8 7.6 -16.882
-8.4 3.2 -32.016
1.7764e-015 -4.8 -5.6421
-2 2 -5.85
-7.6 -2.8 -48.672
2 -0.8 -3.0612
-6.4 -6.8 -53.257
-5.2 1.6 -9.9704
-8 -6 -67.767
4 9.6 -33.62
7.6 3.6 -49.709
-0.4 2.8 -4.1506
2.8 -5.2 -2.8615
-6 1.2 -25.704
-7.2 1.7764e-015 -30.321
-0.8 -4 -4.8846
9.6 -4.4 -38.746
8 -2 -34.688
-0.8 1.7764e-015 -8.5775
5.2 6.8 -28.906
7.6 8.8 -75.025
6.4 -6.8 -6.9622
-2.8 1.2 -8.1894
-4.4 3.2 -5.5153
-6.8 -7.2 -51.964
4 0.8 -13.188
5.6 -1.2 -14.419
-3.6 7.6 5.0308
5.6 0.8 -21.938
0.4 -2.8 -8.9148
-6.8 8 -9.4432
-4.4 -2 -18.825
4.4 -6 -0.10566
-4.8 -1.2 -13.468
-9.6 2.4 -44.664
2.4 -3.6 -4.1176
8 8 -67.491
3.2 4.4 -14.7
-8.8 10 -12.354
2.4 8.8 -21.497
-9.6 -7.6 -99.482
-5.2 -6 -36.244
-1.2 -6.8 -13.834
8.4 -3.2 -30.201
-2.4 -0.4 -8.1811
-8 -2.4 -53.555
10 -9.6 -19.135
7.6 7.6 -65.596
-6.4 9.2 0.87154
-4.8 10 -0.3115
3.2 10 -24.336
2.4 2 -4.82
-4.8 1.2 -14.305
8.4 1.2 -50.303
0.8 -2.8 -2.8425
-8.8 1.2 -42.22
8.8 -4.4 -25.946
8 8.8 -80.605
0.4 7.6 -5.0749
4.8 -6 -1.7366
3.2 1.2 -10.977
-0.4 -6 -9.0327
7.2 6.8 -57.536
2.8 -4 -1.3123
7.2 -3.2 -24.273
-8.8 8.4 -16.386
5.6 -7.6 -8.3098
-6.8 -4 -46.685
6.8 7.2 -57.91
7.6 -0.8 -26.748
-1.6 2.8 2.6218
2.4 -9.6 -7.3562
-9.6 6.8 -33.052
6.8 -6.4 -13.733
-4 3.6 -5.5905
-8 -3.6 -57.026
6 5.2 -43.023
4.8 -8.8 -1.4994
7.6 -7.6 -9.8916
6.8 1.2 -31.386
4.4 -4.4 -7.3272
4.4 -8.8 -6.6604
8.8 7.2 -78.102
-8.8 0.8 -48.373
-2 9.2 -0.83708
1.2 -3.2 4.0185
7.6 7.2 -62.677
2.8 -4.8 -1.7169
9.2 5.6 -78.202
8.8 4 -68.034
0.4 1.2 1.4641
-8.4 -5.6 -75.457
-9.2 3.6 -37.076
-9.6 2 -43.259
-0.4 -5.6 -9.8012
-2.4 1.7764e-015 -8.5404
7.2 1.6 -35.222
4 -4 -2.1779
-8.8 -8.4 -93.118
8 -8.8 -14.598
7.6 -1.6 -33.237
-9.2 -4.8 -73.616
6.8 -1.2 -24.346
7.2 6.4 -56.674
3.2 -2 -1.805
-3.6 -9.6 -31.061
6.4 -4.4 -15.083
-1.6 -5.6 -13.176
-6.8 -4.4 -49.704
-3.6 -9.2 -30.452
1.7764e-015 1.2 0.28255
2 -8 -1.8668
-5.2 -3.2 -28.176
4.4 -0.8 -12.163
-5.2 -0.8 -17.273
-0.4 -2.4 -0.67996
-9.2 6 -29.657
-5.6 10 3.3234
-8 5.6 -15.996
-8 5.2 -21.066
0.8 4.4 -3.2818
6 -0.8 -18.841
-1.2 5.2 -3.4488
-2 -8 -14.687
2 -7.6 0.23662
-6.4 1.6 -21.92
-1.6 -7.2 -12.684
-8.4 -0.8 -50.25
10 7.2 -92.85
1.2 0.8 -4.6625
-1.2 3.6 -1.2857
-5.2 -2.8 -21.019
9.2 0.8 -54.669
-4.8 -0.4 -17.612
-7.6 -8.4 -74.325
-5.6 6 -8.0216
-1.6 -9.6 -23.393
-6.4 4 -14.808
-8.8 9.2 -12.164
-2 -2.8 -5.6911
-4 0.4 -8.0036
-2.4 8.4 1.0681
-2.4 -5.6 -10.393
5.2 1.6 -19.346
-2.4 -4.4 -16.889
-1.2 8.8 1.0231
7.6 -6 -9.9354
2.4 8.4 -19.048
-9.6 8 -23.293
6.8 -6 -11.78
-3.2 -6.8 -16.62
-8.8 -7.6 -87.877
2.8 3.6 -18.297
4.4 -6.4 -5.8494
-6.8 -6 -61.224
3.6 -4.8 4.0459
-2.8 9.6 3.1606
8.8 -0.8 -48.343
-3.6 -8.4 -34.15
-3.6 6.4 4.2427
0.8 4 -4.4604
4 8.4 -30.558
8.8 -7.6 -14.062
-9.2 0.4 -49.163
8 2.8 -52.934
1.7764e-015 -8.8 -3.4552
0.8 7.2 -5.6306
2.8 0.8 -4.1092
8.4 -9.2 -8.1663
-7.2 4.8 -17.052
-3.2 -4 -20.746
-7.2 5.2 -18.879
-6.8 1.6 -20.58
4 -6.8 -1.5623
9.6 -5.2 -41.168
5.2 3.6 -24.339
-9.6 7.2 -25.068
2.8 6 -17.558
1.7764e-015 7.6 -2.7761
2.4 9.6 -18.93
-4.4 -9.2 -38.57
-2.8 -9.6 -32.856
-0.8 7.2 3.5971
4.8 3.2 -25.245
8.4 3.2 -58.256
6.8 2.4 -40.225
7.2 5.6 -47.98
1.2 4.8 -3.3315
6 7.2 -47.197
-7.2 -4.8 -49.247
4.8 5.6 -31.841
-1.6 8.8 -2.0739
0.8 -4.4 -1.657
5.6 6.4 -39.264
-4.8 -7.6 -39.566
4 4.4 -21.577
4.8 9.2 -40.922
8 -5.6 -20.965
5.6 0.4 -17.464
4 7.2 -28.44
5.6 -4.8 -9.2215
-0.4 -0.8 -0.88436
-9.6 5.2 -38.618
-4 6.8 3.6499
-9.6 -7.2 -98.857
-8 -2.8 -52.242
1.2 5.6 -7.4035
1.6 9.2 -16.041
-2 10 2.5109
5.2 -1.6 -13.883
1.6 -0.4 -0.34267
-9.2 10 -18.663
-3.6 -0.4 -8.0955
3.2 -1.2 -4.6639
0.4 -4 -2.4561
1.2 4 -3.8572
1.6 -6.4 -2.2832
2 -6.4 2.6122
-2.8 6.4 0.2834
4.8 7.2 -29.98
-0.4 1.7764e-015 4.5596
-8 -8.8 -73.841
0.4 -7.2 -5.9886
8.8 -1.2 -44.313
-6.4 4.4 -14.321
0.8 1.7764e-015 2.7464
-4 4 -11.022
4 -9.2 -3.0239
0.8 9.6 -17.025
-5.6 4 -8.5266
0.8 -1.6 2.5477
-2 2.4 -4.2777
-6 -8 -50.992
6.4 -3.6 -19.209
9.2 -6 -24.807
6.4 -6 -11.306
6.8 2 -29.753
4.8 -8 -3.0988
-4.4 -4 -23.788
3.6 9.2 -32.548
-6.8 -3.2 -38.425
6.8 8.8 -59.07
5.2 -5.6 -1.3713
5.6 8.4 -44.263
-9.6 1.6 -48.955
-0.8 -6 -10.874
8.4 1.7764e-015 -39.473
6.4 6.4 -52.36
-8.4 8 -14.415
-5.2 6 0.67496
6.4 5.6 -39.921
4.8 -9.6 -0.17136
-6.4 6.8 -3.8374
-8.4 5.2 -21.733
8 -9.6 -11.148
-9.2 -2.4 -63.164
4.4 1.6 -20.151
-5.2 8.8 3.553
-5.2 -0.4 -17.957
-5.2 2 -15.141
-5.6 -8 -49.834
-6.4 -2.8 -29.361
8 1.2 -45.349
3.2 5.6 -13.978
0.4 -8.4 -1.7459
-1.2 -5.2 -6.4282
4.4 4.4 -18.619
-5.2 4.8 -7.913
7.6 -5.6 -13.967
-0.4 -9.2 -12.126
1.7764e-015 -2.8 1.4849
-3.6 -7.6 -26.024
6.4 4.4 -39.546
10 1.7764e-015 -63.468
-4.8 3.6 -7.8634
7.6 -8.4 -11.82
-4.8 0.4 -12.799
4 -5.6 -2.1285
6 -6.8 -11.363
-1.6 9.6 -8.3949
6.4 9.2 -65.413
2.4 9.2 -28.163
0.8 -2.4 -0.057643
-4.4 1.6 -8.2735
4.4 1.7764e-015 -13.143
4 4 -21.553
3.2 -0.4 -1.9464
-4 -3.2 -20.294
1.6 -4 -4.0651
0.8 -0.8 -1.8987
-8.4 -6.4 -74.924
5.6 6.8 -42.542
8 1.6 -41.743
1.2 -5.6 -4.229
6.4 1.7764e-015 -28.467
-8 1.2 -32.52
0.8 -5.6 -10.964
9.6 5.6 -85.508
-9.6 9.2 -21.067
6.8 3.6 -44.279
1.2 4.4 -6.5387
-9.6 -4.4 -75.43
-9.2 -4 -73.504
8 -4 -24.515
8 3.6 -49.475
-1.6 7.6 2.67
6 9.6 -56.926
9.2 7.6 -87.015
-9.2 -4.4 -73.359
-7.2 -3.6 -49.63
4.4 -9.6 -4.6771
3.2 9.2 -21.164
-4 7.2 -3.908
-4.4 0.8 -8.4142
5.2 -5.2 -8.5596
4.4 6.8 -33.992
-4 -3.6 -21.67
-9.2 5.6 -34.593
5.6 9.2 -52.422
8.8 9.6 -100.74
-7.6 -9.2 -84.617
-1.6 -7.6 -15.21
8.4 4 -55.899
5.2 6 -33.308
6 2.4 -25.646
1.7764e-015 -6.4 -1.131
2 6.8 -15.918
8.4 0.4 -44.277
-6 -2 -23.101
-4 -4.4 -23.544
10 8.4 -108.75
-4.4 -6.4 -33.594
1.7764e-015 6.8 -3.0641
-5.2 -5.2 -33.762
1.6 -3.2 2.1626
0.8 -7.2 -1.0164
-4 -8 -27.933
1.2 -0.4 -1.3215
-8 -4.8 -58.688
8.4 0.8 -41.748
-6.4 8.4 -6.8503
4.4 5.6 -25.304
-7.6 4.4 -22.107
-7.6 -4 -52.836
5.6 4.8 -29.73
7.6 -3.2 -20.106
1.7764e-015 -1.6 0.48978
-2.4 -7.6 -22.324
-6 8.4 -1.4027
-3.6 -0.8 -10.323
-6.4 -2 -35.349
-3.2 -8 -28.405
-6.8 0.4 -23.759
-5.2 2.4 -14.885
2 -6 1.5599
0.8 0.8 -1.2223
-2 5.6 0.49571
8.8 -3.2 -35.615
5.6 -5.6 -7.3652
-0.4 -4.4 -2.7606
6.4 2.4 -35.147
-4.4 6 -2.4108
3.6 4.8 -22.477
-0.8 4.8 -2.0923
-7.6 5.2 -15.334
-1.2 4.8 -1.2243
0.8 8.4 -8.3086
-7.2 9.6 -3.4474
-5.2 -6.4 -37.783
2.4 -8 -3.2463
-6.8 -4.8 -50.751
-6.8 3.6 -20.035
2.4 1.6 -10.418
6.8 -2.4 -24.831
9.2 4.4 -78.218
10 0.8 -70.292
-3.6 2.4 -1.2753
-6.4 3.2 -16.24
5.2 7.6 -39.68
-0.4 0.8 -3.4835
-0.8 -4.4 -3.4258
-7.6 6.4 -19.666
-5.2 -4.8 -33.758
4.4 9.2 -36.631
5.6 -2 -15.172
8 0.4 -42.054
-5.6 -4.4 -29.338
-3.2 1.7764e-015 -9.0379
-3.2 -2 -10.903
-6.4 7.2 -6.1499
-2 -6.4 -14.683
3.2 4 -12.231
2.8 7.2 -19.272
-8.8 -6.4 -77.975
-2 8 2.8186
4.4 -3.6 -1.7418
-4 -6.8 -26.007
-3.6 5.6 6.9664
-5.6 0.4 -20.286
4.8 7.6 -31.801
6 -8.4 -8.4464
2 -9.6 -0.58433
2 9.2 -18.164
-2 -1.6 -13.803
-6.8 -8.8 -63.595
9.6 -5.6 -36.615
1.7764e-015 3.2 1.4048
2 8 -21.339
-3.6 0.4 -4.8621
2.8 5.6 -14.485
8.4 5.2 -67.812
0.4 9.6 -9.0357
-9.6 -0.8 -52.048
5.2 4.8 -33.163
0.4 -0.8 5.9049
-6.4 -0.4 -30.527
-8.4 -7.6 -85.155
9.6 2.4 -67.807
-5.6 3.6 -11.254
2.4 6 -11.046
5.6 -9.6 -1.4822
-5.2 -1.6 -23.878
6.8 9.6 -64.743
-5.2 3.6 -10.83
9.6 4.4 -73.307
4.4 0.8 -8.8926
-6.4 2.8 -13.496
1.6 6.4 -3.7071
-9.2 3.2 -34.901
9.6 4 -76.996
7.2 -1.6 -29.407
-2.4 9.6 3.399
4.8 8 -39.482
5.6 2.8 -28.933
9.2 3.2 -67.226
-1.6 4.4 1.3149
-0.8 -8.4 -15.471
-5.6 -9.2 -50.854
-3.6 6 -0.099207
7.6 3.2 -48.933
-6 -4.4 -35.004
8.4 -7.2 -19.952
3.6 -3.2 2.2109
-9.2 8.8 -22.243
-9.2 -3.6 -72.788
-4.8 -6 -34.918
-1.6 5.2 -5.6156
-7.2 1.6 -24.869
-8.8 7.6 -21.088
6.4 8.4 -60.357
2 -5.2 -1.4517
-9.2 9.2 -16.657
-7.6 -6.8 -68.5
5.6 -8 -2.9578
9.6 1.2 -63.435
-6.8 4 -19.079
7.2 -5.6 -11.041
-3.2 8.8 -3.9939
4 -0.8 -6.5255
-1.2 -8.4 -11.495
3.2 -6.4 1.4614
1.7764e-015 5.6 -1.7991
6.4 -4.8 -18.272
7.6 -9.2 -11.828
1.2 -4.8 0.39499
6 6.4 -43.914
1.7764e-015 9.2 -9.0983
-1.6 4 4.0882
-0.4 10 -13.639
-6.4 -5.2 -44.641
2.8 2.8 -6.2873
-9.2 -0.8 -51.501
-2.8 -7.6 -20.692
9.2 -2 -46.418
-1.2 -2.4 -0.78961
3.2 6 -12.392
-2.4 -6.8 -17.7
4.8 -3.2 -7.2621
-3.2 -1.2 -8.6365
-2.8 5.6 0.64955
-9.2 -5.6 -79.115
-2.8 -7.2 -14.636
2.8 1.2 0.35582
-8.8 5.2 -25.802
-7.6 0.8 -27.483
-5.6 2.8 -9.2125
3.6 2.8 -13.306
6.4 -2.4 -16.005
0.8 3.2 -3.969
2 0.4 1.5202
-1.2 -4.8 -9.9544
10 -0.8 -55.835
2 9.6 -20.767
8.8 6 -72.841
4.4 2.4 -17.911
-8 -4.4 -64.702
5.2 2.4 -21.853
6 -9.2 -6.3209
8.8 -8.4 -14.158
-9.6 -5.2 -86.584
6 -1.6 -13.84
8 3.2 -53.426
-6 8.8 0.30471
-0.8 7.6 -5.6114
-0.4 9.2 -6.1366
9.2 -4 -32.44
-2 9.6 -1.8735
9.6 -0.8 -52.051
2.8 -6 -3.217
-5.6 -2 -27.793
-6 10 -3.7642
-6.4 -4.8 -43.119
-2.8 3.2 0.24333
-7.6 2.8 -26.169
-3.6 2.8 -5.6604
9.6 7.6 -98.248
1.2 -5.2 -3.602
7.6 2.8 -47.711
2.8 -3.2 0.51743
6.8 -8 -13.622
6 -5.6 -8.4839
4.4 -4 -4.298
-9.2 2 -43.282
2.8 -6.4 1.5787
-0.4 8.4 -6.0909
-7.6 9.6 -6.6806
-2.8 10 -1.678
0.4 3.2 -3.3129
-4.8 5.2 -0.14543
6.8 7.6 -52.038
-3.2 6 -2.7487
-4.8 -6.4 -31.584
-3.6 -6 -26.862
1.6 0.8 -3.1449
0.8 -7.6 -5.009
-8 6 -20.968
3.6 -2.4 -0.73213
4.4 -8.4 2.6064
6.4 -0.8 -19.337
2 4.8 -15.322
-4.8 -5.6 -27.216
-8.8 -9.6 -93.966
-6.4 2.4 -19.418
-1.2 1.2 -5.1589
-2 8.4 3.108
5.2 -9.2 -1.5279
-4.4 4 -7.7723
-6.8 -0.4 -30.373
0.4 -8 -6.3292
0.4 4.4 -0.57458
-9.6 -8.8 -107.13
-2 -0.8 -1.7563
8.4 7.6 -80.172
-8.8 4.4 -34.892
-7.6 -7.2 -67.352
6.8 9.2 -70.507
-8 9.6 -5.6216
5.2 5.6 -37.006
-1.6 8 -2.5304
2.4 5.6 -12.009
-7.2 -5.6 -63.583
-0.4 -4.8 -2.2144
1.6 -5.2 0.80348
4 -1.6 -6.3593
-8.4 8.8 -16.887
0.4 5.2 -5.6408
-4.8 -8.4 -39.73
8 4.8 -56.318
3.2 -8 4.5007
-7.6 0.4 -36.431
-0.8 5.6 -3.3456
-2.8 9.2 -0.80736
-3.6 10 0.071297
4.8 -2 -11.476
-3.6 -5.2 -23.941
0.8 8.8 -13.032
6 -7.6 -6.8145
-8.4 7.2 -18.376
6 1.2 -30.825
2.4 -8.4 -2.998
-7.2 7.6 -12.121
6 -4.4 -10.183
5.6 -4.4 -10.123
-8 -9.2 -85.809
8 9.6 -80.678
-8.8 5.6 -26.915
-9.6 8.8 -17.461
3.2 8 -21.285
9.2 8.8 -94.603
8.8 1.6 -53.045
4.4 3.2 -12.781
-5.6 4.4 -10.094
-3.6 4.8 6.5068
-5.2 -2.4 -27.428
5.6 -3.2 -9.9691
-8.4 -8.4 -83.793
2.8 -9.2 -0.48459
-2.8 4.8 -4.04
7.2 0.4 -29.109
-0.4 -2 -1.1832
-6.4 2 -21.623
1.6 -6.8 -0.44518
8 -4.4 -26.062
4.8 -2.8 -9.7932
8.8 5.2 -65.264
-1.2 -4 -4.9182
-0.4 2.4 -5.1788
7.2 -0.8 -25.848
1.6 0.4 0.97557
0.8 10 -9.4568
3.2 -8.4 0.93484
2.8 3.2 -11.696
2.4 6.4 -12.697
-8.4 2 -35.099
-4.8 -1.6 -13.989
10 0.4 -58.611
-1.2 8 0.93431
2 7.6 -14.418
6.8 -7.2 -15.313
-5.6 3.2 -13.363
9.2 -3.6 -29.055
-3.2 -2.4 -12.593
8.4 -4.4 -27.987
1.7764e-015 -5.2 -5.6648
-1.2 10 -4.0299
4 -6 -0.49906
-1.2 -5.6 -11.12
-2.8 -3.2 -8.723
4 7.6 -30.364
8.4 -8 -18.825
8.4 9.6 -88.672
10 -5.6 -38.351
2.4 -1.2 -5.6081
-1.6 -6 -8.7431
-3.2 5.6 4.1983
-3.6 -8.8 -29.737
1.6 8.8 -18.245
5.6 8 -46.717
6.4 8 -60.902
-6.8 -9.6 -70.428
1.6 -8.8 -6.844
-6 2.8 -15.61
9.6 6.8 -91.138
6.8 -3.6 -12.059
-6.4 -7.2 -52.072
-3.6 7.2 2.7007
1.6 -5.6 6.9301
-2 -3.6 -6.86
9.6 -0.4 -54.385
-2.8 -6.8 -21.154
-3.6 -1.2 -10.65
9.2 -7.6 -25.235
8.8 -2.8 -36.909
-1.6 10 0.33896
-4.4 -0.8 -10.904
-8 6.8 -14.974
8.8 1.2 -49.332
7.2 8.8 -71.018
4.8 4.4 -24.056
-2.8 -4 -8.1826
7.2 -2.4 -19.311
7.6 -7.2 -17.094
7.6 8.4 -66.123
2.4 0.8 -5.7659
-0.4 -2.8 -5.1496
-7.6 -1.6 -37.075
4.8 6.8 -30.495
-5.6 1.6 -13.586
0.4 2.4 -0.36478
6.4 -5.2 -7.7472
1.6 9.6 -20.985
-1.2 8.4 0.13047
9.6 8 -99.891
-0.4 6 5.3638
6 -1.2 -16.671
-5.6 -6 -40.171
8.8 2.4 -57.349
-9.6 -1.2 -66.278
9.2 -2.8 -35.4
0.4 1.6 5.6398
6.4 7.2 -51.451
1.2 0.4 -2.5594
4.8 4 -26.988
1.2 5.2 -6.7368
4 10 -38.775
-8 3.6 -23.333
-2.8 -5.6 -15.017
-8.8 -9.2 -95.116
9.2 -7.2 -21.022
3.2 7.6 -23.98
-3.2 -9.6 -29.411
6 -2 -16.606
7.6 0.8 -33.075
2 5.6 -16.155
-3.2 -9.2 -28.87
-4 -1.2 -15.158
2 -8.8 -1.2621
-6.4 -2.4 -32.223
-8 -0.4 -34.299
2.8 8.8 -22.903
6.8 -4.8 -12.991
-2.8 4 0.041032
10 3.6 -72.635
-6.4 7.6 -9.8642
3.2 -5.2 -4.8436
0.8 7.6 -5.7916
2.8 7.6 -17.464
10 1.6 -74.276
-2.4 -8 -15.889
8.4 -0.4 -43.545
-1.6 -0.8 -4.7027
-6.4 4.8 -14.57
-1.6 2 0.82186
-2.4 3.2 -5.6386
6 8 -51.514
9.2 -0.8 -49.282
-8.4 10 -9.7117
2.8 -5.6 3.1446
-6 6.8 -5.975
9.6 9.6 -106.61
-8.4 -2.4 -55.481
-6.4 6.4 -11.388
7.2 -7.6 -10.709
7.2 -6.8 -13.227
-5.2 -9.6 -47.708
-1.2 2.4 -1.019
-1.6 6.4 -3.7814
1.2 -6.4 -5.1077
-4.8 -2.8 -27.246
5.6 -9.2 2.5097
4.4 6 -27.598
-7.6 3.2 -16.082
-2 -0.4 -2.4768
-6 4 -9.3896
-0.8 -2.4 -5.4436
10 -9.2 -25.656
-4.4 -4.4 -24.035
9.6 7.2 -85.444
-1.6 1.2 4.5895
-6 -3.6 -30.314
-1.2 -8 -14.936
5.2 -2 -13.78
4.4 9.6 -36.858
2.8 -8 2.429
8 -1.6 -34.284
-6 -2.8 -32.671
-4.8 4 -2.0527
-0.8 4.4 7.3472
-6.8 6 -11.032
-7.6 4.8 -17.818
-4 2.4 -6.2175
8.4 -6.8 -21.579
-0.4 7.6 0.57005
8.4 2.4 -50.138
-6.8 7.6 -6.1669
9.6 -6 -34.525
-0.4 4.8 -3.3712
1.2 -8 1.4593
-9.2 -8.4 -95.406
6.8 -2.8 -18.218
-5.6 -2.8 -26.826
-6.8 5.2 -10.539
2.4 1.7764e-015 -6.1788
-4.8 -8 -43.295
2.8 -2.8 -0.4161
4.8 2 -16.42
-4.4 -2.4 -12.855
-6.4 -9.6 -64.665
9.6 3.6 -67.983
9.2 7.2 -88.374
0.8 -6.4 -4.2425
3.6 1.6 -9.7367
2.8 -2.4 1.1157
-6.4 -8 -55.981
-2.8 -2.8 -9.8347
8.4 7.2 -78.12
5.6 -0.8 -15.759
1.6 10 -15.776
-0.8 -6.4 -7.2713
-6.8 -1.2 -28.321
5.6 -2.4 -17.41
-0.8 -9.2 -11.303
1.6 4 -5.867
-4 7.6 1.3187
-8 -8 -74.215
7.6 8 -65.411
8.4 9.2 -91.214
2.4 -9.2 -3.337
0.4 -5.6 -2.3941
-7.6 -7.6 -72.214
6.8 1.6 -34.279
10 8.8 -107.72
2 10 -22.149
8.8 -6.8 -18.16
8.4 8.8 -87.771
9.6 -2 -47.052
2.4 -5.6 -1.3105
-2.4 -9.2 -26.252
0.8 -8 1.8383
-9.6 -0.4 -62.568
-0.8 -0.4 -0.93539
-8.4 9.6 -13.073
4 -2.4 -5.9964
3.6 8 -29.69
-9.2 2.8 -36.565
2.8 -0.8 -7.0554
8.8 -9.6 -18.843
7.2 8.4 -67.173
4.8 -7.6 2.9149
9.2 -6.4 -20.325
3.6 -8 -4.0294
-0.8 -2.8 -1.1839
9.6 4.8 -81.424
-8.8 -6.8 -83.38
8.4 6.4 -73.54
-4.8 1.7764e-015 -9.6627
-9.6 0.4 -51.033
0.4 6.8 -1.8855
-8.8 -8 -91.031
8.8 7.6 -79.335
4.8 2.8 -20.727
4 -3.2 -6.0996
-1.2 -6.4 -4.0418
-7.2 -5.2 -54.353
-8 2 -34.697
2.4 -2.8 -3.4896
8 -6 -21.356
5.6 -8.8 -4.2765
2 -2.8 0.48224
5.2 -3.2 -13.117
6.4 -1.6 -23.059
-1.6 2.4 -0.91063
-7.6 -9.6 -80.221
1.7764e-015 1.7764e-015 1.6718
10 -3.6 -44.549
7.6 6.8 -62.072
-4.4 0.4 -12.067
-8.4 0.4 -38.644
9.2 8.4 -97.4
3.6 3.2 -12.584
-6.8 -2 -35.525
7.6 -4.8 -18.217
-0.8 -5.6 -6.2714
9.2 -9.6 -17.745
1.7764e-015 2.8 1.757
-4 -0.4 -14.094
-7.6 8 -15.526
4 5.2 -23.46
1.7764e-015 -3.6 -3.0921
9.2 8 -91.564
9.6 -7.6 -20.046
2 -1.2 -1.3287
-6 5.6 -11.904
4.4 8.8 -37.676
-0.8 8 -5.6196
-3.2 8.4 7.3461
5.2 -8 1.785
-4.8 5.6 0.063402
2.8 4 -5.2162
-6.4 10 -4.75
-8.4 3.6 -33.503
-4.8 -5.2 -28.774
-6 4.4 -11.69
2.4 -7.6 -4.052
-7.2 -1.2 -35.483
9.6 1.6 -63.444
-0.8 1.6 -2.6233
-3.2 -8.8 -27.429
-4 -4.8 -24.691
-1.2 -8.8 -8.8547
5.6 6 -36.516
3.6 7.6 -25.841
-8 -1.2 -43.897
6.4 7.6 -55.79
6 6.8 -39.205
6.8 -7.6 -16.068
2.4 1.2 -5.5434
4.8 -1.2 -13.6
4 -9.6 0.90984
2.8 -7.6 1.6447
-4 -2.4 -19.433
10 -2.8 -43.046
-7.6 -0.8 -32.237
5.2 -0.8 -13.921
-2 -4.4 -8.7088
-7.2 -0.4 -29.241
-3.6 8.4 0.03254
6 0.4 -30.255
5.2 0.8 -23.478
-1.6 9.2 -3.5068
1.7764e-015 -2.4 -0.60948
1.2 2.4 -0.022917
-5.2 5.2 -3.1114
-9.6 5.6 -40.567
-7.2 0.4 -27.681
-1.6 4.8 -2.8886
-2 4.8 2.9872
4 -8.8 2.4653
-9.2 -1.6 -58.214
-1.2 -4.4 -11.327
0.8 -9.6 -11.932
-0.4 -8.8 -15.241
-4 -2.8 -16.024
2.4 2.4 -8.4119
-2.8 -3.6 -7.8118
-2 -9.2 -20.697
4 8.8 -37.632
1.7764e-015 -4 -5.7913
8.4 6.8 -74.653
1.7764e-015 5.2 -3.535
6 0.8 -24.62
-6 2 -13.485
2.4 -4 -8.52
-8 -5.6 -68.816
-2 -6.8 -14.699
0.8 -5.2 1.2855
-6.4 1.2 -24.446
-9.2 0.8 -46.575
0.8 -3.2 -2.3042
-3.6 -2.4 -9.5016
-4 -8.8 -38.261
3.2 8.8 -24.518
7.2 -9.6 -9.5476
-8.8 -4.4 -66.867
-0.8 2 2.0634
9.2 2.8 -62.98
1.2 2 -1.6863
-5.6 -3.2 -27.142
0.4 -4.8 2.0188
-2 -1.2 -3.5523
0.4 5.6 -1.9024
4.4 -4.8 -4.7285
8.8 8 -87.162
2.8 -1.6 -5.45
2.4 6.8 -22.726
-0.8 5.2 -1.0949
-2.8 4.4 3.4711
-0.4 2 -0.0068304
5.2 -1.2 -14.868
0.4 8 -8.9955
-8.4 7.6 -14.378
8.8 -3.6 -35.523
-4.4 5.6 -2.8854
5.2 9.2 -50.197
-5.6 1.7764e-015 -17.362
0.4 -1.2 3.1663
-8.4 -8 -84.588
-4.8 -4 -29.9
6.4 0.8 -29.295
-1.6 -2.8 -1.3274
5.6 1.6 -21.131
-0.4 -1.6 -4.8114
8.4 -2.4 -31.257
-2 -4 -14.86
-2.4 -1.6 -3.0637
-0.8 -6.8 -3.9952
1.6 6.8 -9.4902
5.2 8 -45.235
-4 -0.8 -10.553
-8 8 -14.339
-4 0.8 -6.706
4.4 -6.8 -0.29012
-5.2 4 -1.0515
-7.2 -6 -56.597
4.8 1.2 -14.434
6.4 -3.2 -13.625
-2.8 -9.2 -20.645
-4.4 3.6 -9.001
7.6 6 -56.596
-6 -0.4 -23.188
4.8 -2.4 -3.253
2 8.4 -16.114
-3.6 4.4 1.54
3.6 10 -29.152
-4.8 8 4.4235
8.8 -9.2 -12.377
5.2 10 -52.581
-5.2 9.2 -0.7977
-6 -3.2 -29.259
1.7764e-015 -7.6 -6.7202
-7.6 -2.4 -42.979
-7.2 8.4 -6.9308
-6 -9.2 -58.228
-7.2 -2 -41.958
3.6 1.2 -12.684
4.8 8.4 -36.879
1.6 -6 -4.3979
-9.6 4.8 -37.42
-7.2 6 -14.425
-5.6 -5.6 -38.487
8.8 2 -52.287
6 -2.4 -17.009
-9.2 6.8 -22.237
2 -6.8 -5.1959
8 0.8 -44.038
-5.2 0.8 -16.592
-2 1.2 -0.90006
7.6 -0.4 -28.584
3.2 7.2 -27.06
5.6 2 -22.738
3.6 -3.6 -4.4273
-8 -0.8 -45.975
-2.4 2 1.9135
-5.2 -3.6 -24.444
4.4 -5.6 -9.5946
-1.6 5.6 -2.8459
-8.4 4 -30.852
9.6 -2.4 -44.695
1.7764e-015 0.4 3.0365
-5.2 8.4 0.98888
-6.8 1.7764e-015 -29.455
5.2 4.4 -23.905
-0.4 -4 -3.5803
-6.8 4.8 -11.681
3.2 5.2 -14.44
-2.8 -6.4 -18.657
7.2 -2.8 -18.319
-4.8 3.2 -7.7266
-8 2.4 -34.308
-4.8 -6.8 -33.325
6.4 -8.8 -3.3072
-7.2 -6.8 -62.837
-4.4 -7.6 -26.463
-0.8 -1.2 -1.5907
9.6 6.4 -86.265
-8.8 -3.6 -63.726
4.4 10 -43.311
8.4 8.4 -81.63
8 6.8 -72.677
9.2 1.7764e-015 -47.889
5.6 10 -52.822
-4 -9.6 -40.918
-9.2 7.6 -24.643
9.6 -7.2 -23.595
3.2 9.6 -24.124
-8 -6.8 -70.351
10 -8.8 -24.717
4 6.8 -21.361
9.2 6 -83.833
-4.8 -9.6 -47.855
0.4 4 -2.4863
-9.2 1.6 -46.378
3.6 6.4 -22.039
1.6 5.2 -4.519
-2.4 2.8 3.9395
-4 -7.6 -31.122
-2.8 8.4 -0.85208
1.2 9.2 -14.365
-8.4 8.4 -17.029
10 5.6 -91.974
-6.8 4.4 -12.293
3.6 2.4 -11.701
-1.2 6 5.4455
5.2 1.7764e-015 -14.435
7.2 -8 -14.31
2.8 9.2 -22.374
1.2 -4 -1.0503
-4.8 7.2 2.0405
9.2 6.4 -80.357
-6.8 2.4 -24.597
3.6 4.4 -17.951
6 -4 -11.414
4.4 2 -12.135
-4.4 6.8 1.695
-6.8 3.2 -13.968
-3.6 6.8 4.4736
-6.8 -9.2 -69.054
-7.6 -8 -74.626
-0.8 6.4 -1.3062
-4.8 -4.8 -28.25
1.2 8.4 -13.011
-0.4 4.4 -2.0534
-6.8 -3.6 -52.795
-1.2 3.2 1.6142
-8 1.7764e-015 -42.035
-2.4 5.6 0.97703
4.4 2.8 -19.794
0.8 0.4 -2.6143
-8.4 -7.2 -80.702
4.4 -1.2 -9.9179
8.4 -5.2 -27.741
-7.6 -3.6 -50.017
8.4 5.6 -72.45
4.4 -2.8 -8.2815
-7.6 1.7764e-015 -36.88
4 6 -23.498
6.4 3.2 -34.892
7.6 5.6 -61.02
-8 8.8 -15.128
10 -6.4 -34.321
-1.6 -6.8 -18.903
-6 -8.8 -60.423
8.8 -6.4 -19.743
-8.8 8 -17.104
-7.6 7.2 -12.177
6.4 -9.2 -5.4707
-8.4 4.8 -21.079
10 8 -100.78
3.6 5.6 -13.223
5.2 -6 -2.0198
-4.4 -3.2 -24.428
6.8 -1.6 -23.742
6.4 -8.4 -9.7015
-4.8 -4.4 -34.101
-1.2 2.8 -2.9423
1.6 -2.4 1.2352
6.4 -2.8 -15.085
2.8 -8.8 -3.0231
3.6 -7.6 -2.2626
2.8 4.8 -12.403
1.7764e-015 -9.2 -10.285
8.8 -7.2 -19.985
1.6 -1.2 -0.23529
-5.6 -9.6 -58.265
-6.4 0.8 -28.733
-8 8.4 -8.3351
-5.6 -6.4 -43.504
1.2 3.6 -5.8127
4.8 -8.4 -1.3341
-7.2 -7.6 -71.231
-6.4 6 -11.779
7.2 -8.4 -6.2412
2 -4 3.9242
-2.4 -0.8 -4.6356
0.8 2.8 -7.3833
1.2 2.8 1.2996
7.2 7.6 -61.296
9.2 6.8 -83.334
-0.4 5.6 1.396
-2.4 -3.2 -11.834
8 1.7764e-015 -39.093
3.2 -7.6 4.3896
6.8 5.6 -47.106
1.7764e-015 1.6 3.0168
2.8 9.6 -20.268
-6.8 -1.6 -30.632
4 1.7764e-015 -7.1127
-2.4 8.8 -5.9932
-3.2 4.4 -0.058999
9.6 -8 -20.963
-4.8 6.8 -2.6823
2.4 4.8 -13.694
-6 1.6 -22.388
-6 4.8 -12.021
8 -1.2 -31.245
7.6 -9.6 -13.562
9.2 2 -52.314
3.6 -6.4 -3.8701
