1.8664 0.48708
-1.1038 -1.5747
0.83635 1.5549
-0.33455 -1.2828
1.188 -0.91814
0.35718 -1.2125
1.3561 -0.46642
-0.48043 1.2625
0.55972 -1.8079
-1.279 -0.047698
1.5542 0.37877
1.6768 0.21701
-0.34558 1.7655
0.38891 1.7454
0.4124 1.7173
-1.1866 -0.60121
-1.0678 -0.63647
0.77758 -1.4325
1.1702 -1.546
1.3355 -0.98816
-1.7 -0.91639
-0.892 -0.89747
-1.0037 1.4151
-0.24487 1.7662
0.62958 -1.5583
-1.2622 0.82508
1.1904 0.85487
0.009042 -1.8072
1.7685 -0.21124
-0.98747 1.2038
-1.7627 -0.54423
1.4414 0.18673
1.2262 0.7941
-1.4265 0.51081
0.22293 1.723
-1.4974 -0.20789
0.97297 -1.4882
0.80691 -1.4158
-1.1041 -0.89195
1.9421 0.34033
-1.1501 0.39542
-1.1475 1.1959
-1.2648 0.40592
-1.0066 0.96636
-1.6837 -0.65574
1.4726 -0.39683
-0.67007 1.7223
-0.75097 1.6103
-0.44335 1.5397
-0.48189 -1.3421
-0.10316 -1.4883
1.6235 -1.1136
-1.1015 -1.1961
-0.43123 1.2712
-1.264 -1.4704
0.94616 1.7279
1.1423 0.58186
-1.7993 -0.78251
0.81757 -1.0078
1.4355 -0.62419
-0.53047 -1.4505
-0.52767 1.8992
1.5244 0.6593
1.7111 0.01634
-0.83394 -1.201
0.84869 -1.6171
-1.3781 -1.1237
0.82783 1.7636
1.463 0.7259
-0.77545 1.8224
1.3174 0.999
0.85856 1.2041
-0.27804 1.6
1.8633 0.50072
-0.81463 1.565
1.7587 -0.78911
0.42179 -1.3913
0.76698 -1.4954
1.0216 -1.1897
-1.4864 0.048064
0.30806 1.541
-1.2943 -1.4843
-1.3712 0.85785
-0.52734 -1.9154
0.50399 -1.6322
-1.0152 -1.5475
-0.58495 -1.3799
1.4985 -0.99511
-1.5273 -0.87942
1.1372 -0.4971
-1.7789 0.48119
0.94066 0.8606
-1.2207 0.72725
1.1962 0.67669
1.1444 0.5796
0.043395 1.4544
-1.7821 -0.18649
1.8783 0.1016
-1.2134 -0.92746
-0.050936 -1.6234
1.3034 -1.3641
-1.0158 1.3525
1.9558 -0.18158
-0.48542 -1.6261
0.035406 1.491
-1.3356 0.81173
-0.51854 1.5567
0.52415 -1.9223
-1.3248 0.86733
1.3356 -0.98972
-0.81335 1.4974
-1.5989 0.59809
1.0328 -1.491
-1.2887 1.3711
1.6721 0.37535
1.0657 -0.64333
-1.9353 -0.18973
-0.87022 -1.2884
-1.8921 0.24407
0.72292 1.2101
-0.043513 1.6725
0.92276 0.86411
0.60218 -1.3487
-0.16482 1.8172
1.1612 -0.98533
-0.19701 1.8662
0.05594 -1.8553
-1.2755 1.2013
0.665 1.5412
0.18159 -1.843
-1.1915 -0.3773
-0.071755 1.5129
1.8235 0.69762
1.1269 0.70475
-0.36884 1.3554
-1.6497 -0.82514
1.0626 0.75159
0.016577 -1.942
1.3277 0.092197
0.73437 1.0844
0.61578 1.6692
0.53126 1.4732
1.5847 1.1503
-1.645 -0.36014
-1.7265 0.64596
-1.5896 -0.56855
0.5276 1.1765
1.213 -1.1674
0.7398 0.99967
1.668 0.85832
1.4729 1.2988
-1.3443 0.49796
0.53146 1.6485
-1.4664 0.73515
-0.79221 -1.1928
0.84289 1.231
0.2951 -1.6862
0.76996 -1.3476
0.51431 1.6112
1.4466 1.0247
-0.15171 1.6277
-1.9104 -0.064837
0.79471 -1.1438
-1.2765 1.2295
0.034475 -1.9437
0.92655 -1.7068
0.42205 1.6533
1.7277 0.35648
-1.7433 0.8542
-1.5599 -1.0617
1.1012 0.53332
-1.7635 -0.94061
-1.0823 0.78161
1.1908 0.16424
1.0132 -1.2712
-1.1835 -1.0644
1.5374 0.86554
1.8391 0.55904
1.6184 0.90214
0.10158 -1.5434
-1.5559 1.1547
-1.9739 0.1015
-1.3511 -1.1262
-1.3527 0.94717
0.36392 1.8933
1.2816 -1.4279
-0.70223 -1.103
0.16336 -1.9029
0.29566 -1.5356
1.5562 0.54805
-1.3766 0.000459
-1.5312 0.39431
-1.8923 0.033008
0.44253 -1.7055
-0.83778 -1.5363
-0.070369 -1.4973
1.3392 -0.81258
-1.1608 -1.4038
1.3474 0.020391
-0.45313 -1.3121
1.7437 -0.53168
0.49844 -1.9033
-0.3154 1.518
0.84667 1.6028
-1.1918 0.63288
1.4467 -0.83009
-1.6106 0.86011
-0.84891 -0.99948
0.037734 -1.7938
-0.33883 1.7529
-0.9078 -1.4634
1.5541 0.98876
1.5934 0.67616
-1.5349 -0.75125
-0.05005 -1.5802
-1.6407 0.44352
-0.050376 1.6672
0.74303 1.7161
-0.54051 1.3602
0.44724 1.146
0.21482 1.8293
1.2411 -0.31538
-0.70701 -1.415
0.71904 0.98701
-0.91404 -1.2303
0.48289 1.532
1.2007 -1.5136
-1.4405 -0.64801
-1.8673 0.09437
-1.649 -0.94961
0.44555 -1.5707
-0.12814 1.5611
1.5116 0.091536
-0.53546 1.3924
-0.97969 1.4559
1.2122 1.5811
-1.9564 -0.39166
0.82293 -1.3974
-0.73958 -1.2443
1.795 -0.36546
1.7471 -0.23527
-1.4291 0.062589
-1.5127 0.43456
-1.4781 -0.073548
-0.06055 1.3807
-1.4845 0.42908
1.4103 0.78372
-1.2069 0.02559
1.0278 0.82883
0.88427 -0.88136
1.8287 -0.48731
-0.75921 0.96915
1.2259 1.45
-0.45936 1.2787
1.466 -1.3006
1.0009 -1.3364
-1.0985 1.3128
0.14313 -1.7099
1.0894 -1.1961
1.8709 -0.64556
1.3155 -0.53395
-1.8222 0.61331
0.81108 -0.97006
0.10432 -1.4852
-1.2032 0.55597
-0.43128 -1.1879
-1.2839 -0.34561
1.5391 -0.6033
1.5484 1.0025
0.64392 1.4452
-1.5521 0.46783
-0.27444 1.5816
0.9774 -1.265
1.4312 0.77734
-1.2607 0.042978
0.012959 -1.4376
-1.7813 0.37376
-0.77396 -1.1768
-1.674 1.0718
1.0239 0.75036
1.5447 0.64536
0.22694 -1.4248
-1.2793 1.4983
1.4494 -0.48355
1.209 -0.66237
1.5279 -0.1962
-1.6227 0.45998
-0.54712 1.595
1.2025 -0.007432
-0.27228 1.8764
1.8198 0.40639
-1.2713 -1.0421
1.401 -0.1958
1.566 0.81922
0.38228 -1.6562
-1.0895 0.576
-1.4543 -0.88899
1.4498 1.3423
-1.7858 0.16927
0.93638 -1.4754
-0.2066 -1.8651
-1.5232 0.26148
-1.7354 -0.93571
-1.0704 0.77093
-1.3182 -1.1671
1.2232 0.64648
-1.1801 0.47746
1.5084 0.41015
-1.267 0.18725
1.5802 1.0089
-1.8302 -0.63313
-1.0719 0.76498
-1.042 -0.6522
1.125 -1.1297
-0.67897 -1.7314
-0.77699 -1.2016
-0.17792 1.9097
1.172 1.3881
0.71775 1.6321
-1.4048 0.98626
-1.645 -1.0454
1.7333 -0.064673
-1.478 -1.1125
-0.006945 1.6505
1.4694 -1.1234
-1.1883 0.86722
-1.898 0.015812
1.528 -0.63945
1.0915 -1.15
-1.3327 0.9149
0.63341 1.7784
-1.1606 -1.0086
1.3296 -0.28244
-0.38848 1.6573
0.89231 -1.485
1.855 -0.31085
-1.6372 1.1327
-1.1153 -1.4737
1.767 0.23026
1.7082 0.9388
-1.2957 -0.82188
-0.93024 -1.0951
1.3489 0.5846
-0.33119 1.648
1.2958 -0.18279
1.04 -1.2204
-0.57653 -1.5708
-0.25573 1.6675
0.56288 1.0973
0.87158 -1.7892
1.5424 -0.6402
1.7836 -0.17312
-0.61314 -1.7813
0.77594 0.99394
-1.7143 -0.44598
-1.3023 0.90928
-1.6512 0.072117
1.287 -1.1671
-0.70154 -1.4252
1.3383 -0.74846
-0.25129 -1.5415
-1.2553 0.10491
-0.013829 1.7696
-0.25707 1.9257
-1.0261 -0.68812
-1.2717 -1.047
-1.7752 -0.80339
1.7226 -0.47169
1.4546 -1.1026
-0.96352 -0.94733
0.58836 1.7311
1.5968 0.41465
1.2711 -0.25234
-0.70093 1.6455
1.2374 -0.52484
-1.4864 -0.30717
-1.5116 0.55744
-0.22322 -1.3134
0.33997 1.5367
1.4816 1.3184
-1.2787 -0.11015
1.5406 -0.93243
-1.5717 -0.097951
-0.29964 -1.3775
1.3167 -1.4604
-1.2324 0.15547
-1.0305 0.99655
-1.7738 -0.13619
-0.84475 1.1782
0.21848 -1.5126
1.3639 -1.1545
1.4293 0.75665
-1.1614 -1.4153
1.1418 0.40471
-0.76018 1.8296
1.1048 -1.1454
0.23933 1.2882
0.12677 1.7081
0.9878 0.72639
1.1751 -0.74541
1.3995 -0.58516
-1.9311 -0.30121
-0.57146 1.1084
-1.6574 1.0298
-0.54841 -1.3479
1.7374 -0.88488
1.3632 -1.2147
0.66453 -1.0201
1.2351 -0.36093
1.1281 -0.95156
0.65894 1.6914
-1.243 0.56504
1.3605 -0.55799
1.8024 -0.24686
-1.0684 0.6897
-0.8199 -1.8146
-0.97435 1.0993
1.7488 -0.79231
1.3325 0.88431
-0.069159 1.8145
-1.1712 -0.92453
-1.2708 -0.13177
-1.2132 -0.72087
1.2304 1.1729
0.36231 1.7886
1.7603 0.096589
0.046682 1.6719
1.2797 -0.75259
1.4188 -0.29895
0.32055 1.4311
1.3957 -0.96265
-1.9709 0.2206
1.3889 1.1292
-1.0767 -0.5682
1.0333 -0.82309
-0.96716 -1.1046
1.0721 1.3712
0.84153 1.6208
-0.36022 -1.3283
1.3713 -0.41708
0.16825 -1.2637
-1.271 -0.66941
-1.7876 -0.87112
-0.34938 1.2303
-1.2003 0.05005
0.50557 1.2228
1.3074 -1.4839
-1.2151 1.1937
0.85036 -1.1989
0.40418 -1.2487
1.5363 -1.2467
-1.0838 1.1936
-1.8764 -0.35666
1.438 0.25266
0.33089 1.8152
1.0451 -1.0201
1.6133 0.5028
-1.6923 -0.99078
1.4001 1.3521
0.92494 0.88926
-1.3825 -0.95569
-0.95486 0.94355
-1.4844 1.0586
1.5106 0.88262
-1.4743 -0.17804
0.70202 -1.6976
-1.2113 -1.2994
0.1957 1.8387
-0.46515 1.4268
-1.0665 0.56713
-0.71151 1.0633
-0.68719 1.6505
-1.514 1.0023
-1.0337 0.88203
-1.6427 -0.49133
0.19304 1.4355
-1.444 0.74194
-1.3034 -0.6124
-0.89644 -1.3967
-1.2066 -0.13475
1.0257 0.9627
-1.5902 0.30913
-1.5366 0.55915
-1.1558 -0.47419
0.99018 1.1257
0.75732 -1.3243
1.1242 -1.3192
1.4366 -0.076606
-1.5813 -0.18982
-0.00316 -1.2309
-0.68604 -1.448
0.84601 -0.96833
-1.8 -0.74225
-0.98001 1.3009
-1.5947 -1.0171
0.89308 -1.6517
1.0948 -1.0082
-0.37944 1.306
0.81081 1.09
0.46459 -1.8289
1.6886 -0.078619
-1.1452 -1.4067
0.24081 1.3835
-0.63582 -1.3793
-1.3655 0.50551
1.5592 0.62421
0.86655 -1.3172
-1.6725 0.93394
-1.9911 -0.006978
-1.5364 0.19869
0.42561 -1.6319
0.90547 -1.2284
-1.1978 -1.2676
0.28957 -1.568
1.1164 -1.6026
1.1265 -1.6298
1.1296 0.57261
-1.0734 0.85569
1.301 -0.20215
-1.5017 -0.33203
0.12632 -1.695
-0.19517 1.2084
-0.93423 -1.0632
1.2659 0.1566
0.87001 -1.1624
0.81161 1.0979
-0.48061 1.2812
0.5845 -1.8393
0.21055 1.9784
1.8597 -0.18245
0.36562 -1.2387
0.72143 1.1887
1.1476 -1.1313
-1.1895 1.1743
-0.67503 -1.7508
0.23353 -1.4326
0.55144 1.9207
1.0209 -1.5872
1.1037 -0.99965
1.5225 0.90045
1.0051 1.0231
1.5349 1.0447
-1.7256 0.381
-1.209 -0.13635
-1.8777 0.32183
1.5365 -0.42837
0.023179 1.6042
0.70341 -1.3077
-0.28387 1.5833
-1.1776 -0.66769
-1.4762 -0.13644
1.9045 0.50658
-1.3835 -0.67958
-0.6867 1.4658
-1.7033 0.29359
-0.79447 -1.0442
1.4863 -1.1566
-0.28148 1.6813
1.2871 0.17498
0.56953 -1.3167
0.12041 -1.8813
-1.2279 -0.044882
-0.33521 1.2434
-1.2985 -0.71792
1.1334 -0.82959
1.4957 0.49438
-0.18126 1.3304
1.9328 -0.091194
-0.053366 1.3271
-0.56072 -1.3446
1.2511 -0.33511
-0.91414 1.1468
-0.94663 -0.91652
0.20603 -1.5659
-0.67847 1.5024
-0.76617 1.4624
1.4145 1.0434
0.54856 -1.6973
0.99724 -1.2815
-1.2673 -0.23629
1.4464 -0.10334
-1.936 -0.19894
1.2058 -0.72962
-1.6718 0.057261
0.96212 -0.73243
1.2403 -1.1485
0.24421 -1.7965
-1.213 -0.95189
-0.92288 0.84895
-1.0603 -0.74306
-1.743 -0.2509
0.72735 -1.0802
0.95092 -1.6201
-1.0449 1.3485
-1.0984 1.3122
-1.8022 -0.006651
-1.501 1.183
-0.91774 -1.3736
-1.838 -0.021761
1.6739 0.000823
