-2.6 2.8 12.916
1.4 1.6 4.4257
13 7.2 63.887
3.8 0 -2.1125
13 -5.2 84.653
3.8 -6.4 -40.659
11 -3.2 50.874
1 5.2 -4.8004
7.8 5.6 9.2389
-5.4 -3.2 -1.9838
8.2 -6.4 6.9883
2.6 5.6 1.8175
1.8 7.6 -7.3924
8.2 -1.6 18.335
6.6 1.2 4.3457
10.2 7.2 26.069
-4.2 8.8 40.439
1 -0.4 -4.5953
0.2 2.4 1.3643
6.2 -5.2 -15.952
2.6 2.4 5.0413
9.4 4.8 18.582
5.4 9.6 -33.55
1 -3.2 -19.704
-5.8 -0.4 40.166
-1.8 4.4 7.13
-4.6 3.6 48.421
-1.4 -1.6 3.3327
10.6 6 30.504
-5 12 20.774
3 6.8 -16.488
-0.2 -4 -27.426
1.8 -1.6 -7.1649
11.8 6.4 50.563
9.8 1.2 44.683
3 10.8 -26.189
7 -6.4 3.1276
-2.6 -2.8 0.20316
-4.2 6.4 46.337
-0.6 -1.2 -10.82
2.6 0.8 -0.9228
1 8 -5.0731
9.8 4.8 28.132
3 10 -29.847
-5.4 8 54.505
-4.2 3.2 38.272
2.6 9.2 -18.036
-0.6 -0.8 -1.464
-3.4 7.6 30.002
5 4 1.375
9.4 8 9.9018
12.6 -2.8 82.904
7 5.6 9.5392
0.6 2.8 7.2624
9 6.8 2.2691
2.2 -3.2 -8.6821
-0.6 4 10.477
4.2 -6.4 -39.748
4.6 3.2 6.5328
5.4 0.4 8.5159
10.6 -6.8 32.748
7.4 2.4 7.687
8.6 9.6 -17.218
-2.6 4.4 24.964
10.2 3.2 40.329
3.4 0.4 -1.3612
11.8 12 -15.975
6.2 -2.8 -13.817
1 -5.2 -39.953
0.6 3.6 1.6402
1.4 -2 -19.86
3 4.4 -6.3321
4.6 4.8 -3.7376
10.2 4 35.469
3.4 -7.2 -42.477
1.8 0.4 -1.4469
12.6 2.4 67.184
8.2 -7.6 -12.806
-5 -2 19.954
-1.8 10.8 6.6938
1 2 3.3099
8.6 7.6 7.0755
-1 11.6 -5.1806
8.6 3.2 21.284
2.6 3.6 -2.9532
6.2 4.4 1.5327
1.4 -1.6 -12.049
-0.6 -2.4 -14.892
4.6 -0.8 -1.0289
9.8 -6.4 24.879
10.2 8 22.684
3.8 -6.8 -46.432
5.8 4.4 11.303
5.4 -2.4 -4.9658
7 0 20.712
-2.2 -6.8 -48.338
1.8 6 -0.54492
-0.6 2.8 6.3369
-6.2 -6 -14.549
9.4 -7.6 13.408
-2.6 2.8 12.916
1.4 1.6 4.4257
13 7.2 63.887
3.8 0 -2.1125
-1.8 4 16.068
-0.2 12 -18.946
1 -2.8 -15.039
9 -2.8 28.132
-5.4 3.6 55.148
10.2 -2.4 50.207
10.2 -3.2 49.938
-5.8 2 49.554
-3 -3.2 -9.6638
-0.6 6 6.8313
0.2 2 6.7883
-0.6 -2.8 -20.867
10.2 0 48.77
1 -1.2 -5.7267
6.6 -0.8 16.803
8.6 1.6 27.372
7.8 -4.4 7.8496
8.2 1.6 31.868
7.4 3.2 5.2299
-3.4 1.2 9.2365
-1.4 12 -11.358
-2.2 -6.4 -41.449
9.8 -3.6 41.315
-4.6 -4.4 -8.7065
-2.2 0 6.7929
5 2 11.325
6.2 8.8 -19.675
4.2 3.6 -0.6539
-2.2 2.4 10.433
3 11.6 -34.901
9.8 5.2 28.063
12.6 -4.8 65.165
11.4 0.8 52.312
7.4 -3.2 11.497
2.2 -1.2 -14.834
0.2 0.8 -10.809
12.6 0.4 71.196
-0.6 10.8 -19.688
8.2 -6.8 -4.1704
7 -6 -2.1867
-1 6.8 10.002
11.4 10 6.6031
-1 4 8.753
-1.8 4.8 10.868
-4.2 -6.4 -25.991
-3.8 10.4 23.327
5.8 7.2 -19.462
-1.8 11.6 -10.527
-4.6 4 46.824
11.4 6.4 33.462
3.4 12 -43.739
5 3.2 0.31126
-0.2 -3.6 -22.058
4.6 4 4.3174
10.2 12 -22.925
-1.4 4 9.4827
1.8 -4 -28.793
5 6.4 -3.2624
-1.4 11.6 -8.4082
-6.2 3.2 62.715
-6.6 3.2 68.718
-6.2 0 48.858
7.8 8.4 -7.2228
7.8 1.6 9.8747
13 8.8 33.693
-4.6 9.6 31.523
7.4 -5.2 -0.97894
-5.8 8 54.603
3 -6.4 -33.717
1 9.6 -19.417
3 12 -34.228
7 3.2 20.303
8.2 7.2 -3.3403
-3.4 -1.2 4.3694
-5.4 4.4 71.811
9.8 -6.8 29.549
6.2 -0.4 9.9809
-6.2 -7.6 -25.01
9 -3.2 14.231
5 6 -9.9656
-2.6 -4.8 -21.148
10.6 -2 56.098
11.8 -3.6 59.974
12.6 4 64.713
-5.8 0.8 53.254
0.6 4.4 -8.5353
-0.6 0 -7.3911
4.6 -7.6 -46.045
-1 -2 -7.4334
-5.8 11.6 53.836
0.2 -2.8 -6.5035
5.8 8.8 -8.5825
5.8 8.4 -28.77
-4.6 -1.2 22.516
-3.4 10 16.861
-4.2 12 19.79
1.4 10.4 -15.514
1 4.8 6.3766
-5.8 4.8 69.797
-1 5.2 18.745
-3.4 -5.6 -36.245
11.4 -1.6 63.102
-3.4 5.6 31.541
11.4 8 13.619
-3.8 -4.4 -20.361
-3.4 -3.6 -9.5948
7 -2.8 -1.4251
-1.8 -1.6 -1.2798
10.2 -2 47.08
8.2 8.4 -10.003
3.4 -1.6 0.36921
-6.6 -4 9.3685
1.4 0 -14.418
11.4 6.8 32.549
-1.4 3.2 16.772
2.2 4.4 -4.2506
11.8 -2 70.371
8.6 5.6 14.076
7 8.4 -13.871
11.4 3.6 55.611
-5 0.4 29.767
-3.8 3.2 22.401
-3.4 0.4 21.28
-0.6 -4.4 -27.673
6.6 1.6 14.985
-3.8 -5.6 -24.235
3.4 -3.2 -10.357
11 8 17.579
-1.4 2 9.7713
9 4.8 28.536
-4.2 -0.4 26.321
6.6 4 14.055
-2.6 0.4 3.0438
6.2 2.4 11.708
3.8 7.6 -11.984
1.8 6.4 0.91479
-2.6 0.8 15.735
-6.6 6 75.018
6.6 2 11.323
-0.2 9.2 -7.365
8.6 6.4 6.7327
9.8 8.8 -0.48023
0.2 1.6 -3.6008
-4.2 -6.8 -35.524
12.6 7.2 36.923
6.6 8 -10.326
-2.2 0.8 11.066
2.6 -5.6 -37.719
-5 5.2 53.939
-2.6 1.2 18.851
1.4 2.8 -0.57055
12.6 8 31.525
-3.8 8.8 28.498
13 -4.8 78.935
0.6 -3.2 -19.647
7 -4.4 1.3012
0.2 5.6 -1.978
-6.2 0.8 56.899
8.6 -0.8 32.578
-3 11.2 9.8146
-6.2 -1.2 39.872
1.4 2.4 9.0199
9.8 -2.4 38.623
-4.2 -7.2 -45.238
3.4 2.8 -9.6648
3.4 -4.4 -18.32
-1.4 -5.2 -38.544
5 8 -12.847
9.4 4 29.487
2.6 -3.2 -22.737
-5 11.2 38.363
1.8 4 -8.552
7.4 10 -21.868
-1.4 -2.8 -11.567
6.6 -7.6 -26.737
3.4 2.4 1.7798
6.2 2 8.2582
-2.2 12 5.7367
7.4 6.8 4.6163
-1 10.4 -6.699
-3 8 30.697
-0.2 5.2 7.1177
-0.6 3.2 3.371
10.6 8.4 23.886
9 5.6 20.699
4.2 0.4 4.5497
-3.4 -6.4 -39.955
5.4 9.2 -24.799
8.2 -0.4 29.283
10.6 -1.6 55.801
12.6 -6.8 81.302
-6.6 12 59.539
8.6 -4.8 11.804
11.4 4.8 43.687
12.2 -2.4 74.352
0.6 -2 -11.409
5 0 4.7378
11.8 -3.2 64.454
12.2 2.4 71.455
2.2 5.6 -2.3914
4.2 10.8 -26.212
9.8 10 -5.4087
7.4 8.4 3.4671
1.4 -0.4 -1.2716
0.6 -7.6 -54.088
3.4 -4.8 -20.264
8.6 -4 28.893
-4.2 5.2 46.279
-0.2 -2.4 -9.3927
9 10.4 -21.151
10.2 2 46.282
3 9.2 -18.794
4.2 5.2 -16.269
2.6 10 -25.52
6.2 -3.6 -8.9323
5.4 6 -3.4152
-3.8 -0.8 23.609
7.8 8 -16.226
7.8 -2.4 23.136
10.6 0 52.653
4.6 -2.8 -8.1629
6.6 0 6.5633
-6.6 -1.2 44.599
12.6 -0.8 77.873
8.2 -2.8 23.645
1.8 9.2 -18.998
6.2 -2.4 9.2108
8.6 0.4 38.559
10.6 2.4 46.184
9.8 6 30.607
-2.6 7.2 18.936
-1.4 11.2 -6.5
-6.2 1.6 50.441
-0.6 11.6 -27.809
5.4 -5.2 -8.7965
-3 -6.4 -35.509
-1.8 1.2 2.125
3.8 3.2 8.0731
10.2 1.6 38.446
11 -4.4 48.61
7.8 0.4 27.387
-1.4 -6 -38.012
-6.2 6.4 63.145
2.2 10.4 -27.862
9.8 2.8 35.86
0.2 7.2 6.7994
0.6 -0.4 -13.618
-3 -4.4 -19.378
-6.2 -6.8 -20.998
0.2 -6.8 -56.189
1.8 3.6 7.5704
4.6 7.6 -4.6529
-1 0 -2.2849
-0.2 -5.2 -37.493
1.8 8.4 -1.1574
-3.8 4 26.889
6.6 10.4 -36.841
11.8 -2.8 69.35
-5.8 -6.8 -25.689
-6.2 6 69.041
-3 11.6 11.217
10.2 9.2 4.6309
6.2 -7.2 -18.186
2.2 -5.2 -33.981
-5 -3.2 14.118
-5.4 -2.4 18.99
1 -5.6 -36.33
0.6 6.4 -0.95097
13 -3.2 89.11
5 -0.4 7.7716
11 -1.6 54.33
-6.2 -3.2 16.722
5 8.4 -14.262
-4.6 5.6 43.563
-5.4 0 26.574
4.2 1.2 -3.3867
12.2 4.4 57.348
-0.6 2 8.7386
-5.4 2.8 43.107
11.8 5.2 46.586
0.2 -0.4 -0.66795
11.8 -4 61.668
-6.6 -2.8 29.033
5.8 -2.4 9.4733
-3.8 1.2 31.53
9 6 12.175
3 0 -6.9
3.4 8 -13.651
0.2 2.8 2.8243
2.2 8.8 -18.765
-2.6 -3.2 -6.2245
0.6 5.6 -7.5137
-5.8 2.4 49.013
-3.8 11.6 23.653
13 0.4 91.427
-6.6 11.6 60.373
11.8 10.4 0.29416
-0.2 -4.4 -25.857
-2.2 -6 -40.728
6.2 -1.6 6.235
2.2 -7.6 -56.193
13 1.6 91.45
-3.8 10.8 18.165
3.4 -6.8 -44.179
-5.4 2 51.713
-2.6 -2 4.193
-1.8 8 12.702
-0.6 5.6 5.3254
-5.4 -2 22.615
5 5.6 2.8981
11.4 -3.6 58.106
11.4 0 59.087
-2.2 -3.6 -21.062
6.6 -4.8 -14.156
-0.6 3.6 9.2603
3.4 5.6 -0.29103
5.4 1.2 11.691
-3 -4.8 -13.384
3.4 2 -7.9682
-5.4 8.4 52.009
-6.2 9.2 71.236
11.4 -2 50.816
-1.4 10 1.0846
-4.2 4 33.18
9 1.6 27.259
9 3.6 22.262
4.6 -7.2 -41.893
1 6 1.5855
5.4 2.4 7.2945
1.4 0.4 -7.2953
4.2 -4.8 -18.575
-6.2 2 54.319
-0.6 -4.8 -35.097
-1 12 -8.2925
0.6 10 -15.223
6.6 -6.4 -11.005
-3 9.2 17.759
-1 -6.4 -43.428
-1.4 4.8 16.287
8.2 10.8 -21.575
5.8 10.4 -39.85
-5.8 -0.8 34.406
6.6 0.4 11.485
10.6 11.6 -19.109
-6.6 -0.4 48.162
-2.2 6.4 24.475
13 8 44.623
1 -4 -27.18
-4.6 12 26.216
11.8 10.8 -4.0708
5 5.2 3.2402
-5.4 -1.6 38.082
0.6 0.8 6.6999
-4.6 10.4 34.569
1.4 -6.8 -45.864
-1 3.6 15.815
12.6 5.2 61.44
11.8 1.6 68.193
6.2 -4.8 -16.242
9 10.8 -25.073
6.6 -2 2.3677
12.6 0.8 84.655
4.2 8 -21.71
-6.6 0 54.309
5 0.4 11.654
-4.2 1.2 29.471
7 3.6 14.453
0.2 0.4 -8.2198
9 -1.2 31.995
-4.6 8 48.313
10.2 -7.2 22.248
12.6 -6.4 68.417
-0.6 7.2 10.16
-5.4 -6.8 -20.963
-2.6 4 21.135
10.2 -4 40.192
-4.2 -7.6 -44.806
6.6 -3.6 -5.2912
-5.8 4.4 53.157
9.4 12 -32.524
-1.4 -4 -21.268
0.6 -5.2 -30.175
-1 7.6 6.7803
11 1.2 50.085
-6.6 -1.6 37.751
11 4 44.89
4.2 9.6 -18.444
-3.4 -7.2 -49.6
10.2 2.8 48.773
-4.2 4.8 34.634
11 7.6 31.321
0.6 6.8 -5.1419
-4.2 -5.2 -22.632
-5.8 4 51.045
-3 2.8 30.271
1 2.4 -1.3856
-5.4 -4 9.3449
-1.8 6.4 8.4807
-3 5.6 37.881
-3 -3.6 -15.73
11 -5.2 44.911
-2.6 -0.4 7.4543
1 10.8 -18.807
12.2 3.6 58.277
-6.6 4.8 74.372
-4.2 5.6 36.221
12.2 -7.2 53.129
-0.2 6 13.606
13 -0.4 85.233
12.2 0.8 76.096
-5.4 -2.8 8.4152
9.4 8.8 5.3172
-5 -4.4 -13.494
11 11.2 -17.782
2.2 -5.6 -41.099
3.8 5.6 -3.9502
4.2 12 -39.173
4.6 3.6 6.1054
-5 -6.4 -26.003
11 9.2 -1.3218
9.8 -3.2 40.015
9 -6.8 14.003
-2.2 2 11.21
9.8 8 6.4842
10.2 4.8 33.192
-6.6 8.4 67.499
6.6 11.6 -42.762
1 -3.6 -30.426
-6.2 8.4 66.312
4.6 6.8 -3.8288
10.6 6.8 26.634
12.2 6.8 32.742
-6.2 -4.4 7.0677
11 -6.4 46.481
1.8 -7.2 -52.674
3 4 3.3199
9.4 6.8 14.313
12.6 10.4 -3.0286
1.4 -6 -42.37
3.8 8.8 -19.494
-0.2 9.6 2.1763
9.8 -7.2 15.332
0.2 4.8 1.1513
-2.2 -4.8 -26.953
11.4 -0.8 59.906
1.4 -2.4 -17.994
1 5.6 -1.1509
5 -2.4 0.46892
-2.2 -5.6 -34.063
0.6 -2.8 -21.608
-1 6.4 21.639
-3 8.4 25.042
-6.6 -7.6 -42.786
-1 -4.4 -24.801
4.6 0.4 0.60245
4.6 6.4 -6.874
10.6 -4.8 43.808
6.6 -4 1.8961
8.2 4.8 24.249
5.4 7.2 -9.5207
-1 7.2 1.2503
9 8 3.8349
-3 0.8 15.879
0.6 -4.4 -27.363
1 2.8 -0.39632
3.4 4.8 -5.7191
-4.6 -2.4 9.7824
-1.8 2.8 10.72
11 -0.8 64.306
-6.6 5.2 69.18
9.4 10.8 -26.491
-6.6 8 72.01
4.2 -7.6 -49.297
-5.8 3.6 49.865
6.6 -6.8 -15.27
13 6.8 51.724
5 -3.6 -10.274
-4.2 10.8 30.887
13 11.6 -0.17001
10.2 5.6 37.604
9.4 -5.2 22.885
6.2 1.2 8.4591
4.2 -1.6 -3.9266
10.2 -5.2 44.666
6.2 8.4 -15.132
7.4 -0.4 15.708
-1.8 10.4 7.1072
3 8.4 -18.265
-5.8 9.2 56.49
5.8 12 -43.174
-3 9.6 20.889
-5.4 8.8 57.062
-1 0.4 0.45854
2.6 -6.4 -48.959
-1.4 -4.8 -26.017
7.8 -1.6 19.286
6.6 2.4 9.63
-0.2 10 -10.408
6.2 2.8 13.944
12.6 -1.6 77.108
-6.6 -6 -7.0451
3 -6 -25.335
5 2.8 3.5718
-5.8 0.4 41.537
6.2 -7.6 -28.677
13 4.8 67.417
2.2 2.4 2.6683
0.6 11.2 -15.423
10.6 12 -34.241
-6.6 -4.8 4.0032
3.4 0 8.3217
10.6 7.2 25.442
9.8 -7.6 9.7571
-1.4 -0.8 1.3957
12.6 -7.2 63.92
8.2 -4.8 12.544
-2.6 -1.6 8.7876
1.4 -1.2 -2.4047
4.2 -7.2 -41.778
-2.2 4.8 14.561
11.8 8.8 15.724
-0.2 6.8 12.62
-2.2 -2 -4.0688
13 0 80.763
1 7.2 -8.3544
3.4 11.2 -30.105
-6.2 10.4 65.907
1.4 -4.4 -19.389
-5 6 64.095
-3.8 4.8 40.02
-2.6 11.2 9.2968
-5.8 -2.8 20.158
0.2 -6.4 -42.931
-5.4 -7.6 -36.552
7.4 7.2 -4.5598
10.6 -0.4 52.676
10.2 -4.4 50.449
2.6 7.2 5.3619
10.6 4 43.783
4.6 -6.4 -25.579
-2.2 10 17.12
7.4 6 4.9969
3 1.2 4.8928
-1.4 1.6 5.302
-2.2 3.2 27.834
3 -4 -26.157
-3.4 -2.4 5.9709
9.8 -1.2 42.666
5.4 12 -44.793
8.2 2.4 22.023
9.8 7.2 1.029
1.8 0.8 -1.4914
12.2 -6.8 59.035
5.4 -4.4 -5.2912
5.8 6.4 -10.579
11.8 4.8 57.576
3 0.8 4.8881
6.2 -6.8 -11.441
-1.4 -6.4 -42.284
3.8 -4 -14.014
-5 -1.2 20.451
-4.2 -2 7.7029
2.2 12 -33.244
-3 0.4 15.103
-5.4 3.2 49.644
11.8 7.6 22.534
11 -4.8 50.335
3.8 3.6 -17.806
-6.2 7.2 62.096
2.2 1.2 1.857
-3 -5.2 -20.194
3.8 -7.2 -44.158
13 -6.4 85.16
11 -0.4 57.33
-1 -3.2 -23.61
6.2 -2 2.4628
-4.6 -3.6 2.3319
2.2 10.8 -30.634
7.4 -7.2 -5.8887
9.4 -4.4 25.701
12.2 -4.8 66.636
-4.2 -6 -25.45
-0.6 11.2 -7.7446
-3.8 8.4 28.125
8.2 3.2 15.101
9 9.6 -7.3508
-2.2 8.4 22.005
1.8 1.2 -2.3225
-6.6 2.8 64.745
10.6 4.4 45.782
2.6 1.6 -0.22258
11.8 -6 55.839
2.2 11.6 -33.059
8.2 10.4 -29.599
0.2 -3.2 -20.693
11.4 -7.6 46.059
11.4 5.6 34.874
7 4.8 15.781
3.4 4 -5.9677
-1.4 10.4 -4.1709
-0.2 8.8 2.0806
3.8 10 -27.494
5 -2.8 -3.3362
-2.6 -6.4 -37.704
1 8.4 -9.5307
-2.6 10.4 11.026
11.4 12 -12.514
13 -2.8 91.631
7.8 -3.2 7.5383
2.2 0.4 -8.9978
8.2 -2.4 29.408
-3 2.4 31.421
5.8 -4.8 -8.8743
6.6 2.8 8.5634
3 2.8 -2.0452
-3.8 2.8 38.749
12.2 6 55.055
3.4 -7.6 -45.894
-6.6 -2 42.428
10.6 2 45.699
-6.6 0.4 50.662
-2.2 7.6 12.061
4.2 -0.4 -9.878
7.4 1.6 23.58
-3 -0.4 14.267
4.6 5.2 4.8809
2.6 -1.6 -9.8226
5 -1.6 2.6733
4.6 1.2 6.145
-3 5.2 32.833
0.6 3.2 -0.73196
13 3.2 77.425
-3 -2.8 -10.397
4.6 9.2 -26.823
10.6 -2.4 49.201
2.6 8.4 -17.587
0.2 4.4 13.589
8.6 4.4 17.107
4.2 -6.8 -34.371
9.8 -2 47.282
7.8 11.6 -37.205
7.8 -5.2 0.79739
1.8 -7.6 -59.489
13 8.4 37.567
9.4 6 17.914
-1 -3.6 -20.061
-1.4 9.6 -0.58186
3.4 -5.6 -36.792
-5 6.4 52.346
6.6 0.8 15.574
0.6 -6.8 -53.352
9.8 10.4 -16.285
8.6 -1.6 28.871
-6.2 -5.2 0.22433
5 4.4 -1.8981
11 7.2 28.471
1 9.2 -15.125
9 4 19.565
11.4 -6.4 53.189
-2.6 3.2 26.045
-3.8 -6.4 -39.966
-5.4 0.4 36.904
-3.4 2.4 15.831
-5.8 1.6 46.71
1.4 0.8 3.2952
-1 2 19.906
-1 10 4.6744
10.6 -0.8 59.019
9 -4.4 40.288
3.8 8 -14.412
-5.4 -0.8 25.415
4.2 -5.6 -28.365
-5.8 -3.6 19.505
-0.2 -5.6 -45.868
9.4 -3.6 33.514
2.2 3.2 6.1262
-5.8 6.8 70.357
6.2 -0.8 3.9817
7.4 9.2 -8.3672
-2.6 9.6 20.421
4.6 9.6 -26.017
-6.6 9.6 65.389
1.8 2 -0.56857
11.8 2.8 63.956
0.6 8.8 -4.6312
3.8 6.8 -14.839
1.4 5.6 -9.2346
3 -5.2 -32.494
3.4 -1.2 -11.093
0.6 9.2 -12.892
-5.8 -5.2 -18.372
-4.2 9.2 45.509
12.2 12 -3.0892
7 11.2 -41.778
-6.2 11.6 61.8
4.6 -1.6 -5.8101
-2.6 6.8 33.406
7 4 -0.28718
1.4 -2.8 -19.053
-6.6 2 69.602
11.4 -4.4 60.468
7.8 -7.2 -10.323
-4.2 0.4 28.948
7.4 -6 -8.7623
4.6 5.6 -0.24779
7 4.4 10.514
-5.4 1.6 42.683
-0.2 5.6 5.6719
-4.6 8.8 43.629
1.4 9.2 -11.392
4.2 2 6.0769
8.6 5.2 18.047
7 2.4 10.55
2.2 -1.6 -12.352
-1.8 -5.2 -36.794
2.6 -1.2 -12.395
-5 0 30.937
5.4 -4.8 -20.806
8.6 11.6 -39.78
13 9.6 33.914
8.6 -5.2 24.04
-3.8 -0.4 12.978
6.2 6.8 -1.3703
4.6 -2.4 1.8404
3.4 10.4 -21.94
5.8 1.6 7.6049
-4.6 1.6 41.676
13 -5.6 83.577
3.8 4.4 -0.74926
9.8 6.4 20.251
6.6 5.6 10.093
-3.8 9.2 39.139
5.4 -2.8 -4.3324
8.6 -3.2 27.204
-5 2.4 51.387
10.2 11.2 -22.941
-5.4 4.8 56.87
7.4 5.6 16.789
0.2 10.8 -11.801
-3.4 -4 -10.004
-2.6 -5.6 -38.307
7.8 1.2 18.717
-5.4 11.2 47.907
-3 -5.6 -33.903
7 7.6 -2.3002
-3.4 11.6 11.061
10.2 -6.8 30.036
7.8 12 -44.521
12.2 1.6 64.549
9 -4 18.406
2.2 6 -3.5081
4.6 -5.2 -26.962
-5 9.6 42.803
-5.4 5.2 61.828
3 -2.8 -11.004
1 4 9.2918
-4.6 -0.8 24.82
5 1.2 2.7967
-3.4 -4.8 -24.725
-2.2 3.6 26.716
-5 -4 11.821
7 11.6 -46.519
10.6 5.6 41.14
2.6 4.8 -5.8737
5.8 -3.2 10.883
-3 3.2 22.382
-4.2 2 20.926
2.2 -2 -12.252
12.6 -2.4 90.5
11 0 47.954
2.2 2 1.7875
8.2 8.8 -2.8222
10.6 10.8 -8.6569
9.4 -4.8 21.971
0.2 3.2 4.6426
-1.4 5.2 11.008
-3.8 -5.2 -28.968
7 2.8 22.372
8.6 0.8 40.817
-0.6 9.6 4.8857
8.6 2.8 33.202
3.4 -0.8 -10.432
-3.8 10 24.539
-1.4 0 -0.61425
7.4 -4 9.4276
-1.8 0.8 8.7315
-6.6 4.4 67.52
5.4 -1.6 0.33565
11 10 4.4294
6.2 6.4 -2.5513
-5.8 12 40.674
5.4 10.8 -33.229
-6.6 -5.6 -4.1799
-2.2 -4 -12.473
1.8 -4.8 -20.715
11.4 -1.2 66.016
0.6 1.6 3.7474
-5 -0.4 22.787
13 -7.6 55.176
10.6 9.6 -4.4511
-3.4 11.2 21.623
-1.8 12 -21.557
6.2 12 -36.286
5.4 4 1.3044
-1.8 3.2 17.109
11.4 3.2 56.586
3.8 -0.8 5.3587
-5.8 3.2 54.501
11.8 -2.4 70.585
11 10.8 -8.3078
3.4 9.6 -19.834
7.8 -4 11.807
6.2 3.2 14.592
2.6 -4 -28.201
10.2 8.8 5.612
5.8 -2 -2.5474
10.2 -1.2 39.9
-5.8 10.4 62.647
8.6 -5.6 7.9055
-3.8 -2 2.1419
9.8 9.2 -0.92682
10.6 1.2 46.975
1.4 4.8 -1.2287
5.4 -7.6 -33.521
-6.6 8.8 68.648
9.8 -4.4 32.842
-1 5.6 13.483
-5 -1.6 17.55
9 7.2 8.332
7.8 -6.8 -7.0637
10.6 -5.6 33.243
9.8 3.2 28.472
7.4 -2.4 10.135
7.4 -6.8 -2.8981
11.8 9.2 22.243
-5.8 2.8 57.415
1 11.2 -21.276
4.2 -1.2 -4.3028
10.6 9.2 0.90625
5.8 -2.8 -0.63715
12.2 7.6 33.283
11.8 6 41.378
3.4 3.2 3.5294
-5.4 -3.6 3.0917
-6.2 5.6 64.146
-6.6 4 73.521
2.6 -3.6 -17.585
0.6 2 -2.8131
10.2 3.6 40.503
7 -2 12.944
-5.8 -6.4 -26.871
11 -6.8 45.195
10.6 0.4 50.575
-6.2 -2.8 9.7304
9.8 0.8 34.394
10.2 8.4 11.141
6.2 0 11.807
-0.6 -7.6 -52.991
9.4 -2.4 39.511
1.4 -3.6 -22.839
-3.8 -2.4 1.7886
-0.6 -7.2 -48.58
3 3.2 2.8635
5 -6 -33.193
-2.2 -1.2 -0.16604
7.4 1.2 18.227
-2.2 1.2 2.5939
2.6 -0.4 -5.1758
-6.2 8 65.928
-2.6 12 3.5124
-5 7.6 48.132
-5 7.2 52.003
3.8 6.4 -11.121
9 1.2 36.189
1.8 7.2 -12.548
1 -6 -35.635
5 -5.6 -14.487
-3.4 3.6 33.955
1.4 -5.2 -30.165
-5.4 1.2 38.328
13 9.2 32.9
4.2 2.8 15.038
1.8 5.6 -3.8444
-2.2 -0.8 -5.4107
12.2 2.8 68.248
-1.8 1.6 14.423
-4.6 -6.4 -35.975
-2.6 8 24.515
1.4 -7.6 -47.565
-3.4 6 36.522
-5.8 11.2 48.88
1 -0.8 -7.3136
-1 2.4 15.424
0.6 10.4 -10.639
0.6 -3.6 -17.526
8.2 3.6 12.862
