9.4 4.8 18.582
5.4 9.6 -33.55
1 -3.2 -19.704
13 -5.2 84.653
3.8 -6.4 -40.659
11 -3.2 50.874
1 5.2 -4.8004
7.8 5.6 9.2389
-5.4 -3.2 -1.9838
8.2 -6.4 6.9883
2.6 5.6 1.8175
1.8 7.6 -7.3924
8.2 -1.6 18.335
6.6 1.2 4.3457
10.2 7.2 26.069
-4.2 8.8 40.439
1 -0.4 -4.5953
0.2 2.4 1.3643
6.2 -5.2 -15.952
2.6 2.4 5.0413
9.4 4.8 18.582
5.4 9.6 -33.55
1 -3.2 -19.704
-5.8 -0.4 40.166
-1.8 4.4 7.13
-4.6 3.6 48.421
-1.4 -1.6 3.3327
10.6 6 30.504
-5 12 20.774
3 6.8 -16.488
-0.2 -4 -27.426
1.8 -1.6 -7.1649
11.8 6.4 50.563
9.8 1.2 44.683
3 10.8 -26.189
7 -6.4 3.1276
-2.6 -2.8 0.20316
-4.2 6.4 46.337
-0.6 -1.2 -10.82
2.6 0.8 -0.9228
1 8 -5.0731
9.8 4.8 28.132
3 10 -29.847
-5.4 8 54.505
-4.2 3.2 38.272
2.6 9.2 -18.036
-0.6 -0.8 -1.464
-3.4 7.6 30.002
5 4 1.375
9.4 8 9.9018
12.6 -2.8 82.904
7 5.6 9.5392
0.6 2.8 7.2624
9 6.8 2.2691
2.2 -3.2 -8.6821
-0.6 4 10.477
4.2 -6.4 -39.748
4.6 3.2 6.5328
5.4 0.4 8.5159
10.6 -6.8 32.748
7.4 2.4 7.687
8.6 9.6 -17.218
-2.6 4.4 24.964
10.2 3.2 40.329
3.4 0.4 -1.3612
11.8 12 -15.975
6.2 -2.8 -13.817
1 -5.2 -39.953
0.6 3.6 1.6402
1.4 -2 -19.86
3 4.4 -6.3321
4.6 4.8 -3.7376
10.2 4 35.469
3.4 -7.2 -42.477
1.8 0.4 -1.4469
12.6 2.4 67.184
8.2 -7.6 -12.806
-5 -2 19.954
-1.8 10.8 6.6938
1 2 3.3099
8.6 7.6 7.0755
-1 11.6 -5.1806
8.6 3.2 21.284
2.6 3.6 -2.9532
6.2 4.4 1.5327
1.4 -1.6 -12.049
-0.6 -2.4 -14.892
4.6 -0.8 -1.0289
9.8 -6.4 24.879
10.2 8 22.684
3.8 -6.8 -46.432
5.8 4.4 11.303
5.4 -2.4 -4.9658
7 0 20.712
-2.2 -6.8 -48.338
1.8 6 -0.54492
-0.6 2.8 6.3369
-6.2 -6 -14.549
9.4 -7.6 13.408
-2.6 2.8 12.916
