0.050755 -0.60195
-0.11148 -0.022079
0.23088 -0.12863
-0.13067 -0.75795
-0.2904 0.71976
-0.36564 0.065409
0.041714 0.1823
-0.086261 -0.77422
0.075143 0.19232
-0.34381 0.20723
0.39103 -0.69097
-0.29676 -0.54392
-0.33935 0.50271
0.37758 0.62919
0.009681 -0.22529
-0.70836 -0.36727
-0.30063 0.27696
-0.21992 0.0641
-0.47813 -0.092529
-0.63606 -0.21346
0.41337 0.57737
0.020234 -0.71828
0.077087 0.54539
-0.72577 -0.18982
0.76491 -0.039282
0.58819 0.11387
-0.66721 -0.25996
-0.39682 -0.50095
-0.007174 -0.27639
0.29813 0.57583
0.47573 0.17209
-0.27174 0.70958
-0.28002 0.69328
-0.012665 0.73175
-0.060452 0.77133
0.44187 0.22469
-0.097176 -0.37853
0.48413 -0.2686
-0.2113 0.66601
0.56875 0.004001
0.22353 -0.32724
-0.35404 -0.53118
0.50191 0.24643
-0.52383 -0.41898
-0.74579 -0.11393
0.78157 0.079417
0.25595 0.6282
-0.57429 0.37485
0.45308 0.16019
-0.13308 0.15821
0.18222 0.45809
0.48426 -0.2155
0.17323 0.38895
-0.32432 0.26537
-0.3824 -0.30884
-0.013401 0.19514
0.70172 0.307
-0.26941 0.15813
-0.23968 0.40392
-0.16429 -0.26513
0.42611 -0.081304
0.29121 0.29587
-0.27136 -0.29391
-0.019131 0.022647
-0.51381 0.10685
-0.098317 -0.56598
-0.3629 0.61213
0.64585 0.010685
0.52665 -0.36347
0.041417 -0.1142
0.076818 0.49078
0.40094 0.14281
0.48929 -0.20617
0.20209 0.17254
0.66748 -0.17796
-0.37768 0.59953
-0.088332 0.12321
-0.19993 0.15841
-0.12445 0.76589
-0.33212 -0.7215
-0.066751 0.19444
0.2533 -0.4663
0.65773 -0.10113
0.34958 0.36088
0.74487 0.1391
0.52727 0.21869
0.084471 0.38531
0.68744 -0.39403
0.1872 -0.60593
0.077644 -0.33728
0.49298 -0.39501
0.1388 0.064412
0.69424 -0.17692
0.13789 -0.75508
0.22137 0.14313
-0.19538 -0.066015
-0.40617 0.54243
-0.11187 0.28741
0.03401 -0.64905
0.06879 0.46664
-0.10042 0.36856
-0.68092 -0.16985
-0.12127 0.17441
0.28188 -0.35373
0.67203 -0.14824
0.14379 0.69676
0.68417 -0.003052
0.31064 0.72135
0.40052 0.02479
0.13778 -0.61761
-0.5143 0.035582
0.14647 -0.1215
-0.10895 -0.21282
0.27331 -0.47404
0.32172 -0.44757
-0.18176 0.13342
0.024568 0.031175
-0.62026 0.25808
-0.08101 -0.60076
0.5216 0.11991
-0.29177 -0.032117
-0.31984 -0.0091
0.74275 -0.003214
-0.67698 -0.10428
-0.64444 -0.33893
-0.51578 0.22426
-0.12705 0.76616
-0.30929 -0.16657
-0.45009 -0.018633
0.49584 0.15372
0.49484 -0.00059
0.78703 -0.12088
0.59745 -0.002191
-0.65764 -0.32844
0.19966 0.68002
-0.51054 -0.21096
-0.43629 0.28924
-0.397 -0.65286
-0.4912 -0.13325
-0.1182 0.20219
0.074469 -0.61517
0.4186 0.31108
-0.30134 0.43118
-0.48783 -0.62158
-0.53917 -0.53968
-0.51348 0.039514
0.18817 0.56012
0.42394 0.36745
0.2766 -0.29116
-0.19873 -0.31424
