-1.8956 3.7505
2.0986 -4.2635
1.8476 0.25238
-3.1648 4.1831
-1.1559 3.0572
2.6692 -1.6905
1.2069 -3.7186
0.11017 3.2091
2.3743 -4.3921
-1.5383 2.228
-2.4966 2.3858
0.87115 0.15774
0.29046 -0.081383
4.0838 -4.6659
-0.88907 3.039
3.6967 -3.4243
0.79282 -0.32883
0.94408 -3.33
1.1864 -0.24118
-0.42528 -0.99085
0.25015 0.19927
1.8542 -1.0476
1.6496 -1.8643
-1.4428 -0.60675
-0.093719 0.27214
1.3843 -4.4324
2.443 -4.4028
1.1539 -0.48718
1.2662 -2.7671
0.11681 0.71999
-0.45213 -1.7721
0.38506 -1.5069
1.6997 -2.9598
-1.5974 2.6026
1.1322 1.3745
1.7829 -0.91428
-0.20714 0.34469
-1.6903 -1.256
-0.31929 -0.92646
0.51777 -2.3046
3.5651 -4.9632
-0.83796 3.8433
-0.14574 0.50236
1.3522 -0.47343
-0.45627 0.91861
-0.39677 0.63393
0.71089 -2.4518
-2.584 3.0382
-0.18147 1.4076
1.2103 -3.9945
1.2622 0.4767
-1.8819 5.5358
-2.2508 0.59068
-2.8066 2.792
-0.60811 0.096803
1.4889 1.6086
0.84979 1.7302
1.0554 -0.88177
-0.82347 -0.093452
-0.11668 -1.7522
-1.6149 2.6659
0.15378 -0.46441
-0.34059 0.016325
0.038777 -1.9622
-1.3753 1.1615
-2.2688 0.97638
3.622 -4.3479
-0.38153 -3.1781
-2.8157 5.804
-1.1115 3.1687
-0.31135 2.0168
-2.1614 2.7013
-0.25535 -0.58466
1.2689 0.85259
0.19888 -5.3254
0.28808 3.7521
-2.2242 5.386
1.3956 0.4538
-2.1924 5.8253
0.24722 -0.4664
-2.0075 2.3331
0.34711 0.12577
1.6067 -4.4074
-1.1233 0.81711
1.2701 -0.18657
0.19463 -1.7472
-2.7182 3.0223
-1.5279 1.0609
-0.97366 -0.056505
-0.19626 0.89306
-0.84651 1.1026
-1.1016 -0.053353
-1.9539 5.099
-0.79016 1.6984
-0.75664 0.020317
-0.54662 2.5536
-0.96242 -1.2471
1.8469 -1.8999
0.65298 -0.72196
1.0313 -6.728
-1.3781 -0.5188
-0.93203 -0.45251
1.0118 -2.7868
1.0564 -1.9904
2.8586 -2.5218
-1.0366 4.4316
1.7715 -4.6677
0.21512 0.49609
1.3056 1.5086
0.51525 2.1597
-1.3703 2.5686
3.3854 -5.9056
0.72912 -2.208
-1.7342 0.81394
0.21099 -1.348
0.077154 3.2696
0.38182 -4.903
-0.24033 0.02334
1.1355 1.4823
-2.0786 2.8996
2.9288 -3.8902
0.80996 -4.762
3.4574 -6.3578
-0.25014 -1.0035
-2.3177 1.7294
0.19768 -0.76379
-0.32599 3.3358
1.9511 -1.8222
-3.6083 5.1838
0.99602 -4.0824
2.2346 -2.2497
0.45315 0.56405
-0.49171 -1.4104
-0.21346 1.5556
-0.16725 -2.1608
0.49493 0.85969
-1.2569 4.0896
3.5052 -2.6473
-1.9883 1.9504
-0.13943 1.5378
-0.47792 5.7364
1.1734 -1.7343
-0.90486 4.7029
0.74998 -1.8306
0.2769 -0.53672
-0.26177 -2.9549
0.32165 -1.3639
0.41224 1.0609
1.4284 -0.11851
-2.8317 4.3358
-1.4499 0.74584
-0.19161 -0.1977
-0.67346 -0.08581
-1.7004 2.3189
-0.8878 0.972
1.3423 -3.8785
1.913 -1.8224
-0.72785 1.966
0.12538 -0.42945
1.8568 -3.5239
-1.1795 0.59086
-1.5629 -0.4545
-1.0341 0.24947
-1.2331 2.6251
-1.8446 1.0502
-2.0665 3.2942
1.1035 -0.25674
-1.7531 0.78104
1.5416 -2.6636
2.431 -3.3818
-0.78691 3.1634
-0.39585 -1.2104
-1.7794 2.4647
0.15612 1.3773
0.49313 -4.2317
-1.5036 0.5455
-0.9195 -2.1326
0.64842 -0.86143
0.68038 -3.1268
-0.44672 -1.3724
3.2796 -4.9703
-1.5775 0.51343
-0.68935 -0.11029
-0.96959 -1.35
-1.4467 0.57294
0.71642 2.1146
1.187 -1.2002
0.53557 0.38046
1.4236 -1.0118
-0.37694 -0.2679
-0.63075 2.9484
0.31702 -0.021575
-1.854 1.9065
-0.33986 -2.6493
-1.0564 1.4965
0.6294 -2.0901
1.3083 -2.1481
-0.71284 1.4573
-0.21355 2.5768
-0.72014 2.4049
1.9559 -3.1037
0.31951 0.062857
0.81157 0.46291
-1.995 1.502
0.90632 -3.774
-0.93865 0.45507
-1.2042 -0.12205
1.4242 1.8976
-0.75963 -1.3031
-0.24488 -2.5977
-0.82358 -1.6154
0.90853 2.6664
0.47007 0.80466
-1.3531 1.6425
-2.4424 0.47698
-1.2396 -0.17722
0.58567 -0.27794
-2.3704 6.1549
-0.23082 -0.80434
-0.64098 1.2787
0.0045931 -0.6553
0.68064 0.25878
0.41189 1.6966
-1.4587 2.5529
-0.46482 -1.9904
1.0081 -2.917
-2.4646 1.2774
-1.1676 1.7382
-0.32322 2.449
0.97691 0.23446
2.4204 -3.9018
0.31368 -4.2521
1.5765 0.79641
-0.8742 0.24535
-1.7561 -0.18082
1.5436 -4.661
2.3502 0.59247
-0.2378 -0.049858
0.39972 0.45522
-0.25521 -0.084823
-0.46281 1.6189
0.34198 -0.74277
-0.20433 -1.9243
-0.3419 0.077612
-0.80774 -0.63895
1.1733 -2.977
0.67534 -1.9324
-2.761 2.2738
-2.7081 -0.030533
-1.6236 5.1703
