-1.9411 -0.17251
-0.99098 -1.3337
-0.31998 1.6535
1.7951 0.67645
1.6554 -0.76927
1.5793 1.0332
1.8909 0.13173
-0.89099 1.1866
1.8222 -0.15295
-0.84097 1.7187
-0.89943 1.624
0.86622 1.5868
1.6367 0.39074
-0.019129 1.9616
0.39386 1.5224
-1.1503 1.0392
0.84525 -1.5333
-0.87103 -1.2623
0.022609 -1.9344
-0.40011 -1.5165
0.91174 -1.3226
-0.69989 -1.5714
-0.4102 1.5255
-0.90137 1.428
-1.8423 0.34991
1.3038 -1.2669
0.31588 1.6815
-1.4009 -1.3371
1.7488 0.38886
-0.20333 -1.6504
0.87352 -1.2105
1.7346 0.49554
1.2647 1.1474
1.492 -1.0736
-0.10492 -1.9429
0.83924 -1.6913
1.629 0.45125
1.1963 -0.91463
-0.46924 -1.3406
-1.5124 0.81875
0.14652 -1.6045
1.5261 -0.44111
1.6551 -0.37589
-0.045974 1.9401
0.11583 1.908
0.60484 -1.7734
1.5048 -1.2165
1.0655 1.0429
1.5139 0.96266
1.3301 -1.1614
-1.1044 -1.1063
1.6323 0.71419
-0.52252 -1.371
-0.41762 1.6907
-1.4778 -0.88009
1.5112 -0.71181
-0.16212 1.7265
1.528 -1.1392
1.7313 -0.61763
-1.2964 -1.1517
1.6207 0.84412
-1.0078 1.2337
-0.006972 -1.5551
1.2429 1.2635
-0.24509 -1.5943
1.6047 -0.43812
-1.0612 1.278
-1.6055 -0.63202
-1.7697 0.11204
-1.0934 1.0391
-1.8199 0.66404
0.12524 1.456
0.88244 -1.4754
1.7365 -0.47394
-0.95868 -1.5291
-0.19661 1.7248
1.4842 -0.46949
-1.1006 1.2251
1.0667 -1.6584
-1.4302 -1.1229
-0.32274 -1.4038
1.6034 0.768
0.97653 1.6362
-0.09068 1.4823
1.027 1.3296
-1.7864 -0.42222
1.6084 -0.82085
-0.68196 1.2518
0.016692 1.9975
-1.1151 -1.4865
-1.178 -1.4238
1.1648 -0.85734
1.6036 0.3125
-0.68117 -1.8153
-0.92138 -1.5628
-1.3263 -0.88266
1.0465 -1.1513
1.3998 -0.13405
-1.2064 1.4451
-0.4134 1.6923
0.75399 1.3089
-0.61779 1.2913
0.94161 1.1809
-0.29299 -1.777
-1.2667 1.3568
-1.6456 -0.6816
1.7999 -0.32714
-1.0611 1.2773
0.47222 -1.863
-1.2746 -0.96918
-0.4526 1.5482
1.0257 1.2133
-0.60107 1.3199
1.5892 -1.0327
-1.0842 -1.3804
1.0226 -1.4387
1.4117 -0.10023
-1.4888 -1.144
-0.28219 -1.8219
-1.7326 -0.57412
0.91951 -1.1966
1.6966 0.024564
-1.6577 -0.97798
-1.4054 -0.9947
-0.92377 1.7266
1.5172 1.1764
-1.3785 0.31486
1.1743 -1.318
0.92832 -1.4267
-0.4316 1.8747
-1.0443 -1.6243
-1.5885 0.84047
1.36 0.77218
-0.73366 -1.6242
1.5648 -0.059073
1.3735 1.3174
1.1896 -1.3136
1.3173 -0.91344
-1.424 0.84645
1.2116 1.2512
0.73274 1.5095
1.0868 -1.4112
0.091618 -1.9495
1.4994 -0.20156
1.9965 0.063678
1.7033 -0.50326
0.59306 -1.4554
1.3579 0.77273
1.6997 0.63438
-1.4279 -1.2922
-1.6871 0.57245
-1.7553 -0.16812
1.4245 -0.058583
-0.77737 -1.2245
0.34443 -1.6682
-1.8624 -0.39927
1.8243 0.3733
0.8055 1.3274
-1.4107 -0.000715
-0.97732 1.3779
0.14879 1.439
0.461 -1.4012
1.4692 -0.21328
-1.1109 -1.058
-1.3064 -0.99948
0.2285 -1.8791
1.8778 -0.18996
-1.4058 1.1611
-1.7073 -0.4382
1.6934 0.54369
-0.62698 1.4399
1.7099 -0.017914
-1.1985 1.5472
-0.99444 -1.6587
1.58 -0.93432
1.3657 1.188
0.81405 -1.3639
0.91253 -1.6452
0.31323 1.7008
1.72 -0.9036
-1.5624 -0.92401
0.33179 -1.645
1.1736 1.587
1.2459 -0.65957
-1.3629 -1.2261
-0.90297 -1.4101
-0.27561 -1.7299
-1.8392 0.38042
-1.3628 -0.63762
1.1557 1.4187
0.76256 -1.6342
0.22593 1.3944
1.4215 -0.54545
1.8091 0.51035
1.4602 0.93016
1.3355 -1.3211
-1.5771 -0.71867
-0.08202 -1.9408
-1.5405 0.42287
-1.9247 0.38237
-0.88535 -1.0869
0.92952 1.2449
1.9756 0.12152
1.0199 1.4549
-1.6728 -0.86617
1.3569 0.45571
1.4932 0.68293
-0.62779 -1.621
1.7024 0.26349
-1.4112 -0.89144
-1.8913 -0.32115
0.9404 1.2336
0.81288 1.6094
1.9091 -0.54278
-0.5606 1.6879
-0.70979 -1.2598
0.85731 1.7277
-0.627 -1.5022
1.7576 0.68894
1.4129 -0.64479
1.2933 1.0055
1.3046 1.4846
-1.9507 -0.34633
-0.088924 -1.5275
-0.42388 -1.8679
-1.6362 0.89904
1.6177 0.060981
0.054396 -1.4762
1.5944 -0.57801
1.5336 0.37237
1.6671 1.0597
-1.5354 -0.042729
0.96588 1.087
1.6381 0.048567
1.6191 0.95709
-0.18232 1.9317
-1.5581 -1.2091
-0.34014 -1.516
-0.69364 -1.3211
-1.37 0.90316
0.021569 1.4682
-1.6703 0.85241
1.2388 -0.80077
1.1235 1.6491
-0.27678 1.9593
-0.8672 1.1137
-1.4333 0.060542
-1.2903 -1.0645
-0.23267 -1.493
1.5268 -0.44374
-1.952 -0.060086
-1.3058 -1.1965
0.72016 1.7715
-0.49899 1.7194
-1.5869 -0.07343
0.10015 -1.4409
0.57742 -1.6654
-1.4775 -0.39152
0.92198 -1.4405
0.9502 1.2938
0.23534 -1.3933
1.6128 -0.16705
-1.3841 -0.94536
0.34928 -1.8287
-1.2623 1.3801
1.3871 1.4088
-1.8257 -0.57896
1.0243 -0.97813
1.1225 0.88613
-0.42215 1.5497
-0.10192 1.7766
1.3894 0.95929
-1.3745 1.257
-0.93025 -1.717
-1.2909 0.76622
-0.98656 1.5926
1.7206 -0.28011
0.85591 1.1955
0.65111 -1.7164
-0.18017 1.9166
0.057699 -1.7876
0.1882 -1.7257
0.37449 1.5469
-0.16959 1.392
-0.75574 1.1948
1.1371 1.5178
-0.94281 1.5946
-1.6082 -1.0359
0.82585 1.1358
-0.73033 1.7902
-0.24658 1.6209
0.17721 -1.5232
-0.31696 1.6926
-1.5496 0.97605
-1.54 -1.0165
1.5002 0.35287
1.2488 -0.85024
0.12793 1.6685
-1.6174 -0.44305
0.43834 1.5108
