9.4 4.8 32.985
5.4 9.6 2.2732
1 -3.2 5.9449
13 -5.2 146.69
3.8 -6.4 14.204
11 -3.2 102.91
1 5.2 17.204
7.8 5.6 22.326
-5.4 -3.2 28.824
8.2 -6.4 74.805
2.6 5.6 3.4459
1.8 7.6 20.601
8.2 -1.6 47.161
6.6 1.2 2.5886
10.2 7.2 24.23
-4.2 8.8 81.309
1 -0.4 6.3969
0.2 2.4 12.402
6.2 -5.2 44.696
2.6 2.4 6.7254
9.4 4.8 32.985
5.4 9.6 2.2732
1 -3.2 5.9449
-5.8 -0.4 63.529
-1.8 4.4 31.448
-4.6 3.6 60.52
-1.4 -1.6 6.2695
10.6 6 49.531
-5 12 126.22
3 6.8 2.1116
-0.2 -4 2.6464
1.8 -1.6 1.5658
11.8 6.4 66.052
9.8 1.2 51.674
3 10.8 5.9172
7 -6.4 60.255
-2.6 -2.8 9.266
-4.2 6.4 66.333
-0.6 -1.2 0.76767
2.6 0.8 5.3339
1 8 17.289
9.8 4.8 61.41
3 10 0.47071
-5.4 8 95.631
-4.2 3.2 45.49
2.6 9.2 12.404
-0.6 -0.8 9.8014
-3.4 7.6 68.271
5 4 5.8228
9.4 8 12.089
12.6 -2.8 136.53
7 5.6 8.9228
0.6 2.8 0.29693
9 6.8 27.447
2.2 -3.2 -3.0853
-0.6 4 9.0744
4.2 -6.4 17.88
4.6 3.2 2.8716
5.4 0.4 13.772
10.6 -6.8 113.96
7.4 2.4 23.556
8.6 9.6 12.054
-2.6 4.4 33.718
10.2 3.2 54.528
3.4 0.4 -3.8691
11.8 12 39.095
6.2 -2.8 20.427
1 -5.2 -13.586
0.6 3.6 8.765
1.4 -2 3.7792
3 4.4 3.9033
4.6 4.8 8.6529
10.2 4 41.857
3.4 -7.2 9.6737
1.8 0.4 -1.0698
12.6 2.4 98.735
8.2 -7.6 74.025
-5 -2 33.654
-1.8 10.8 59.062
1 2 16.927
8.6 7.6 27.136
-1 11.6 43.446
8.6 3.2 35.349
2.6 3.6 2.079
6.2 4.4 7.1978
1.4 -1.6 2.1597
-0.6 -2.4 6.2908
4.6 -0.8 -5.3315
9.8 -6.4 93.512
10.2 8 32.485
3.8 -6.8 18.039
5.8 4.4 7.0341
5.4 -2.4 14.217
7 0 21.5
-2.2 -6.8 2.2692
1.8 6 17.806
-0.6 2.8 10.302
-6.2 -6 31.94
9.4 -7.6 99.247
-2.6 2.8 37.706
