-2.6 2.8 37.706
1.4 1.6 7.2076
13 7.2 67.139
3.8 0 9.9063
13 -5.2 146.69
3.8 -6.4 14.204
11 -3.2 102.91
1 5.2 17.204
7.8 5.6 22.326
-5.4 -3.2 28.824
8.2 -6.4 74.805
2.6 5.6 3.4459
1.8 7.6 20.601
8.2 -1.6 47.161
6.6 1.2 2.5886
10.2 7.2 24.23
-4.2 8.8 81.309
1 -0.4 6.3969
0.2 2.4 12.402
6.2 -5.2 44.696
2.6 2.4 6.7254
9.4 4.8 32.985
5.4 9.6 2.2732
1 -3.2 5.9449
-5.8 -0.4 63.529
-1.8 4.4 31.448
-4.6 3.6 60.52
-1.4 -1.6 6.2695
10.6 6 49.531
-5 12 126.22
3 6.8 2.1116
-0.2 -4 2.6464
1.8 -1.6 1.5658
11.8 6.4 66.052
9.8 1.2 51.674
3 10.8 5.9172
7 -6.4 60.255
-2.6 -2.8 9.266
-4.2 6.4 66.333
-0.6 -1.2 0.76767
2.6 0.8 5.3339
1 8 17.289
9.8 4.8 61.41
3 10 0.47071
-5.4 8 95.631
-4.2 3.2 45.49
2.6 9.2 12.404
-0.6 -0.8 9.8014
-3.4 7.6 68.271
5 4 5.8228
9.4 8 12.089
12.6 -2.8 136.53
7 5.6 8.9228
0.6 2.8 0.29693
9 6.8 27.447
2.2 -3.2 -3.0853
-0.6 4 9.0744
4.2 -6.4 17.88
4.6 3.2 2.8716
5.4 0.4 13.772
10.6 -6.8 113.96
7.4 2.4 23.556
8.6 9.6 12.054
-2.6 4.4 33.718
10.2 3.2 54.528
3.4 0.4 -3.8691
11.8 12 39.095
6.2 -2.8 20.427
1 -5.2 -13.586
0.6 3.6 8.765
1.4 -2 3.7792
3 4.4 3.9033
4.6 4.8 8.6529
10.2 4 41.857
3.4 -7.2 9.6737
1.8 0.4 -1.0698
12.6 2.4 98.735
8.2 -7.6 74.025
-5 -2 33.654
-1.8 10.8 59.062
1 2 16.927
8.6 7.6 27.136
-1 11.6 43.446
8.6 3.2 35.349
2.6 3.6 2.079
6.2 4.4 7.1978
1.4 -1.6 2.1597
-0.6 -2.4 6.2908
4.6 -0.8 -5.3315
9.8 -6.4 93.512
10.2 8 32.485
3.8 -6.8 18.039
5.8 4.4 7.0341
5.4 -2.4 14.217
7 0 21.5
-2.2 -6.8 2.2692
1.8 6 17.806
-0.6 2.8 10.302
-6.2 -6 31.94
9.4 -7.6 99.247
-2.6 2.8 37.706
1.4 1.6 7.2076
13 7.2 67.139
3.8 0 9.9063
-1.8 4 35.413
-0.2 12 49.408
1 -2.8 2.7301
9 -2.8 56.204
-5.4 3.6 80.345
10.2 -2.4 80.536
10.2 -3.2 91.856
-5.8 2 73.78
-3 -3.2 12.099
-0.6 6 23.138
0.2 2 1.8245
-0.6 -2.8 -0.60044
10.2 0 61.886
1 -1.2 -0.047138
6.6 -0.8 18.327
8.6 1.6 36.011
7.8 -4.4 37.71
8.2 1.6 15.839
7.4 3.2 11.767
-3.4 1.2 32.035
-1.4 12 55.189
-2.2 -6.4 12.453
9.8 -3.6 82.929
-4.6 -4.4 24.693
-2.2 0 14.33
5 2 -0.31674
6.2 8.8 0.81688
4.2 3.6 -7.6087
-2.2 2.4 21.357
3 11.6 17.535
9.8 5.2 35.093
12.6 -4.8 138.35
11.4 0.8 87.472
7.4 -3.2 36.063
2.2 -1.2 2.8051
0.2 0.8 -14.008
12.6 0.4 111.42
-0.6 10.8 37.273
8.2 -6.8 73.844
7 -6 50.83
-1 6.8 36.96
11.4 10 27.483
-1 4 23.262
-1.8 4.8 20.968
-4.2 -6.4 3.4913
-3.8 10.4 86.721
5.8 7.2 -5.4132
-1.8 11.6 74.44
-4.6 4 55.903
11.4 6.4 52.005
3.4 12 12.567
5 3.2 8.1026
-0.2 -3.6 -2.2299
4.6 4 -5.2047
10.2 12 21.841
-1.4 4 20.593
1.8 -4 -10.371
5 6.4 1.7868
-1.4 11.6 49.825
-6.2 3.2 78.222
-6.6 3.2 94.367
-6.2 0 61.053
7.8 8.4 9.9789
7.8 1.6 18.979
13 8.8 56.533
-4.6 9.6 98.672
7.4 -5.2 56.263
-5.8 8 124.01
3 -6.4 7.1283
1 9.6 28.899
3 12 1.8914
7 3.2 19.424
8.2 7.2 20.287
-3.4 -1.2 21.846
-5.4 4.4 78.381
9.8 -6.8 95.365
6.2 -0.4 25.821
-6.2 -7.6 34.894
9 -3.2 78.151
5 6 -5.8678
-2.6 -4.8 6.0498
10.6 -2 71.862
11.8 -3.6 126.34
12.6 4 88.148
-5.8 0.8 59.498
0.6 4.4 14.084
-0.6 0 -2.771
4.6 -7.6 25.564
-1 -2 -5.3744
-5.8 11.6 144.04
0.2 -2.8 10.027
5.8 8.8 16.001
5.8 8.4 -4.1815
-4.6 -1.2 40.452
-3.4 10 71.269
-4.2 12 93.585
1.4 10.4 15.379
1 4.8 5.5263
-5.8 4.8 95.475
-1 5.2 22.57
-3.4 -5.6 19.116
11.4 -1.6 94.665
-3.4 5.6 55.645
11.4 8 42.554
-3.8 -4.4 21.163
-3.4 -3.6 4.1527
7 -2.8 43.834
-1.8 -1.6 19.42
10.2 -2 70.655
8.2 8.4 10.447
3.4 -1.6 2.2788
-6.6 -4 51.22
1.4 0 -5.1527
11.4 6.8 58.855
-1.4 3.2 18.722
2.2 4.4 3.2495
11.8 -2 109.3
8.6 5.6 22.733
7 8.4 13.127
11.4 3.6 64.902
-5 0.4 50.929
-3.8 3.2 45.718
-3.4 0.4 38.228
-0.6 -4.4 2.5527
6.6 1.6 17.304
-3.8 -5.6 10.121
3.4 -3.2 9.0084
11 8 33.964
-1.4 2 15.448
9 4.8 26.119
-4.2 -0.4 38.955
6.6 4 4.6338
-2.6 0.4 18.014
6.2 2.4 1.3229
3.8 7.6 -12.364
1.8 6.4 -1.8725
-2.6 0.8 22.811
-6.6 6 107.89
6.6 2 10.203
-0.2 9.2 23.451
8.6 6.4 18.286
9.8 8.8 21.699
0.2 1.6 12.108
-4.2 -6.8 13.038
12.6 7.2 70.134
6.6 8 7.7109
-2.2 0.8 24.712
2.6 -5.6 -0.97509
-5 5.2 65.994
-2.6 1.2 15.362
1.4 2.8 0.8533
12.6 8 66.111
-3.8 8.8 85.408
13 -4.8 156.17
0.6 -3.2 10.69
7 -4.4 37.912
0.2 5.6 12.701
-6.2 0.8 72.04
8.6 -0.8 55.072
-3 11.2 80.791
-6.2 -1.2 58.943
1.4 2.4 -5.716
9.8 -2.4 84.403
-4.2 -7.2 12.337
3.4 2.8 -3.463
3.4 -4.4 4.9834
-1.4 -5.2 16.89
5 8 -0.51895
9.4 4 33.274
2.6 -3.2 -0.17057
-5 11.2 112.53
1.8 4 2.9375
7.4 10 3.5885
-1.4 -2.8 8.8059
6.6 -7.6 50.59
3.4 2.4 16.442
6.2 2 9.2195
-2.2 12 58.32
7.4 6.8 13.345
-1 10.4 35.147
-3 8 56.282
-0.2 5.2 15.772
-0.6 3.2 11.66
10.6 8.4 34.284
9 5.6 18.719
4.2 0.4 0.23764
-3.4 -6.4 10.864
5.4 9.2 10.602
8.2 -0.4 49.218
10.6 -1.6 93.048
12.6 -6.8 162.26
-6.6 12 159.21
8.6 -4.8 66.155
11.4 4.8 65.151
12.2 -2.4 115.81
0.6 -2 -6.0596
5 0 14.055
11.8 -3.2 114.61
12.2 2.4 91.183
2.2 5.6 9.2337
4.2 10.8 5.9085
9.8 10 30.672
7.4 8.4 9.7977
1.4 -0.4 -0.063067
0.6 -7.6 0.22023
3.4 -4.8 16.233
8.6 -4 60.877
-4.2 5.2 62.558
-0.2 -2.4 3.8132
9 10.4 13.616
10.2 2 65.45
3 9.2 3.8055
4.2 5.2 5.4562
2.6 10 4.1494
6.2 -3.6 26.677
5.4 6 9.9856
-3.8 -0.8 27.328
7.8 8 22.369
7.8 -2.4 49.687
10.6 0 67.21
4.6 -2.8 16.166
6.6 0 18.26
-6.6 -1.2 57.8
12.6 -0.8 108.45
8.2 -2.8 60.227
1.8 9.2 9.618
6.2 -2.4 36.638
8.6 0.4 49.258
10.6 2.4 53.315
9.8 6 25.846
-2.6 7.2 49.566
-1.4 11.2 55.494
-6.2 1.6 68.986
-0.6 11.6 43.468
5.4 -5.2 27.099
-3 -6.4 5.4186
-1.8 1.2 17.276
3.8 3.2 9.5687
10.2 1.6 42.744
11 -4.4 100.5
7.8 0.4 26.116
-1.4 -6 2.2351
-6.2 6.4 99.771
2.2 10.4 18.069
9.8 2.8 38.611
0.2 7.2 16.257
0.6 -0.4 0.50727
-3 -4.4 15.412
-6.2 -6.8 32.616
0.2 -6.8 11.075
1.8 3.6 3.8454
4.6 7.6 -2.8437
-1 0 0.0081054
-0.2 -5.2 -1.5726
1.8 8.4 -3.1791
-3.8 4 39.143
6.6 10.4 1.4633
11.8 -2.8 108.51
-5.8 -6.8 31.658
-6.2 6 102.97
-3 11.6 76.997
10.2 9.2 24.407
6.2 -7.2 45.3
2.2 -5.2 8.664
-5 -3.2 37.663
-5.4 -2.4 45.538
1 -5.6 -0.24715
0.6 6.4 5.1864
13 -3.2 145.36
5 -0.4 1.8006
11 -1.6 82.256
-6.2 -3.2 47.354
5 8.4 5.296
-4.6 5.6 76.406
-5.4 0 54.844
4.2 1.2 12.682
12.2 4.4 67.991
-0.6 2 8.3351
-5.4 2.8 71.502
11.8 5.2 63.675
0.2 -0.4 -3.4652
11.8 -4 119.6
-6.6 -2.8 51.608
5.8 -2.4 12.679
-3.8 1.2 30.614
9 6 29.69
3 0 3.3227
3.4 8 3.0569
0.2 2.8 -1.6159
2.2 8.8 14.927
-2.6 -3.2 4.9709
0.6 5.6 7.6275
-5.8 2.4 70.373
-3.8 11.6 89.722
13 0.4 118.83
-6.6 11.6 158.63
11.8 10.4 32.859
-0.2 -4.4 1.0516
-2.2 -6 6.1151
6.2 -1.6 20.749
2.2 -7.6 18.632
13 1.6 105.47
-3.8 10.8 92.877
3.4 -6.8 17.688
-5.4 2 57.01
-2.6 -2 15.016
-1.8 8 48.613
-0.6 5.6 29.298
-5.4 -2 35.787
5 5.6 4.8315
11.4 -3.6 107.85
11.4 0 77.601
-2.2 -3.6 3.262
6.6 -4.8 51.936
-0.6 3.6 8.2045
3.4 5.6 -1.0826
5.4 1.2 15.376
-3 -4.8 13.291
3.4 2 -11.77
-5.4 8.4 96.828
-6.2 9.2 131.13
11.4 -2 92.805
-1.4 10 48.302
-4.2 4 39.075
9 1.6 46.434
9 3.6 36.151
4.6 -7.2 12.891
1 6 5.8138
5.4 2.4 5.5741
1.4 0.4 -3.9347
4.2 -4.8 21.207
-6.2 2 82.563
-0.6 -4.8 8.9978
-1 12 62.657
0.6 10 24.822
6.6 -6.4 41.472
-3 9.2 70.905
-1 -6.4 0.1036
-1.4 4.8 27.491
8.2 10.8 7.2968
5.8 10.4 0.089302
-5.8 -0.8 56.911
6.6 0.4 13.98
10.6 11.6 24.121
-6.6 -0.4 66.772
-2.2 6.4 41.758
13 8 76.107
1 -4 2.7784
-4.6 12 123.78
11.8 10.8 46.141
5 5.2 -2.7417
-5.4 -1.6 48.274
0.6 0.8 -10.705
-4.6 10.4 102.4
1.4 -6.8 -1.1305
-1 3.6 33.207
12.6 5.2 80.207
11.8 1.6 87.571
6.2 -4.8 37.853
9 10.8 21.04
6.6 -2 32.555
12.6 0.8 109.78
4.2 8 -8.3665
-6.6 0 72.107
5 0.4 16.067
-4.2 1.2 46.305
7 3.6 10.41
0.2 0.4 1.0209
9 -1.2 55.548
-4.6 8 83.212
10.2 -7.2 117.44
12.6 -6.4 165.74
-0.6 7.2 24.966
-5.4 -6.8 24.411
-2.6 4 29.611
10.2 -4 89.874
-4.2 -7.6 23.394
6.6 -3.6 17.319
-5.8 4.4 78.857
9.4 12 15.353
-1.4 -4 1.5041
0.6 -5.2 -2.3224
-1 7.6 29.558
11 1.2 69.896
-6.6 -1.6 62.843
11 4 48.602
4.2 9.6 -4.5586
-3.4 -7.2 9.2385
10.2 2.8 49.847
-4.2 4.8 64.971
11 7.6 44.896
0.6 6.8 21.002
-4.2 -5.2 28.456
-5.8 4 79.525
-3 2.8 15.203
1 2.4 -2.2085
-5.4 -4 40.723
-1.8 6.4 37.75
-3 5.6 56.261
-3 -3.6 6.8545
11 -5.2 110.28
-2.6 -0.4 5.5492
1 10.8 30.579
12.2 3.6 73.976
-6.6 4.8 103.38
-4.2 5.6 64.564
12.2 -7.2 163.12
-0.2 6 19.606
13 -0.4 113.78
12.2 0.8 91.112
-5.4 -2.8 33.725
9.4 8.8 28.333
-5 -4.4 30.611
11 11.2 35.496
2.2 -5.6 8.0316
3.8 5.6 4.9553
4.2 12 8.3792
4.6 3.6 0.054234
-5 -6.4 31.331
11 9.2 35.561
9.8 -3.2 84.519
9 -6.8 88.234
-2.2 2 23.764
9.8 8 29.882
10.2 4.8 45.006
-6.6 8.4 134.82
6.6 11.6 11.451
1 -3.6 -0.81987
-6.2 8.4 133.31
4.6 6.8 4.8392
10.6 6.8 36.288
12.2 6.8 51.428
-6.2 -4.4 32.425
11 -6.4 135.5
1.8 -7.2 12.501
3 4 1.9756
9.4 6.8 30.883
12.6 10.4 47.47
1.4 -6 7.7294
3.8 8.8 -2.4327
-0.2 9.6 42.641
9.8 -7.2 89.613
0.2 4.8 8.8348
-2.2 -4.8 19.574
11.4 -0.8 94.372
1.4 -2.4 4.7103
1 5.6 10.143
5 -2.4 26.873
-2.2 -5.6 4.0596
0.6 -2.8 -2.0748
-1 6.4 30.701
-3 8.4 42.951
-6.6 -7.6 43.623
-1 -4.4 0.73821
4.6 0.4 8.2665
4.6 6.4 2.7583
10.6 -4.8 94.874
6.6 -4 44.734
8.2 4.8 18.076
5.4 7.2 2.3391
-1 7.2 15.648
9 8 19.265
-3 0.8 36.412
0.6 -4.4 2.5497
1 2.8 9.1263
3.4 4.8 2.6703
-4.6 -2.4 28.94
-1.8 2.8 14.573
11 -0.8 79.27
-6.6 5.2 96.443
9.4 10.8 6.5745
-6.6 8 125.83
4.2 -7.6 23.793
-5.8 3.6 78.733
6.6 -6.8 39.684
13 6.8 89.808
5 -3.6 13.6
-4.2 10.8 92.566
13 11.6 52.72
10.2 5.6 45.948
9.4 -5.2 87.767
6.2 1.2 2.9443
4.2 -1.6 -7.3267
10.2 -5.2 93.023
6.2 8.4 -5.0542
7.4 -0.4 23.723
-1.8 10.4 56.929
3 8.4 4.5377
-5.8 9.2 114.61
5.8 12 5.4452
-3 9.6 65.725
-5.4 8.8 103.36
-1 0.4 7.0313
2.6 -6.4 8.6429
-1.4 -4.8 -2.3824
7.8 -1.6 39.632
6.6 2.4 8.2154
-0.2 10 29.111
6.2 2.8 10.639
12.6 -1.6 123.33
-6.6 -6 40.289
3 -6 6.3519
5 2.8 3.2785
-5.8 0.4 45.142
6.2 -7.6 46.084
13 4.8 85.172
2.2 2.4 -3.5898
0.6 11.2 32.358
10.6 12 25.498
-6.6 -4.8 49.189
3.4 0 9.0088
10.6 7.2 44.776
9.8 -7.6 112.37
-1.4 -0.8 12.116
12.6 -7.2 163.26
8.2 -4.8 60.998
-2.6 -1.6 9.2424
1.4 -1.2 -12.359
4.2 -7.2 25.754
-2.2 4.8 30.331
11.8 8.8 42.601
-0.2 6.8 3.8622
-2.2 -2 3.8785
13 0 117.18
1 7.2 14.246
3.4 11.2 12.992
-6.2 10.4 143.05
1.4 -4.4 6.8123
-5 6 90.43
-3.8 4.8 56.084
-2.6 11.2 78.08
-5.8 -2.8 40.718
0.2 -6.4 9.5378
-5.4 -7.6 28.572
7.4 7.2 10.54
10.6 -0.4 78.9
10.2 -4.4 72.151
2.6 7.2 7.1229
10.6 4 40.652
4.6 -6.4 14.953
-2.2 10 58.31
7.4 6 6.5369
3 1.2 3.9541
-1.4 1.6 14.49
-2.2 3.2 11.81
3 -4 7.4858
-3.4 -2.4 27.605
9.8 -1.2 69.718
5.4 12 -1.7782
8.2 2.4 38.355
9.8 7.2 32.76
1.8 0.8 -8.2307
12.2 -6.8 144.28
5.4 -4.4 28.575
5.8 6.4 2.1059
11.8 4.8 69.763
3 0.8 14.272
6.2 -6.8 49.348
-1.4 -6.4 11.917
3.8 -4 0.98699
-5 -1.2 47.573
-4.2 -2 28.654
2.2 12 19.982
-3 0.4 17.713
-5.4 3.2 64.531
11.8 7.6 52.932
11 -4.8 116.18
3.8 3.6 -6.2231
-6.2 7.2 117.38
2.2 1.2 -3.1697
-3 -5.2 5.8268
3.8 -7.2 16.661
13 -6.4 176.75
11 -0.4 82.125
-1 -3.2 5.5873
6.2 -2 27.313
-4.6 -3.6 30.167
2.2 10.8 17.335
7.4 -7.2 67.337
9.4 -4.4 86.88
12.2 -4.8 141.23
-4.2 -6 17.163
-0.6 11.2 48.093
-3.8 8.4 76.013
8.2 3.2 29.223
9 9.6 19.681
-2.2 8.4 51.133
1.8 1.2 0.597
-6.6 2.8 87.702
10.6 4.4 53.763
2.6 1.6 -10.608
11.8 -6 138.75
2.2 11.6 15.826
8.2 10.4 6.9642
0.2 -3.2 -13.608
11.4 -7.6 131.1
11.4 5.6 58.694
7 4.8 5.8606
3.4 4 -3.663
-1.4 10.4 51.068
-0.2 8.8 33.02
3.8 10 5.842
5 -2.8 16.831
-2.6 -6.4 -1.2214
1 8.4 10.969
-2.6 10.4 64.325
11.4 12 27.893
13 -2.8 142.91
7.8 -3.2 57.076
2.2 0.4 -4.9791
8.2 -2.4 48.167
-3 2.4 36.164
5.8 -4.8 34.11
6.6 2.8 9.5059
3 2.8 7.5967
-3.8 2.8 49.433
12.2 6 68.734
3.4 -7.6 29.472
-6.6 -2 58.165
10.6 2 62.627
-6.6 0.4 65.995
-2.2 7.6 52.889
4.2 -0.4 4.4141
7.4 1.6 20.006
-3 -0.4 23.08
4.6 5.2 7.2579
2.6 -1.6 -4.0109
5 -1.6 13.748
4.6 1.2 -2.4438
-3 5.2 37.253
0.6 3.2 12.522
13 3.2 84.4
-3 -2.8 17.625
4.6 9.2 14.362
10.6 -2.4 89.992
2.6 8.4 11.317
0.2 4.4 10.244
8.6 4.4 22.451
4.2 -6.8 17.682
9.8 -2 60.87
7.8 11.6 -3.7545
7.8 -5.2 49.538
1.8 -7.6 0.30958
13 8.4 69.157
9.4 6 23.845
-1 -3.6 1.7593
-1.4 9.6 52.811
3.4 -5.6 2.9341
-5 6.4 84.025
6.6 0.8 19.213
0.6 -6.8 7.5797
9.8 10.4 5.5281
8.6 -1.6 44.828
-6.2 -5.2 33.569
5 4.4 11.233
11 7.2 41.084
1 9.2 17.081
9 4 32.953
11.4 -6.4 132.94
-2.6 3.2 28.331
-3.8 -6.4 11.416
-5.4 0.4 60.344
-3.4 2.4 37.36
-5.8 1.6 71.79
1.4 0.8 -7.6675
-1 2 5.2938
-1 10 56.86
10.6 -0.8 75.466
9 -4.4 61.831
3.8 8 2.9428
-5.4 -0.8 50.412
4.2 -5.6 6.3172
-5.8 -3.6 36.145
-0.2 -5.6 0.61212
9.4 -3.6 78.152
2.2 3.2 8.0366
-5.8 6.8 106.9
6.2 -0.8 15.904
7.4 9.2 7.1888
-2.6 9.6 52.596
4.6 9.6 5.4283
-6.6 9.6 145.8
1.8 2 -4.7251
11.8 2.8 78.478
0.6 8.8 14.149
3.8 6.8 -1.8811
1.4 5.6 2.6414
3 -5.2 0.49786
3.4 -1.2 -0.84044
0.6 9.2 28.165
-5.8 -5.2 44.377
-4.2 9.2 88.66
12.2 12 39.852
7 11.2 8.8241
-6.2 11.6 150.69
4.6 -1.6 12.403
-2.6 6.8 52.897
7 4 11.936
1.4 -2.8 0.0067484
-6.6 2 84.522
11.4 -4.4 121.11
7.8 -7.2 68.78
-4.2 0.4 42.129
7.4 -6 57.199
4.6 5.6 0.99093
7 4.4 12.396
-5.4 1.6 64.989
-0.2 5.6 18.768
-4.6 8.8 89.838
1.4 9.2 23.287
4.2 2 7.3466
8.6 5.2 18.772
7 2.4 19.167
2.2 -1.6 -7.95
-1.8 -5.2 11.817
2.6 -1.2 -1.1349
-5 0 52.701
5.4 -4.8 22.002
8.6 11.6 16.163
13 9.6 65.314
8.6 -5.2 60.828
-3.8 -0.4 28.344
6.2 6.8 5.3799
4.6 -2.4 9.4389
3.4 10.4 4.3396
5.8 1.6 -1.6394
-4.6 1.6 50.305
13 -5.6 167.09
3.8 4.4 -5.3416
9.8 6.4 42.092
6.6 5.6 14.734
-3.8 9.2 87.787
5.4 -2.8 16.209
8.6 -3.2 59.797
-5 2.4 58.67
10.2 11.2 20.863
-5.4 4.8 77.341
7.4 5.6 14.163
0.2 10.8 27.893
-3.4 -4 21.559
-2.6 -5.6 10.651
7.8 1.2 35.855
-5.4 11.2 123.26
-3 -5.6 16.814
7 7.6 9.1855
-3.4 11.6 84.912
10.2 -6.8 109.76
7.8 12 11.809
12.2 1.6 103.33
9 -4 75.791
2.2 6 14.99
4.6 -5.2 8.84
-5 9.6 100.66
-5.4 5.2 83.986
3 -2.8 8.7332
1 4 16.172
-4.6 -0.8 43.86
5 1.2 3.6069
-3.4 -4.8 7.5404
-2.2 3.6 25.093
-5 -4 37.892
7 11.6 10.284
10.6 5.6 44.315
2.6 4.8 0.27233
5.8 -3.2 31.025
-3 3.2 28.94
-4.2 2 51.853
2.2 -2 6.2634
12.6 -2.4 130.74
11 0 83.024
2.2 2 -4.5723
8.2 8.8 10.737
10.6 10.8 43.557
9.4 -4.8 82.158
0.2 3.2 15.865
-1.4 5.2 27.82
-3.8 -5.2 8.429
7 2.8 17.042
8.6 0.8 58.896
-0.6 9.6 33.369
8.6 2.8 26.219
3.4 -0.8 4.9191
-3.8 10 95.326
-1.4 0 12.385
7.4 -4 55.088
-1.8 0.8 22.846
-6.6 4.4 108.38
5.4 -1.6 28.544
11 10 31.747
6.2 6.4 1.8986
-5.8 12 139.41
5.4 10.8 5.1889
-6.6 -5.6 38.326
-2.2 -4 7.5638
1.8 -4.8 -0.51397
11.4 -1.2 88.302
0.6 1.6 -3.2073
-5 -0.4 39.029
13 -7.6 189.37
10.6 9.6 28.72
-3.4 11.2 84.171
-1.8 12 59.32
6.2 12 9.7235
5.4 4 11.601
-1.8 3.2 24.936
11.4 3.2 72.161
3.8 -0.8 10.504
-5.8 3.2 76.409
11.8 -2.4 97.101
11 10.8 16.669
3.4 9.6 5.1576
7.8 -4 56.119
6.2 3.2 7.9645
2.6 -4 -11.915
10.2 8.8 34.944
5.8 -2 17.396
10.2 -1.2 62.591
-5.8 10.4 126.83
8.6 -5.6 69.72
-3.8 -2 11.489
9.8 9.2 24.905
10.6 1.2 65.019
1.4 4.8 -2.8454
5.4 -7.6 34.131
-6.6 8.8 123.25
9.8 -4.4 72.866
-1 5.6 20.017
-5 -1.6 39.725
9 7.2 22.932
7.8 -6.8 62.767
10.6 -5.6 109.69
9.8 3.2 45.685
7.4 -2.4 41.966
7.4 -6.8 57.638
11.8 9.2 45.375
-5.8 2.8 75.566
1 11.2 30.814
4.2 -1.2 15.237
10.6 9.2 31.938
5.8 -2.8 18.623
12.2 7.6 43.416
11.8 6 62.551
3.4 3.2 -0.35246
-5.4 -3.6 41.425
-6.2 5.6 101.02
-6.6 4 94.427
2.6 -3.6 8.1338
0.6 2 -2.7661
10.2 3.6 52.335
7 -2 27.085
-5.8 -6.4 29.197
11 -6.8 130.87
10.6 0.4 58.195
-6.2 -2.8 45.222
9.8 0.8 51.006
10.2 8.4 34.909
6.2 0 10.804
-0.6 -7.6 1.0564
9.4 -2.4 52.549
1.4 -3.6 2.5303
-3.8 -2.4 26.465
-0.6 -7.2 -1.4364
3 3.2 0.82062
5 -6 29.073
-2.2 -1.2 20.468
7.4 1.2 33.151
-2.2 1.2 27.722
2.6 -0.4 -10.978
-6.2 8 121.49
-2.6 12 65.645
-5 7.6 82.121
-5 7.2 94.761
3.8 6.4 -8.3019
9 1.2 37.678
1.8 7.2 4.7568
1 -6 4.5353
5 -5.6 20.664
-3.4 3.6 51.565
1.4 -5.2 -5.9557
-5.4 1.2 65.734
13 9.2 61.951
4.2 2.8 1.9624
1.8 5.6 -9.0582
-2.2 -0.8 12.052
12.2 2.8 86.262
-1.8 1.6 7.1811
-4.6 -6.4 15.815
-2.6 8 53.328
1.4 -7.6 12.003
-3.4 6 59.004
-5.8 11.2 128.55
1 -0.8 2.4873
-1 2.4 8.3703
0.6 10.4 31.496
0.6 -3.6 -2.9404
8.2 3.6 21.812
