-10.754 5.4392
-5.1634 3.2635
8.278 -3.2337
2.1359 -7.0896
1.5846 11.779
-4.4477 3.6231
-11.903 3.3391
-4.5565 10.22
-5.6226 10.32
9.9156 3.8985
-4.6557 3.4457
2.9648 -7.0516
-5.6849 1.0677
9.4009 -2.1514
-2.1739 -6.3684
-7.3135 9.4671
-0.99823 5.5246
-2.4047 5.1375
-2.324 11.649
-5.5314 -0.54893
8.5421 -3.481
-0.21272 5.0394
-4.2871 -4.2314
-4.6988 -5.1109
2.5763 3.5275
3.6671 1.5037
9.2656 4.9486
9.4748 2.0357
-5.532 -2.6698
3.7696 10.584
-4.9321 -3.0664
3.3769 1.3485
2.7006 -0.74882
-1.3162 5.4123
5.1084 9.4692
3.0599 3.492
-5.876 -0.87403
-5.7779 -3.1855
4.5814 10.784
-9.1342 6.8287
-2.8244 -6.2175
-3.8403 4.6688
-5.6895 -2.4053
-6.469 9.9257
-5.893 -0.18381
3.515 0.76212
-3.2282 11.736
8.8752 5.213
-0.70425 -6.5663
2.4436 -0.77164
5.3856 10.073
8.2049 -3.8924
8.5142 5.6192
3.2294 0.11648
-2.9349 -5.8314
-1.255 -7.0459
-10.252 7.0862
-3.6989 4.5436
-3.299 11.199
3.1474 3.7843
3.2797 -6.9826
-0.77943 5.7677
2.5944 -0.87791
5.3486 -6.4626
9.1986 -2.5905
3.5411 0.17435
-6.1923 0.71885
-4.1213 -4.2682
-1.3021 5.1562
5.8662 -5.6437
-0.024981 -6.6871
4.1853 -6.9275
-0.71534 5.5586
7.9577 -4.0038
-3.9127 11.567
-1.0268 11.644
2.6793 -0.99748
9.5986 5.5439
0.34295 11.639
9.1849 -2.2637
8.51 -3.5588
4.1445 2.1443
-0.49958 5.3806
-3.4755 -5.5728
5.7375 9.7106
5.0461 9.8929
7.8733 -4.7901
2.1549 10.951
9.6252 3.9634
-3.7759 3.5673
8.955 6.0181
-4.649 -4.6437
-0.35179 5.3036
-3.4562 -6.1885
3.1337 3.2612
0.82399 -7.4498
-0.93105 5.7478
8.5038 -3.7984
-0.92083 5.3313
3.5831 2.1171
-9.001 7.8652
9.8084 5.0196
2.826 -0.81276
8.867 6.8451
6.7443 9.021
2.6978 4.1533
3.6105 0.2568
3.2158 4.0708
3.3078 3.9258
-4.1216 -4.887
1.842 4.8099
-3.4339 3.8123
-4.0788 4.1804
2.0981 -0.74312
-9.7939 7.4559
2.2815 -7.1785
8.2298 -4.3564
-4.882 1.8219
6.0598 -5.5224
6.5532 -6.2748
-4.9946 -2.898
-10.525 4.6927
6.0117 -5.8379
-1.9349 11.367
3.5782 2.7896
-4.1115 4.2091
2.8677 3.0616
8.3062 -4.5175
9.6978 2.3949
7.2669 -5.144
9.1912 -1.3389
9.6159 4.8216
-5.8441 1.5431
6.1773 9.3913
4.7772 10.324
-3.5973 4.9705
3.0801 -6.9679
-3.1502 4.8742
6.8993 8.9104
3.9221 0.88998
10.241 0.81601
3.6367 1.6756
-3.2562 5.1735
3.5691 1.4274
8.6153 6.5392
-6.2719 10.219
-11.968 1.1687
0.80911 -7.3228
-5.6344 -2.6938
-5.3986 2.3337
9.7827 0.48771
2.2592 3.5918
-0.91523 -7.0483
-4.6697 3.5637
-3.0072 11.632
3.293 -0.80261
3.8593 2.244
1.2532 11.32
-3.0292 4.6317
-4.9185 2.7379
8.7061 5.6071
1.8252 5.0211
-9.8478 5.4839
-5.857 -2.5241
5.5981 -5.5584
3.1153 -0.77542
9.4882 1.5344
10.247 0.11944
-5.1998 2.8555
-3.5976 11.425
2.6324 -0.58913
-1.1619 4.7069
-3.8726 -4.6629
10.113 3.2111
3.361 3.8198
3.4135 2.8284
3.2446 2.8396
-2.0051 -6.6575
-0.752 -6.9976
-5.7397 -1.1461
-3.1624 4.8326
6.5848 -5.8709
0.89601 -7.0422
9.1858 -2.3382
-0.76989 -6.629
0.86652 11.649
3.8033 10.806
-0.083932 11.803
-4.3096 3.2046
-3.2069 -6.2319
2.0967 -0.81008
-3.5437 11.161
6.7831 8.6048
-3.7132 10.945
2.6658 -7.2837
3.0985 3.5665
-1.7087 -6.9275
0.78394 -7.2323
-5.6247 -0.035471
-1.7598 -6.0967
7.683 -4.0409
-5.594 -2.6504
-4.7608 2.6241
-2.6882 4.9713
6.8311 -4.9512
2.9058 0.2267
2.3973 -0.57979
-3.009 4.0755
-5.7771 0.66398
4.1528 -6.8392
2.3054 -1.2846
0.039023 -6.9514
-2.0009 -6.6946
10.227 0.59665
9.5221 4.5818
3.0464 0.010074
1.0905 5.4319
-0.9126 5.3822
-4.0601 10.801
3.4643 3.5615
3.8344 0.8911
-5.7518 1.1164
-5.0787 1.8079
2.4828 -0.69038
6.2303 8.9818
1.2987 4.6083
-5.5324 2.1811
2.1241 -1.4062
5.0733 -6.0293
10.236 1.7455
-1.4157 11.115
3.5377 2.4205
-5.1171 2.4834
-4.4164 3.3196
10.022 1.2254
-3.2365 -5.3688
3.8701 3.422
-3.9112 -5.4174
2.3363 3.991
7.4822 8.3304
-4.7329 -4.6451
10.044 2.8508
-4.938 3.0878
9.6146 -2.1545
2.8492 -0.44844
3.6617 -6.7166
9.6667 -0.10358
-1.4838 5.5452
3.8241 2.4863
9.1932 3.6644
10.397 0.44126
2.324 -7.6792
-0.62644 -6.7923
-11.774 1.248
2.4823 -1.3695
-5.6356 1.2984
3.9844 1.994
3.6114 3.1924
9.6666 5.0979
-1.4349 11.468
1.7324 -7.7222
-6.4072 9.5676
-5.7442 10.45
-2.0487 11.032
10.062 3.0499
6.1819 9.1575
6.3879 8.8036
3.7509 -6.7026
-5.553 1.037
-4.9759 2.2831
4.0161 1.0995
-1.0897 -7.2276
-0.42555 -6.7042
2.9076 3.3068
9.7255 -2.518
7.4468 -4.3597
-4.5429 10.721
-0.80697 -7.4797
-9.1192 7.3588
-4.0496 -5.0238
2.0535 3.7929
1.9029 4.311
-7.5138 8.7394
-3.6494 4.261
9.297 3.978
0.39096 11.068
-10.616 4.4523
-5.4561 -3.4557
9.1178 5.4173
3.8229 11.028
9.4454 -2.0276
3.7192 -0.50531
5.4194 9.8595
2.8874 -0.66438
8.5481 6.7842
4.3929 10.974
-5.8197 -0.38103
10.415 1.733
-5.4349 -0.61484
-1.0707 -6.4627
-4.1219 -4.3966
-10.657 6.0112
2.8886 -0.53748
9.7704 1.8947
8.9127 -3.6079
-0.3491 11.177
-5.1463 -3.0047
3.6372 0.047624
-6.0232 -1.9467
3.3417 -0.18154
7.756 -5.266
-10.093 6.4449
9.2428 -2.658
-2.2233 5.621
3.701 0.4953
-5.6677 -1.5149
9.0437 -3.0511
9.8053 -1.3343
-2.8611 11.148
8.0604 -3.632
-3.2667 11.688
5.3629 10.02
-4.6016 -5.0002
-1.3254 11.683
-4.9665 1.7341
-3.4992 3.7858
-5.4037 -3.4508
4.011 10.644
8.4011 -3.0924
3.0244 2.9067
4.2418 10.536
-11.627 1.0656
-2.6256 4.2235
-4.8276 2.5073
7.6734 7.4879
-5.8228 -0.06719
-5.222 2.3685
8.6093 7.2623
-10.849 3.8692
-4.2726 4.0305
0.27964 11.793
3.349 -7.0389
-2.9546 11.636
-0.65897 -6.9626
-5.2056 -3.1089
-10.745 4.3845
2.2659 -0.82167
-3.7927 4.5019
-7.3158 9.4924
-3.0844 -5.3596
3.4503 -0.17506
9.5074 3.3129
9.8247 3.383
9.8645 -0.20009
10.052 1.7005
3.8957 -6.6427
-10.279 5.9596
-4.7305 -3.7543
-4.8517 10.992
3.7876 2.0821
-6.3353 -0.77069
9.8333 2.0792
-2.7579 4.2462
-2.0589 11.484
-10.978 4.6509
-11.475 2.6564
-4.8856 -3.0535
0.68697 -7.7429
6.4244 -5.7632
2.6449 -0.094527
-5.1878 1.2091
-3.6915 3.8044
2.0166 -1.0365
-6.2478 -1.1312
9.4261 -2.2588
3.8477 2.2122
6.8827 -5.3188
2.5776 -1.124
7.593 7.9467
0.10994 11.262
3.1914 11.126
10.086 3.7974
5.5436 9.7365
-4.0403 10.602
3.5793 2.6601
7.3863 -5.7323
-0.14214 -6.775
-0.60239 -6.8207
-4.6699 -4.2454
1.2434 5.3053
-11.207 4.2932
-0.76603 11.175
5.3059 9.3915
0.51993 5.1391
8.62 -3.2841
-8.3203 8.1025
-5.9759 0.3364
2.2278 -7.704
2.3184 -7.7632
-5.983 1.061
3.3291 3.9612
3.4917 2.7127
-4.5821 3.1086
-1.417 5.7355
2.1143 -1.3916
-5.535 -3.4128
2.6295 -7.1248
5.9168 10.069
3.7778 0.064269
-3.9302 10.888
7.7796 -4.0755
7.5406 -5.0962
-4.2987 3.5323
6.7249 8.788
2.6415 11.523
-0.6971 -7.053
4.0927 1.6178
3.2916 2.0265
2.436 3.72
-6.2243 -0.91915
-10.009 6.7502
3.877 0.013323
6.5167 -5.6419
-2.3613 4.7559
6.1132 9.2493
-5.5009 -0.75474
1.5 11.219
2.7978 -0.65051
8.9893 -2.6482
2.2953 -0.92221
9.8028 -1.8015
3.8875 11.131
-1.8464 5.395
-3.7838 -5.0448
9.7001 -1.7269
8.1572 -4.7537
9.8988 4.6693
8.4178 6.9455
-2.1029 4.8883
6.9013 8.5882
3.3805 1.7048
5.4965 -6.3286
2.0193 -1.3071
-11.44 4.4103
2.7279 3.2913
1.2992 10.924
8.3577 6.0732
8.7357 6.0046
-2.7963 -5.8683
3.2846 3.8226
9.2089 4.9106
-3.162 4.4508
9.8708 4.8433
2.2546 -1.2977
3.4485 -0.3064
3.9667 1.6711
0.53776 -7.8615
0.87441 5.4215
-1.5377 11.064
4.0422 0.56138
-4.6571 -4.3703
-2.5242 4.9384
-1.1416 -7.5853
4.0166 0.52375
-5.3833 2.0518
8.0477 6.7093
1.9048 4.3088
2.0836 4.2075
5.9851 8.7671
2.0259 -1.5469
7.9816 -5.0468
-5.3952 -0.20452
-11.646 2.1932
7.468 8.1295
2.3769 -1.619
2.3089 4.8767
-4.7462 3.1539
9.654 3.7583
5.6772 -6.0565
7.6665 -3.6629
3.0098 4.0841
9.2645 4.6104
-8.5436 7.811
-11.927 3.1313
8.2324 -3.7572
9.8964 -0.42205
-2.725 4.704
-5.6398 1.0022
3.8831 1.2657
3.0455 -0.93174
0.55714 11.252
6.4558 8.7303
-2.1832 11.237
10.024 0.7413
-11.998 1.0117
9.5753 0.77982
2.516 -0.66142
-11.393 2.4723
3.7192 1.7728
-9.7733 6.8089
0.74609 -7.0126
-5.4492 2.1375
8.9856 -2.5377
3.1439 2.8333
3.2706 3.8877
2.3009 4.3663
-2.0527 5.0123
-3.565 -5.466
-3.4343 -5.8245
9.2706 4.6473
-3.1637 4.9469
2.0618 -1.441
2.128 5.0987
-0.56821 5.2524
9.6172 -0.39822
2.945 -0.95995
3.6933 1.5122
-1.7926 11.467
-2.3854 -6.2906
4.2296 -6.8435
1.7389 5.0246
6.3997 8.7591
3.4009 3.4525
3.5149 10.769
3.5221 -0.20537
10.031 3.9461
3.2994 3.6974
-9.406 6.3545
9.6224 2.9113
5.623 9.8101
-10.068 6.1079
2.8236 -1.0558
-1.2966 4.9116
5.7808 8.8652
3.4406 1.3337
-3.4881 4.558
9.8906 -0.31689
3.5527 1.205
-5.5915 -1.0081
2.263 -1.2904
1.719 4.6655
3.9313 2.9492
1.6432 5.0807
6.1511 9.6077
9.7647 -2.0556
4.3484 -7.2277
-1.4687 11.788
-9.912 6.2174
-5.0193 -3.3167
-2.1365 10.932
2.1916 -7.0026
-5.0058 2.8068
-4.7115 -3.0877
3.7224 -7.5614
-4.0584 10.433
-4.4947 3.8403
-0.39285 5.6344
-3.8895 3.9104
2.0447 -1.7411
2.8623 11.208
9.6307 1.8843
6.7799 -5.6568
-5.8375 1.3101
-0.72984 -7.4386
8.0147 -4.6329
6.1319 10.029
8.7474 -4.2411
8.8168 -3.3641
-0.56464 11.808
3.3803 2.9513
3.7765 2.3357
5.8476 9.5038
-2.8111 -6.2512
3.417 0.45647
-0.51279 11.138
2.7629 -0.55029
2.8675 -0.63275
3.1436 3.3195
0.75637 5.2922
2.8348 -1.5248
-8.7692 7.4496
1.495 11.216
10.14 -0.33775
4.8735 -6.2622
-4.0444 10.937
4.0239 2.1968
6.9026 -5.8096
-2.9581 11.186
2.9237 -7.5452
10.158 1.885
5.6765 -6.5411
-5.1451 -2.0571
-11.249 2.5475
-11.546 0.93894
7.1917 -4.8946
4.9195 10.292
4.6955 10.058
3.7054 -0.38425
-5.0324 -2.8286
9.3586 -2.2101
3.9637 10.202
-0.36506 -7.2216
5.4584 9.9669
3.5143 10.859
7.7898 -4.2094
-5.0259 2.6252
1.3671 5.0226
-7.799 8.9241
7.2924 -4.7477
3.9822 0.47509
3.8412 0.82643
-1.6623 5.7192
2.223 -1.1571
-10.097 7.4365
-1.8413 -6.2142
-11.902 2.4221
1.3487 4.5567
2.4354 -0.6767
-3.2719 -5.1309
3.2711 2.8529
-5.3281 0.28541
2.925 -0.070954
4.1578 2.1961
6.8451 -5.2092
3.6033 -0.18987
2.099 5.1883
2.0689 4.4317
3.5978 3.088
9.5428 -2.6024
3.4154 -0.10728
3.0236 -0.68642
-4.8385 -5.174
1.5584 -7.1243
3.5684 0.13386
-1.0767 5.5694
7.2724 -4.8011
-9.7795 6.8
-2.7109 -6.6307
-5.6539 -0.44912
9.3704 5.353
8.8304 7.0823
-3.272 -5.278
6.6792 -5.1119
10.21 0.15458
-3.8595 -4.5922
1.17 4.874
3.299 -0.036258
9.6135 1.684
-0.082924 5.4642
-11.736 1.9306
3.9298 2.5146
2.5191 4.7599
8.4094 7.1333
9.9943 -0.55906
-4.1863 -5.2453
-5.4448 -2.9741
3.9149 2.2183
7.3321 -4.416
-7.4996 9.156
-3.8946 4.1677
8.6077 6.3983
-3.094 3.9181
-11.976 2.9004
4.9836 10.245
6.8586 8.5447
-8.1094 8.3898
8.0037 7.7471
-5.7567 10.711
-11.972 1.2217
0.54337 5.014
1.2241 5.6154
-5.5139 -1.2043
2.2713 -1.1137
2.5596 -6.9121
2.7162 -0.86372
-5.9736 -0.2461
-3.5111 10.866
-0.97556 5.1903
-3.7848 10.987
7.9042 7.912
-5.2918 2.4691
-0.26889 -7.4447
-4.9541 -2.5922
-3.7337 4.3754
4.8189 -6.6878
-0.72678 5.6309
-7.3531 9.4158
9.6714 0.48139
6.1734 8.6604
8.4289 6.3632
-1.5906 4.8835
2.0566 4.7801
7.4468 8.1017
3.8047 0.16832
8.0207 6.6655
-5.4706 2.6448
0.52837 11.347
2.389 4.7377
6.5315 -5.5349
2.4823 -1.3108
2.6646 -1.1503
2.3255 4.706
1.8468 11.21
9.2259 -0.96312
2.7188 -0.80973
-2.4658 11.497
9.6348 1.7583
9.3985 -0.79512
-5.2611 2.0991
-3.0622 -6.2687
1.3889 -7.6853
-2.61 4.6535
8.1884 6.5824
-0.66077 -7.0326
2.1377 4.6929
2.5772 -0.87111
-5.3714 2.2513
9.9318 1.1521
3.2916 -7.6391
7.6263 -4.4396
3.8329 2.6953
6.1561 9.4611
8.9733 -3.2261
3.5464 -0.56173
7.8719 7.5226
3.5504 3.3989
2.893 11.037
-5.1801 -2.5335
-0.054592 5.3369
3.6973 -7.2831
1.6556 4.8289
0.73864 -6.9928
-0.45654 11.228
-0.82475 -7.2828
-6.1644 10.129
8.2965 -3.0916
-5.0755 2.056
-8.8204 7.7561
8.3556 -3.4869
5.7489 -6.2257
3.4076 3.4818
2.138 11.616
1.4263 -7.3859
-2.2596 -6.5931
5.9576 -5.8523
2.726 -0.71256
-4.3724 11.11
-5.8878 -1.6838
3.5873 2.8461
3.3985 -0.97705
2.3134 -0.79053
6.7185 -4.9794
-5.9065 -1.4057
10.144 1.311
8.8815 -3.2887
-0.61005 -6.7704
3.9718 2.2094
-5.0204 -2.9587
3.8677 0.4558
-2.4142 5.2275
7.8452 8.1966
-3.2913 -5.7891
2.559 3.7585
10.041 0.28611
9.4302 -1.8652
9.8063 0.59168
3.3148 1.2146
4.0583 9.8863
-3.6389 4.8659
8.7053 5.6048
-6.0373 -1.0654
-3.8794 -4.6627
0.46127 4.8306
-1.4135 -6.3537
3.3167 0.93219
-4.0273 4.0431
3.9406 2.4399
-4.4261 3.4822
9.9138 1.7106
2.1582 11.256
3.9673 10.503
-2.4769 -6.2113
-6.9469 9.5264
6.5106 -5.0842
5.7216 9.1815
3.0252 -1.2727
-4.1838 10.698
-5.6538 -1.5301
7.1971 -5.0764
7.7032 8.1042
10.097 -0.35045
3.7541 10.825
6.2349 -6.2626
-5.8915 -0.5283
10.193 2.1715
2.1372 4.0382
5.4142 9.6678
10.198 3.1756
-2.1423 5.5965
-0.93598 5.6648
-7.8017 8.6001
2.5393 -1.2343
7.1502 -5.9862
-4.7726 3.0353
6.9012 -4.7623
-5.2586 1.4618
-4.4316 -3.9681
3.3079 -0.37357
3.7822 10.411
-4.7171 10.403
3.2211 3.0328
3.5655 1.7646
4.2128 1.7466
-4.8488 2.4431
3.3989 0.79392
3.956 0.75526
-3.8015 -5.2609
3.3312 -0.40364
7.9101 7.2392
-3.3869 4.5562
3.3825 1.6046
9.906 4.4026
6.7975 8.9566
-1.1778 5.1518
-0.45417 4.9372
6.0464 -5.9145
-4.0783 3.5029
2.3836 -1.0952
3.2509 2.9155
-4.9423 2.2638
0.58128 5.6259
1.5142 4.9983
9.9061 3.2429
9.1289 4.5751
-1.2881 4.8156
-11.734 1.8464
-5.3947 2.002
3.3876 -0.19198
-4.9069 1.9617
9.5156 3.0083
-10.166 6.1948
3.3097 -6.8091
2.2982 -0.79829
8.6779 -2.7969
3.6163 10.598
3.4881 2.0716
8.8518 5.0103
7.0591 -5.3288
5.5823 -6.3083
3.7476 1.5769
-5.4042 10.445
-0.25181 -7.3649
-7.2235 9.3044
-7.0585 9.8683
-0.77245 11.666
4.234 1.3588
-6.1461 -1.5517
2.3711 4.1181
-1.4857 -6.7167
8.8266 5.6663
-6.1791 0.66697
5.3014 9.4094
1.8156 4.3855
3.3128 -0.067499
9.808 0.3354
-0.16533 5.4038
9.7693 2.3066
8.4411 -2.7659
-5.8023 -2.7698
-4.7724 10.756
2.91 -0.37451
-2.0314 -6.0953
-2.6307 4.35
3.5194 2.6408
2.8104 10.977
-0.96619 11.91
2.9668 -0.65994
6.7659 8.0744
9.6084 1.7352
-5.1185 3.0722
3.1726 2.7672
7.0157 8.4982
2.8662 -6.7545
-12.028 2.9014
10.054 3.0032
9.6076 1.2578
-1.1837 5.1653
2.1299 -1.3233
2.5345 -0.7413
-9.1614 7.1836
3.6056 1.0072
2.4025 -0.51011
9.6693 -0.60332
9.5599 5.8632
-4.8317 3.1218
9.3381 5.0519
4.1402 0.87764
3.0852 11.417
2.5266 4.564
4.298 10.585
3.9453 -0.12337
-12.49 0.88772
1.5983 4.5286
9.4879 -2.476
0.12069 5.4067
-3.2413 10.859
3.7535 -0.5415
3.1816 -7.6785
-0.51626 -7.4591
-4.0874 -4.4932
8.5153 -4.4529
2.579 4.0302
3.5004 3.7021
-7.481 9.3964
3.8829 0.28151
-5.681 -3.2965
9.0411 6.2409
9.6569 5.3663
9.7528 4.0894
1.7994 4.1172
-5.5595 -2.9711
7.0163 -5.8804
-4.794 -3.6482
-1.64 5.4846
-8.0107 8.6215
-1.9896 5.3937
2.8626 -0.90745
-10.226 5.3418
-5.4091 -1.6944
9.5686 1.9949
2.6832 -0.77399
5.2901 10.429
-4.7935 -3.621
0.73272 4.764
8.7516 -4.1466
2.7723 3.4701
-1.1896 -6.9247
-5.9532 10.707
-0.73111 -7.3341
4.0915 1.9348
-11.585 4.5755
9.2562 4.967
3.6382 0.21133
-0.48043 -7.4075
7.5591 -4.8467
-4.9344 2.9593
3.1098 3.3819
2.8537 -7.0032
-0.71156 5.0088
-12.443 0.94344
-2.0544 -6.2193
-4.5463 -4.8981
8.8106 -2.5121
-3.4485 -5.5108
3.0724 0.69967
4.5191 -6.216
6.0897 8.5811
6.7257 8.8852
-0.26261 -7.485
-3.7288 -4.5274
-11.998 2.6298
-2.2261 4.6803
-2.1774 -6.8691
2.7302 3.967
3.2869 -0.22865
-5.4723 1.1658
-4.5696 3.1571
-11.786 2.7668
-6.3716 10.332
1.7555 11.419
-5.2464 -3.2236
3.5312 1.7884
2.088 4.4113
1.677 4.7711
9.5925 -1.8478
6.3631 -6.3404
8.891 -2.8835
8.702 -3.0381
4.4692 -6.8741
2.4636 4.1589
0.87526 11.937
-1.9005 -6.1697
5.8652 9.2715
2.5769 -0.42469
3.4023 -0.59492
9.8143 3.057
-5.2283 0.61982
9.7537 4.5016
3.5143 1.0206
3.6975 1.8363
-5.5108 2.2029
2.3614 3.8238
2.9891 -0.084337
4.5465 10.673
-12.272 1.1404
-1.9111 4.6663
7.4067 -4.9976
9.5951 -0.27715
2.5207 4.7726
-3.8929 3.6208
9.6762 3.9202
2.8584 -0.20483
0.25587 -7.2185
-1.3488 5.188
7.65 8.1815
0.26524 5.5978
1.6947 4.6757
4.5008 -6.5843
-5.7948 -0.14922
-1.2838 4.7993
9.5515 2.5284
-3.6886 4.0694
3.874 3.3004
-2.0266 -6.7342
4.6875 -6.65
-11.919 3.3741
5.8426 9.9745
3.504 10.675
7.6557 6.9007
2.6504 10.656
2.8766 -0.83196
1.3975 4.6255
7.8796 7.2035
-5.815 9.9477
1.3208 5.2325
4.1982 1.1182
-9.2133 7.1702
3.138 -7.0649
-4.5997 3.1828
6.3939 9.2031
-4.7125 2.5632
-3.0877 11.598
-1.6676 11.068
2.924 3.4593
-1.5627 -6.9411
7.5982 7.3379
-0.32563 5.6958
2.5529 11.108
-5.9432 -1.8626
3.1424 2.8565
3.7679 3.2811
-12.01 0.5369
4.0568 1.2709
7.8912 -4.4073
7.3909 -4.7745
-5.7421 -3.6633
-1.1007 11.231
4.2322 -7.1155
-5.7936 1.593
-1.6088 -6.2306
-5.5943 -3.322
6.2731 9.4051
-5.4994 -0.86927
-3.2759 -5.6259
-5.8632 1.3226
8.9774 6.8248
-0.006419 -6.9715
6.6542 8.4714
7.9059 7.3283
6.6956 -6.3794
-3.5871 -5.6558
0.056117 11.24
-5.9237 10.262
-3.8535 11.306
6.1553 -6.494
7.2382 -4.6537
2.7901 10.52
3.1455 11.003
-4.3022 -4.3228
10.34 2.5673
-6.2432 -0.90166
9.8054 3.6007
3.4624 2.5699
6.2235 -5.5432
3.6767 -6.8705
-1.9138 5.0794
2.6898 -7.3392
0.39043 -7.0386
5.1122 -6.4802
9.2812 -1.0836
3.5445 11.209
-3.9543 10.575
-5.4094 1.3777
-5.2186 2.8469
-2.2631 4.8179
2.9753 4.1348
-6.0029 1.3954
7.1674 -4.592
-1.8564 -6.604
6.8336 -4.9954
3.3541 3.0857
1.5597 -7.4574
-1.8682 11.757
9.7599 4.6397
3.8332 3.0264
-5.8904 -2.4714
-4.4366 3.4736
-6.1196 -0.20811
7.065 -4.7589
2.968 3.1024
-3.7262 4.193
-6.7009 9.2853
-5.666 -1.7144
-4.6678 -3.9099
-9.4857 7.9281
-12.105 2.3858
-10.508 4.4898
8.046 6.5116
2.85 3.7855
-0.56137 11.418
1.7047 4.1287
-2.0709 4.6174
0.55192 -7.7822
-1.9673 -6.5742
5.0636 9.7994
-5.8134 0.68419
-0.48476 -7.4623
9.7887 0.15065
1.5102 11.162
0.92544 11.45
-1.373 -6.8986
2.2301 -0.77016
1.6324 4.3328
5.6249 10.16
9.9526 -0.66488
-9.4695 6.4569
2.3712 4.0802
8.745 6.2622
8.9037 -2.8929
-10.143 6.4376
-5.6626 -3.5149
1.524 4.971
3.95 10.295
1.684 4.4711
-5.8335 1.4749
0.68031 5.245
-6.9555 9.9134
3.5546 1.9511
2.895 -7.8187
-4.5762 -3.8156
-3.8245 -5.6737
0.44319 11.843
4.1663 1.0698
2.8854 -0.090928
-6.3144 0.14647
2.4382 4.0577
-2.8377 11.193
8.0542 7.8267
-5.8073 0.94973
-5.8857 -0.10582
2.8756 -0.31433
3.6792 3.3064
7.559 -4.7398
9.6372 1.1506
-5.935 0.56614
-4.0379 11.534
3.4245 0.91345
9.338 4.3645
-11.108 3.3257
-3.7808 4.6771
10.263 -0.037457
9.183 -1.3817
9.9687 0.052469
2.1109 4.5042
-2.9897 -5.8122
8.2992 7.2443
3.2803 2.0034
-2.0513 -6.3652
-0.20135 5.3018
-5.7915 -2.4602
2.3293 -1.4244
-3.309 -5.4683
6.8994 -4.8272
-1.6617 5.28
2.7115 -0.71929
3.5628 0.11278
-0.57096 5.5417
9.3079 3.5567
7.1898 -5.063
3.3727 1.8762
-5.187 10.634
2.9936 3.9022
-4.7772 3.1536
9.7919 -0.72658
-2.2293 11.534
2.8287 -0.57109
8.7754 -1.9204
-4.2252 -4.5212
-10.092 5.3495
-4.7764 2.5313
9.6184 -0.065824
3.1705 -0.55971
1.7105 4.9482
-4.8363 10.407
-4.5084 -4.3494
3.2243 0.65563
2.0874 -0.48997
-2.9669 11.494
8.6006 6.9949
9.7131 1.4222
-11.895 0.45195
6.0567 8.5866
-2.9406 11.233
9.176 5.644
-11.308 4.0048
-6.2851 9.6103
-5.2274 -2.3277
-2.1896 5.2148
1.2193 4.9305
-12.269 0.87617
9.0885 6.255
9.916 1.4733
-4.8098 10.533
8.6408 6.0309
-11.283 2.2655
4.1472 -6.7761
-8.8726 7.7046
4.8018 9.8681
-1.7431 11.039
2.9779 4.3464
2.7793 -7.1281
9.8043 -1.3197
2.5433 -0.77322
-2.5056 5.462
