-1.2279 -3.365
4.7848 -9.9872
-4.7808 -7.8652
6.3807 -9.0236
4.6682 -3.4714
4.3869 -3.5562
-9.0538 -2.0032
3.4943 -10.038
11.296 -4.9448
-2.8031 0.74122
6.7245 2.3699
-6.8641 5.7666
-8.4519 -3.9052
-2.7506 -9.7906
-1.7662 2.2349
-8.7733 -0.4008
-5.8086 -8.0881
-5.6906 6.9521
6.4143 -9.4108
-7.9774 -5.8248
3.8822 -3.74
4.0844 6.3596
4.2562 -4.1735
-6.6459 -7.1543
4.6389 -3.8659
-2.8329 -1.6953
-6.1917 5.8946
3.2813 7.1652
6.0383 -2.5848
5.4261 -2.4822
5.1198 -3.117
-9.2272 0.40335
6.4068 -9.2607
0.070517 -4.1289
-6.0528 6.0312
-2.1436 -2.3195
6.3013 -1.9148
7.3379 -9.1195
1.1388 8.2116
-5.4062 -7.7379
1.5521 -4.6834
5.1215 -1.8846
4.6444 -3.1822
-2.8412 0.17357
-8.6666 -4.0979
1.3005 8.5157
-1.5393 2.2343
-5.8102 6.1796
3.9087 -4.0652
-3.2234 -1.4628
-6.1605 6.4578
2.1778 -4.1518
-8.1932 -2.6644
5.8488 -1.4431
-6.73 -7.1431
-7.8106 3.5121
5.5696 -2.1571
-0.006215 -3.8069
6.7397 2.1461
4.8015 6.2609
2.3254 -10.683
-2.0599 -2.492
7.3307 1.3672
-8.5374 0.81998
2.3372 7.7683
7.6542 -9.3174
-0.52398 -3.971
6.2186 -1.8469
-2.8089 -0.8403
6.4609 -1.1027
12.138 -3.8013
1.2626 8.485
-1.9844 -2.6993
1.7895 8.2384
-4.4905 7.2587
-1.646 2.182
-2.2869 1.2286
-3.8189 7.6878
-0.55651 8.0175
2.6051 7.9821
4.2706 -3.3626
-2.7803 8.5322
3.0527 -4.0123
1.9756 -4.1903
-1.1966 2.7375
5.1753 -9.5485
-2.9696 -1.5848
12.774 -0.24805
5.7171 -9.4029
-2.1824 -2.7705
-2.3727 -0.87621
9.2935 -7.5806
2.6676 -10.068
-2.5256 0.75479
-8.9685 0.42894
-2.2981 -9.5307
-6.2166 5.9755
6.0877 -0.84943
0.13551 8.5305
8.3531 -8.4158
6.8023 3.7698
-1.0319 2.3459
-9.0972 1.3505
-3.5665 -9.4606
2.759 -3.9928
12.475 -1.6564
4.8747 5.9904
-2.4892 -1.5642
-1.9685 1.4201
6.116 3.6108
3.3683 7.1663
-5.3939 -8.2031
6.2236 -10.029
-7.3556 4.4869
6.5065 1.3513
8.799 -7.9241
3.0073 -3.8521
-2.7876 -1.0821
-7.4043 -5.4586
5.7772 -2.1536
-2.5221 -0.69661
6.8375 -0.31008
5.5426 -10.047
-9.1437 -0.31105
2.7982 -4.1514
7.3384 -8.8552
-0.73893 -4.0246
5.5075 -2.11
5.7462 -2.1539
-2.0045 -3.3873
6.428 3.2085
6.5621 0.26326
5.3917 5.4841
-1.7279 -2.2913
-6.312 -7.3946
0.3075 -4.2691
-8.6385 0.78539
1.7311 8.3341
-7.3374 5.2963
-2.6657 -0.39959
-0.52151 -3.937
5.1455 -3.3298
1.659 7.9626
6.7936 -0.59303
6.8961 2.6602
-2.874 -2.3004
6.1185 -2.0722
1.1213 -4.1595
-2.2053 -1.8687
6.5466 -1.2829
-4.0653 7.278
1.2127 -4.0394
4.2413 -9.8592
-4.8395 6.9701
-8.4708 -3.8784
-2.045 1.8782
2.7186 7.8339
-1.6228 -2.4294
-6.5276 -7.2214
5.7935 4.621
-2.8085 -0.80734
-7.5153 5.4529
12.786 -1.7668
2.8413 7.2142
-7.8225 4.0924
-1.7937 -10.009
-1.9771 8.0237
-1.0317 -9.976
-1.4001 2.0496
5.7724 -9.7564
-3.5703 7.5822
-6.6177 6.336
12.304 -3.5389
-8.0885 -5.255
3.1896 -4.2148
-9.1402 1.3378
6.8134 0.31581
-2.5411 0.82565
2.1485 8.1857
-1.1372 -3.0382
0.104 8.0422
-6.7796 5.0755
-7.047 5.1693
-0.13716 -3.5455
6.1061 4.9481
4.2082 -10.475
7.3144 0.85353
6.6538 2.5301
2.1416 8.5853
5.1476 -9.8576
-0.13652 -4.252
0.8453 -4.5854
6.6283 1.2248
-8.7207 2.1282
-3.7725 -9.5198
-8.3985 1.7951
5.1716 -9.7579
6.7779 4.1855
6.6356 -0.29838
5.5624 -9.9626
6.5919 2.4828
-3.4692 7.8741
4.5973 -3.9705
10.165 -6.3756
6.9759 0.6636
6.5864 0.8171
-5.917 -8.152
-0.32604 -4.3414
-1.5508 1.8257
-4.623 -8.8101
-7.9431 4.1165
12.671 -2.3995
-4.3278 -9.502
-3.3881 -9.5693
-2.1885 -2.1684
-6.4468 -7.1017
-1.1593 2.3577
12.343 -1.0492
-3.2713 -9.4353
0.07456 -10.45
-2.9024 -1.6118
-8.8013 -2.587
-2.4717 0.20165
7.1679 -9.3007
-0.15424 -3.9333
0.80413 -3.7922
1.5465 -4.3177
1.6608 8.0326
-3.1982 -0.11817
-5.7982 6.1735
3.324 -10.649
-8.1504 2.9244
1.6443 -4.2196
-2.3438 -2.2987
-8.4917 -1.3357
1.9662 -10.91
-2.7035 1.4773
-2.8008 7.8958
-2.9707 0.80433
-2.6382 0.78868
1.5164 -10.922
-1.6744 8.3174
-3.181 -8.9352
-2.4976 -1.5534
-8.9263 1.8353
4.4105 6.3294
10.78 -5.8
6.3754 2.1953
6.5009 1.7547
6.1463 4.0047
12.986 -1.492
-2.6991 -1.5231
0.15808 -4.3767
-1.3032 2.2674
-4.0836 -8.7791
-9.3608 -0.85986
-1.7883 -3.2754
6.9065 2.4057
1.6971 8.053
5.0584 -9.4333
5.9344 -1.9593
5.4532 6.2246
4.4304 -3.5873
1.571 -4.5417
-5.8805 -7.9916
-1.5333 -9.714
-0.095414 8.828
-2.1526 0.6791
2.7976 7.3357
-2.2914 0.83584
-3.1663 -0.069751
-5.4287 6.719
6.5961 -1.6542
3.7356 -3.5107
4.9543 -9.5751
-2.6084 0.47483
13.443 0.056559
-2.4315 -0.91449
-2.1357 1.6583
-8.0648 -3.2593
7.2241 2.2584
-2.293 1.8026
-2.0244 -1.9067
-6.8215 -7.2316
4.141 6.5027
-2.6973 8.2831
-6.5982 -6.3379
13.01 0.46309
-4.4142 -8.6678
-1.7115 1.7193
3.3857 -10.082
-1.138 -10.616
-8.5398 1.0187
-3.017 -0.67936
-4.6065 7.3651
4.5231 -3.3312
1.9982 -4.5246
-8.5515 -1.5284
5.9541 3.5922
-2.1816 8.6785
-0.1531 -10.258
0.033521 -3.9714
-0.29878 -10.858
0.12474 -10.937
8.7781 -7.8453
2.1615 8.1759
11.657 -5.0112
11.166 -5.1948
1.0064 7.9715
1.0839 -10.803
-3.1268 -0.82001
5.5254 -1.7337
-1.2574 -3.1259
-7.6153 -5.5392
6.5586 2.9182
-7.8304 -6.0823
-1.0535 -2.7929
3.9546 -10.636
-6.4822 -7.3304
-1.5496 -10.507
-2.6843 -9.7419
-2.8252 -0.33578
-9.2079 1.4073
9.6024 -7.224
-2.3175 -0.24391
-1.4838 2.5657
-0.27112 -3.7291
2.4687 -10.788
5.8834 4.8118
-5.1195 6.6471
12.285 -2.8916
-3.1578 -1.1961
-3.2146 -9.5274
-9.2466 0.88056
4.2282 -10.736
-4.988 6.947
7.2478 2.1312
4.123 7.0508
6.9018 -0.38454
-0.42632 8.3859
-3.9153 -8.9283
-1.2301 1.7702
6.6591 4.1001
-1.1125 -3.0424
5.6016 6.0002
-8.9138 -0.71063
6.3826 2.1435
10.469 -5.4569
-4.2901 -9.4287
8.3135 -8.4671
-2.7393 1.0508
-2.451 -2.6787
-0.023803 -4.1597
6.1721 4.2016
4.5282 -2.9022
4.256 6.2561
-7.2188 5.5263
-2.3079 1.3736
-0.50003 -10.219
11.784 -2.6131
-7.5481 -5.7842
-6.1152 6.339
-8.3381 -4.0519
6.0335 -9.5503
-0.71712 -3.7953
-8.7071 -2.6808
-1.4614 -2.4439
-8.8025 -3.3351
-1.1109 -3.5042
2.9349 -10.367
-7.4411 3.7659
-2.5267 -0.074967
12.927 -1.9474
12.207 -3.2932
-8.6084 -0.73523
0.61669 8.6999
-5.199 6.7157
10.767 -5.8018
-8.7704 -0.89468
-4.1102 -8.6603
1.3298 -4.3485
6.3226 -0.395
1.752 7.9976
11.579 -4.4552
-6.8733 5.7901
6.2839 3.1372
0.48007 -4.1391
4.0956 -10.618
1.6024 7.8207
-8.3313 -3.9759
-7.51 4.5588
-7.5164 -6.0661
6.0058 -1.8068
11.068 -5.1079
6.8762 0.56022
12.976 -1.9004
5.9321 4.0664
-7.9381 3.1373
4.8794 5.6627
11.464 -3.8553
-2.6639 8.5808
-2.9922 -2.0598
-6.3445 -6.2846
6.5525 3.1512
-6.5406 6.0962
-1.4354 1.6767
2.8816 -10.588
-1.5083 -3.3259
6.0787 -0.80787
2.9569 -10.321
6.0583 4.2447
-5.3069 -7.9895
6.553 -0.037002
-0.15568 8.8353
-7.7061 -4.6071
2.1988 -10.831
4.3894 -3.6812
-7.4289 -5.3632
6.5108 -1.2029
7.1644 -9.129
-9.1135 -2.2111
-0.93964 -3.6771
-0.55838 8.1243
3.0487 -10.032
-2.47 -10.06
-1.1207 2.0923
5.2871 5.2314
1.1751 -4.5216
-8.3142 1.9651
4.7042 -3.8997
11.22 -4.1655
-2.0529 -9.8735
0.87492 -3.9391
10.538 -6.7604
2.9111 -3.6663
-8.1485 3.3043
3.0962 -9.9973
6.1086 -1.2604
5.7764 -1.5313
4.7947 5.975
-1.9021 1.4192
1.2233 -4.0548
-2.6229 -1.334
6.4492 -1.1375
5.0322 -2.2867
-1.2178 1.8813
-1.0598 8.0847
-3.1284 -1.0094
3.8377 -10.193
5.1863 6.2453
6.1998 -1.8555
-2.6075 -0.11656
-1.5313 8.045
-1.0193 2.3071
-2.1837 -1.8782
-7.7101 4.1878
8.0585 -8.8683
-1.7656 -2.5981
-2.3989 0.20608
-4.4935 7.3857
3.0009 7.6946
-9.0236 0.25871
-7.6514 -5.9378
-8.0437 4.0511
-2.6056 -0.007202
3.4403 7.332
-7.6779 3.7969
-9.0643 1.8859
-2.6605 -0.30787
-2.388 -1.4416
2.255 8.0459
-7.6262 3.9736
5.882 -0.82189
-7.8518 -4.0103
-2.1383 -1.9713
-2.3825 -0.60457
-2.0331 -2.3814
5.3653 -2.7824
-4.5823 7.3083
2.8946 7.2568
0.098697 -4.0727
4.691 -3.8989
4.7192 -2.8165
-4.1842 -9.2419
-0.74503 -4.3339
-4.6466 6.8919
-6.972 -7.3151
3.7468 7.5827
4.7262 -3.193
-2.2797 7.9826
-5.8827 6.3188
-2.7882 -1.504
3.86 -9.8489
-1.9471 2.0599
5.0496 6.0238
-6.6263 5.4396
5.1962 -2.1438
2.928 -10.675
-8.2562 -3.967
-8.6978 -1.3949
-2.9844 -0.99396
1.2013 -4.3018
7.6026 -8.4668
-8.8054 -2.6007
6.7518 -0.11642
6.9863 -0.77673
10.27 -6.2889
-1.3623 -2.8323
-2.938 -2.2167
-2.6933 -0.51218
-2.2063 -1.3747
-1.9648 8.0516
-1.4828 1.6904
6.4975 3.8541
5.9341 -2.6501
-5.6532 -8.2797
2.3669 -10.638
-5.5201 -8.0951
2.5524 7.6131
2.1619 -3.7069
5.1219 5.3966
-9.0848 -1.747
-2.646 1.6336
-4.9838 6.7003
-2.5421 1.3242
-2.4005 -2.2715
4.7811 -9.5785
11.745 -3.3845
3.0266 7.7342
-2.0252 2.2727
-8.1252 -5.6836
2.121 -10.775
0.20568 8.3195
-7.0318 5.104
1.7271 -4.2483
-1.8756 1.3143
-8.4882 -0.53441
-0.98268 -3.6574
-3.3484 8.2277
-8.2708 -3.6731
11.092 -4.3495
6.1833 3.5522
-0.90641 -3.6311
10.639 -6.9921
9.8726 -6.7046
-7.2324 4.7572
-2.7224 8.5614
6.6405 -1.1385
-0.75548 -10.419
-8.5346 -3.4514
1.0537 8.2544
-0.71686 -4.356
-3.3249 -9.5066
8.2235 -8.3044
-7.8815 4.2887
3.6808 -3.6973
4.0072 -10.632
-8.6648 2.6886
7.4987 -8.3851
7.2432 1.9017
3.5942 -3.4701
-5.3578 6.949
6.8468 -9.1154
4.8076 -9.6731
5.6437 -1.2089
-0.42447 -3.9007
-1.1655 -3.2796
-4.0203 7.6794
-2.6831 -1.9004
4.9244 6.2842
1.7724 -10.666
-2.7822 -9.4113
-3.8735 7.2622
-2.5688 0.36864
6.2901 4.918
-2.2294 0.88352
12.206 -2.8218
4.3761 6.3883
-2.4643 -2.5615
-9.1931 -1.1715
-6.1971 6.0764
5.5062 5.0653
8.6589 -8.2997
2.8564 7.604
1.6265 -10.825
-9.0932 -2.3149
-2.5527 -0.20502
-6.9741 -5.8233
0.96776 7.9544
3.2096 7.1811
4.8195 6.5183
-1.4177 -3.0735
6.4448 3.9741
-5.6272 -8.6686
6.1654 3.5027
3.0589 -10.484
-1.7748 1.7753
-7.955 -5.0181
-4.0461 -8.8929
-1.8759 1.3389
-0.90292 -3.311
-5.7467 7.176
4.8753 -3.1418
-3.0048 -1.3075
5.157 -9.5971
7.1741 1.0189
-2.1958 8.6165
-6.683 5.0409
4.4992 -2.7858
-8.4456 0.1287
-9.062 -2.0499
3.8244 7.2175
-9.0309 -2.9461
-3.8961 -9.4429
-6.756 6.266
-0.81559 -3.3855
-1.2146 2.2505
1.5614 -10.418
-1.2659 1.8217
6.4493 3.8545
-7.9893 3.6482
3.499 -3.6308
-2.0092 -2.6321
3.3226 -10.456
-0.93544 -9.7642
7.1911 1.4433
12.636 -1.3672
6.876 1.874
0.75481 -10.17
-7.0037 -6.7471
-1.6324 1.5891
5.2987 -2.5323
-2.0098 -3.0841
-1.7352 1.0918
-5.5532 7.2748
-3.0161 -0.099549
6.4641 2.3948
5.7125 -1.5632
-8.5107 2.8601
12.996 -1.2111
11.985 -2.8582
-2.5978 -2.088
9.0107 -7.6215
-0.076955 -3.9198
7.7009 -8.2853
3.7109 7.6307
-8.0955 -5.482
-1.3054 2.2846
-3.1694 -1.1147
0.97924 -3.9287
-8.7919 1.7266
-4.557 7.4303
6.933 1.9962
4.612 -3.6496
-1.4025 1.5101
-1.0618 2.441
-1.6295 8.1248
10.848 -4.4839
-3.9836 -9.245
7.3353 1.7707
12.507 -0.25113
5.5208 6.3058
-2.4087 1.1152
6.666 2.7144
2.0736 -4.225
-8.0473 2.3046
-1.3284 1.7105
3.2055 7.4326
-8.9156 -2.8985
-2.8802 0.024011
-8.8623 -2.0698
-2.0189 8.4914
-2.2942 0.47196
1.3491 -10.177
-5.6452 6.482
7.6559 -8.2313
7.3339 2.1392
10.7 -5.6459
11.82 -4.2414
4.9917 5.9358
-1.8492 1.4484
3.1774 7.8691
-6.952 5.9681
4.6915 -2.8044
-2.1001 0.40859
3.9581 -10.186
-0.94773 -10.627
10.773 -5.8089
-2.9298 -1.5146
-2.6395 -0.34809
11.795 -3.0031
6.2451 5.5151
1.4465 -4.462
1.2048 -4.6348
4.5871 6.6558
4.9136 -2.4189
-3.2296 7.8435
6.9701 -0.50097
6.0702 -1.9038
6.3134 2.1732
-5.7205 5.9069
3.2631 -3.8179
-2.0398 1.5695
1.3254 -4.2892
5.1115 -3.2091
-1.5109 -10.557
-3.2564 -1.0853
3.0051 7.6575
2.64 -4.4846
-1.7503 -2.4733
-9.4148 -0.73295
-7.6851 -5.5022
3.9514 6.7645
-6.6557 -5.9007
1.1137 -10.413
6.7565 3.3748
4.8313 -9.582
-2.8404 -0.001846
3.6095 7.3185
12.682 -3.0347
8.9131 -7.8689
-2.8694 8.1999
-1.893 -10.037
6.3947 -1.002
6.822 1.6064
4.6745 6.6928
6.6344 3.6938
11.83 -4.2876
4.094 -2.9181
6.3281 0.71459
-1.361 1.3652
3.8199 6.9006
-1.9959 -3.0348
-1.3363 -2.991
-1.1162 2.588
-7.4297 -6.3359
-4.9576 6.8523
-1.6388 -2.9534
-9.0319 -1.4928
11.351 -4.8191
6.5047 -1.3096
1.3073 7.8265
-2.3828 7.6275
-8.8964 1.4221
3.7963 6.8683
-1.1962 1.7913
3.4903 7.1323
3.2221 7.9636
3.9163 7.2351
-0.18268 -4.2498
0.73272 -4.7344
-8.1705 -3.2073
2.7604 -4.348
-1.5038 2.0752
-5.5315 6.5349
-0.18713 -4.0697
-2.1837 -1.4289
1.7042 7.5663
5.9457 -1.6943
-8.7968 -1.2108
-8.2812 2.0836
7.1763 1.629
-2.361 -2.8198
3.4285 -3.8959
-3.0521 -0.46597
7.5436 -9.0974
11.877 -4.2694
-8.4818 -3.2042
4.5168 -3.7703
12.734 -0.84643
-8.6076 -0.25777
2.6704 -4.2244
-4.7388 -8.6716
-1.85 -2.7855
-2.0985 -2.5665
11.664 -4.8545
-4.5646 -8.5358
-5.2701 -8.4332
0.73818 -3.9709
-5.5167 6.6419
12.034 -2.5876
-3.85 7.8775
-1.0967 1.8101
2.0463 -4.0159
-2.5669 0.27888
11.68 -4.2071
6.8434 -0.31566
-2.2851 1.4492
6.6895 3.4053
-2.0815 -2.7609
-2.5546 -0.95108
7.0373 2.0654
-2.6019 -1.3757
-2.2403 -2.7507
9.8196 -6.5581
1.0293 -4.069
-4.7365 7.1245
6.1878 -0.20911
11.849 -2.8692
-4.7267 -8.3601
0.57478 7.9419
-8.7798 -1.93
-3.2782 7.4672
-8.7647 3.0556
11.252 -6.0862
11.093 -5.4449
-5.1319 -9.0287
1.4677 -4.399
8.9273 -8.5834
3.9406 -10.233
3.017 7.7242
-2.9381 -0.30296
-1.3711 -3.1181
-8.3737 -2.2997
7.1458 -9.4049
7.0339 -9.0529
-5.0934 6.5338
-2.9673 -9.5031
-2.5712 -0.34222
-1.8125 -3.3296
-3.984 7.0816
-2.8392 0.44396
-1.0011 2.3649
5.0136 -10.51
11.128 -4.9192
6.8076 0.12645
5.5429 -9.7206
-9.0856 -2.7974
-4.4249 7.2431
-5.2303 -7.9818
13.122 -0.3784
-0.20477 -4.4624
0.26136 7.9928
-2.3745 1.1274
5.5129 -2.4643
-1.0874 1.49
-8.3374 -4.1172
-2.4881 -1.0716
0.85437 -4.2755
-5.6542 -7.4714
-1.924 -2.4593
-1.945 1.96
0.089557 -10.391
7.469 -8.9257
4.0761 -3.6427
12.283 -1.2655
6.4928 -0.39871
6.8441 -0.54308
-8.1059 -4.0931
4.309 6.4683
-6.5649 5.1677
-6.2654 6.5061
5.8424 -0.74372
-1.263 2.2904
-3.1547 0.26423
5.0503 5.826
1.4565 -10.228
-2.0394 -2.4084
-2.5547 -9.739
-2.7692 -1.8304
2.5273 -3.7223
-0.71772 8.5141
6.5485 4.2297
1.5459 -4.7448
-2.5461 -1.9766
-2.7977 0.36758
1.4848 8.4623
-5.7387 -6.9814
6.0755 -1.056
-2.784 0.30278
5.9759 -1.2831
5.1833 -2.3514
-8.4875 -4.2241
6.3104 4.926
4.057 7.423
-2.3967 -1.1638
-0.6335 8.3185
1.0152 8.3285
-0.49501 -10.216
8.9809 -7.3258
12.714 0.6452
-1.8041 1.1729
-0.16972 8.8198
-2.2248 -2.4664
-6.6734 -6.4879
-2.3761 1.2018
4.0576 6.4507
10.161 -6.1836
-4.6765 7.5411
1.1633 7.9972
-3.0166 0.47624
-4.9602 6.6787
3.61 -3.6535
5.1216 5.887
-5.1773 -8.3913
-2.2211 -2.0328
-2.9447 -1.1001
6.5946 2.4129
11.034 -4.7639
0.38236 -4.6903
5.2955 -9.4028
6.7379 -9.5852
13.428 0.031497
-1.2713 2.1137
3.7422 7.2271
-7.7474 5.2411
-2.5377 -1.4205
5.0379 -10.534
-8.7001 2.7269
4.7808 -3.6771
5.317 -2.6145
7.5099 -8.9222
4.4755 6.5728
-2.3078 -2.9258
-7.5685 -5.9788
6.7701 3.4119
-2.5445 -10.209
-0.1089 -10.02
-8.906 -3.4026
-6.6654 5.1476
1.079 -10.154
5.817 -2.8684
12.968 -0.16869
-7.2049 4.8924
1.0709 7.9503
-2.8831 -0.26569
6.8512 1.5194
-8.7599 -3.6397
-8.7006 -0.053454
-7.745 -5.2622
4.194 -3.253
0.12713 -4.2304
-8.2175 -3.5404
0.28529 8.7381
-2.9314 1.0194
3.4338 7.0424
-2.1172 -2.7254
-3.0915 -0.93483
2.1777 -4.2666
5.898 4.8482
0.78207 -3.8095
-8.6224 -1.9113
5.7329 5.6451
7.09 0.89285
-7.358 4.3579
1.61 7.7704
-0.64317 -4.0807
-4.4254 -8.596
6.1191 3.7996
-1.8348 2.5248
-2.3128 1.0675
5.0874 5.4932
1.8231 -3.7888
2.1072 -10.843
-1.1377 -3.6929
3.7714 -10.262
-2.8304 -0.41396
-1.559 -2.7585
-0.22196 -3.6391
4.7252 6.3174
10.406 -5.3545
-4.135 -9.0211
-6.0591 6.3288
10.91 -5.5998
-2.8354 1.0477
4.8895 -2.9104
1.5646 -10.808
-5.6792 6.1119
-1.2592 -2.5918
1.9152 8.0483
-9.228 0.94901
-2.5684 0.86614
13.105 -1.3858
9.2942 -7.8657
0.097718 8.002
-8.7525 1.8753
-7.2965 4.0916
-3.0153 0.027813
-5.1506 6.9235
6.8187 3.9866
-2.5504 -2.3989
3.8325 -3.8179
-1.0846 -3.2147
-0.58458 -10.779
6.2274 3.3277
-1.516 1.6614
6.5003 2.4379
5.8339 4.6933
11.226 -4.3418
1.6028 -4.4106
2.5812 7.3791
-5.2731 -8.4051
6.8511 0.44828
11.143 -5.4376
3.0314 7.0953
-2.4406 -0.33372
-8.5246 0.50115
-1.7629 1.5503
-7.9127 4.6079
-8.4879 3.476
-2.9149 -1.2183
-5.156 -8.4021
-7.5358 -5.8823
4.9762 -3.3135
1.4996 -4.3806
6.594 3.6504
4.048 6.2377
12.585 -3.5755
4.6333 5.6159
-0.3671 -4.0226
-6.2924 5.7477
3.4459 -3.9719
-9.1372 -3.0713
-6.9957 -5.7251
6.6398 -0.002169
-1.3604 8.8392
12.479 -3.6259
2.1465 7.9017
2.7448 7.5318
-1.6281 -2.6978
-9.1585 -0.88497
6.6238 -1.5668
-1.6243 -9.8053
-5.7432 6.429
-7.278 4.2337
5.3692 5.7234
-8.0106 2.5539
-6.1238 6.1207
2.4645 -10.236
2.0767 -4.5694
12.162 -1.7719
5.1355 -9.3494
5.8098 -9.5329
-8.3995 3.9389
2.7548 -10.56
3.8672 7.429
1.4603 -10.077
5.0695 6.2083
-3.5191 7.216
6.6181 4.76
-8.6146 3.1545
4.284 6.8864
-2.5502 -0.37704
-8.8169 2.4803
-8.8028 2.8015
-2.2158 -3.0708
-7.8816 -4.4479
-8.3233 -4.196
2.72 -10.091
-1.2191 8.6933
-3.1207 -9.3641
-6.1282 -7.3983
-2.3644 -2.2905
4.2759 6.6259
0.76904 8.1566
6.4091 2.6944
-2.5616 0.096391
4.0483 -3.5157
-1.6978 -3.1533
-1.0836 -3.2075
-5.8993 -7.9104
2.7087 7.9275
-7.1524 -6.6252
4.9619 -2.379
-8.4519 -3.8265
-2.9023 -9.7102
6.3833 -1.0518
6.893 1.1838
-7.1944 5.1931
-2.3417 1.1815
-2.5143 -0.020607
-3.8018 -8.8681
4.7288 5.5274
-5.7672 6.0364
-8.4454 3.0276
6.6542 1.9708
-2.4123 -10.038
7.0049 1.0808
-2.5312 -0.78837
-8.9086 0.14109
-5.6293 6.374
6.1451 3.0571
0.44149 -4.7655
4.4485 6.5108
-1.418 2.3352
1.1563 7.9305
12.736 -0.93057
-1.2054 2.5267
2.4373 -10.366
2.5438 -4.0616
6.958 0.14522
-2.9814 0.2767
-0.2441 -4.3569
-6.9651 5.3374
-8.6188 -2.0068
-8.5697 -4.0249
4.272 6.278
-9.2137 -1.4678
3.0744 7.1857
-8.0365 -4.5515
-3.234 -0.35882
-2.0627 0.84996
-2.1239 8.3157
-2.1424 -1.8565
10.072 -6.9973
5.649 5.6437
-7.9933 4.1463
-8.5081 -2.867
-2.0233 -3.0677
-2.7541 -9.8251
-7.1274 -5.8221
-8.8043 2.3197
11.8 -4.4775
-0.65555 -3.8289
-1.7634 -2.9259
12.724 0.24951
-9.0455 -0.83681
-8.6894 2.1186
-2.4245 0.086552
-2.5793 -1.6601
0.65705 -10.639
-2.5004 -2.7021
2.6263 -4.1333
-0.63244 -3.3328
3.8111 7.2512
-9.1195 -3.0225
3.9039 -4.332
-2.8033 -9.8056
-9.0802 1.8728
-2.0455 1.9317
2.4187 7.2228
-8.9712 0.38698
-5.3879 -7.8036
2.2418 -3.8968
1.9508 8.1796
-8.808 0.6646
-0.39751 -3.6255
2.075 8.0465
-1.6415 -10.523
5.9665 -0.73406
6.535 4.4128
-2.1705 1.5597
-0.62527 -10.729
-2.4917 -1.7127
-8.7528 -3.0894
-6.5352 5.5024
-3.0367 0.1115
2.4326 -10.824
6.4042 -9.4448
-0.7047 -3.1287
-8.7165 0.5729
6.5652 2.7696
1.807 8.4797
9.5819 -7.5443
-1.7978 1.6505
-2.7085 -9.1406
9.7678 -6.9558
-8.6762 -2.9202
2.3881 -3.8043
-8.7887 0.84935
3.0425 -10.269
-2.777 0.58302
-8.0852 -4.8032
3.9689 -10.513
-9.3275 0.069796
0.87294 8.511
-1.3444 8.0561
-4.1122 7.4802
0.19089 8.3228
-2.5695 1.2218
4.6696 6.5818
-3.3733 8.0405
4.9885 5.7358
-7.6854 -5.2057
-7.7053 -4.6048
-9.2135 -0.25342
5.7457 -2.0895
-0.9201 -4.0462
6.6972 0.14654
-3.2253 -0.66906
-2.7736 -1.7565
-4.3014 -8.4094
-1.8886 1.5375
-2.7158 0.12218
-2.3439 8.0862
2.3079 -10.725
3.1423 -4.5965
-1.3202 2.1544
-3.0396 -0.34382
5.8103 -1.9439
1.8128 7.8459
-0.47757 -4.1113
-2.8893 -10.101
-0.39273 8.189
2.8292 7.0686
-8.4986 2.3301
-1.3353 1.9709
-3.7928 -9.4293
-2.956 0.24474
5.439 6.4564
-1.0408 -2.923
-8.6307 -0.88428
6.0126 -2.1824
-2.081 1.177
-3.3699 -9.2113
-1.4823 2.3108
2.2615 -4.6062
-2.5464 1.5617
-2.3183 -0.24439
1.2648 -3.9595
-2.3736 -2.361
4.2667 -10.688
-8.297 -2.978
-4.2394 -9.0303
-7.7516 5.1466
3.0158 -4.4573
-1.4436 1.7716
2.4306 -10.35
-2.8344 0.1089
-2.6721 -0.90739
3.6424 -10.378
6.8657 -9.6682
0.60957 8.0386
