11.198 -10.188
11.994 -10.418
12.944 -12.23
17.137 -7.7068
11.264 -9.5191
9.5658 -10.497
12.876 -8.7544
16.096 -7.7676
11.991 -8.5369
14.294 -9.2878
10.979 -12.415
15.536 -7.5792
16.333 -9.1116
11.513 -10.046
11.693 -10.235
13.888 -8.6803
12.896 -8.8032
16.349 -7.9492
13.611 -9.6881
16.607 -6.4162
17.074 -7.3855
16.334 -8.1008
11.833 -11.043
15.826 -10.414
11.766 -9.4923
19.02 -5.6252
13.992 -8.6124
16.508 -7.9943
14.413 -7.8028
13.1 -10.521
16.603 -6.4177
16.655 -7.6076
11.115 -10.31
17.863 -8.0343
14.597 -7.3528
13.277 -8.3898
16.991 -8.2263
14.691 -6.7505
12.964 -11.266
12.66 -12.851
15.889 -7.7041
10.986 -9.9275
16.572 -7.1213
15.994 -7.4543
13.381 -10.259
18.858 -5.5479
15.942 -7.1069
15.106 -9.6128
13.569 -8.5333
13.255 -9.4038
10.426 -14.507
10.185 -12.309
15.199 -6.1175
15.672 -9.6325
11.834 -11.574
12.357 -10.463
16.76 -7.467
16.136 -7.2966
15.318 -9.5472
17.759 -5.8938
15.415 -8.9671
13.336 -9.5712
14.612 -9.9357
15.695 -5.5267
13.737 -10.465
13.854 -8.4793
16.953 -9.8413
14.978 -7.9862
15.922 -9.8488
15.604 -7.6099
16.966 -7.7305
12.864 -11.587
13.709 -10.055
12.616 -9.7429
15.538 -6.8565
12.642 -9.4041
10.862 -10.952
12.647 -10.622
13.287 -10.333
11.232 -10.363
14.228 -9.4048
10.811 -10.886
13.428 -8.0988
14.374 -9.955
15.423 -9.3495
11.953 -9.7829
15.788 -8.3371
14.15 -8.5118
12.284 -9.5115
13.856 -8.8517
15.737 -7.7176
15.239 -6.548
14.207 -8.0386
15.24 -8.2912
14.846 -8.35
13.796 -8.2666
12.474 -9.487
11.969 -11.099
11.994 -8.9126
14.677 -9.2096
12.259 -8.3211
17.344 -7.5268
14.063 -10.304
12.478 -10.815
13 -9.4351
11.321 -11.84
14.387 -10.361
10.128 -12.611
15.946 -8.545
13.844 -7.6718
17.764 -6.7147
15.541 -6.9357
15.674 -8.9205
17.119 -7.3502
17.159 -9.4563
14.489 -11.133
15.46 -10.173
17.658 -6.4638
9.1428 -10.783
15.061 -6.4477
11.775 -9.2955
12.323 -7.0842
12.084 -9.8598
12.399 -10.306
14.991 -9.3288
15.16 -10.552
12.056 -9.4383
11.208 -10.851
17.02 -8.5558
12.915 -10.089
15.098 -8.5856
15.344 -7.6169
11.923 -8.5092
17.213 -9.3805
15.721 -6.7565
17.964 -5.0545
13.968 -10.582
18.493 -6.748
12.968 -8.3375
14.15 -10.489
17.149 -9.3642
17.111 -8.9082
13.205 -9.8871
14.67 -9.1325
12.12 -10.766
11.805 -10.261
14.181 -8.519
17.259 -9.7536
13.519 -8.4745
15.78 -6.1026
11.125 -9.3994
14.731 -6.9284
10.845 -10.237
11.091 -10.442
12.091 -9.4351
12.105 -9.4701
13.559 -9.4334
15.091 -9.5824
15.476 -9.4655
12.891 -8.7911
15.704 -9.2036
13.911 -8.5072
13.023 -9.4658
14.046 -9.4063
9.792 -9.8321
15.154 -8.4006
12.817 -9.1361
13.008 -10.233
13.706 -9.1426
15.122 -9.0879
15.182 -9.2652
14.545 -8.3886
14.585 -8.9725
12.998 -10.54
11.636 -9.5747
9.6302 -14.114
14.227 -10.658
17.099 -10.79
13.495 -8.8906
13.29 -8.0473
12.698 -9.4398
12.65 -9.8365
16.58 -7.3633
18.639 -6.3607
12.804 -11.254
11.922 -11.407
16.243 -8.3945
11.631 -10.844
11.567 -10.763
13.334 -8.128
10.744 -10.196
15.033 -7.868
18.058 -5.3592
16.141 -8.1425
12.096 -10.128
16.949 -8.3553
10.931 -9.9035
16.038 -9.1359
13.836 -9.624
15.121 -8.3358
14.68 -7.8782
9.0544 -11.136
13.083 -9.5653
15.219 -6.7376
11.964 -10.304
11.611 -10.112
14.817 -8.1349
12.668 -9.1999
16.182 -6.2641
13.006 -8.6085
15.476 -8.9798
14.728 -7.0808
17.831 -5.0444
12.575 -10.495
15.552 -7.9592
10.7 -9.7616
17.927 -4.9081
13.929 -9.1742
12.151 -8.465
12.931 -9.6962
14.977 -9.0578
12.676 -7.138
11.808 -10.868
9.492 -12.816
14.7 -7.7619
10.877 -12.647
14.983 -7.2587
16.015 -7.0677
15.249 -7.5279
15.925 -7.574
16.221 -6.9899
16.927 -7.5744
13.356 -8.9758
17.449 -8.3979
13.164 -10.855
15.598 -5.8193
15.181 -7.336
12.945 -9.9536
14.807 -6.8469
11.933 -10.446
13.634 -7.9064
13.047 -9.8374
14.943 -6.4805
14.172 -9.6907
16.61 -8.4823
17.907 -8.2501
15.779 -8.6948
11.777 -12.009
12.636 -9.5071
16.314 -6.7326
