0.169326763707676	1.38425998667810
0.794337762523788	2.30470544911697
0.376326300759803	1.71617490866121
0.504046122766744	-0.507472300951396
0.189186378187137	0.967152354922351
0.671058017648054	2.35871379785783
0.776470243170559	3.13053102371757
0.140249307963898	2.79623280533033
0.0318906843292444	1.94108529314679
0.565560557098440	0.114729641030300
0.694966422309495	2.21340589790496
0.750892517005624	1.24472445982845
0.686323850026254	2.13717520878028
0.497956771185845	2.35508036736068
0.440825362752888	1.21822278771219
0.923149111188516	3.16155153878381
0.328741669503988	1.51202898671652
0.539569165984944	2.52598405905561
0.565088245527398	2.03395613094717
0.348460595203074	-0.323672957130336
0.965841098829957	1.05059679959976
0.497015445291171	0.834174679145924
0.881525475499916	2.53347649766589
0.491766284754985	-1.00088104861400
0.713625488008458	2.19481761654420
0.379205530886026	0.713179048692561
0.886455618662668	1.39881219061582
0.744444246289900	1.78280607799287
0.867977653024564	2.81142157484914
0.248695784128197	2.30660837059036
0.932682934021304	2.39630053899851
0.0243803702895283	2.64620360664796
0.783494837258392	0.591182734000984
0.154659475522452	1.18950466714626
0.0732551117729337	0.252305975471356
0.855590516945208	1.33063693856632
0.542270934193831	-0.0105919321957676
0.519114721750279	-0.112470922790378
0.141560601995747	2.35033832425831
0.0668953828384276	1.77396836160199
0.208262282932176	2.26682250510173
0.344506816358699	-0.0286642342447348
0.571035428073102	1.79653811175504
0.833643930069553	0.519978436594827
0.948031511240748	0.575392830709081
0.546193309282458	1.71724083934770
0.892825138480783	0.421387545684185
0.802754958041073	0.341239869964730
0.143365938993538	-0.0949905591998969
0.409395865574732	0.770868707256739
0.175208788633282	2.45089680248776
0.516662168455725	0.0744307460524549
0.0255569402116617	1.18709877877273
0.782596347152523	0.629340595670596
0.637881939609322	0.220903766266328
0.530822620644267	-0.269827888685563
0.133060252387809	-0.153830796389890
0.273619948659354	-2.00998754797680
0.966514226598809	-0.119511858250777
0.517662223102557	-0.526131753395906
0.498151757820328	1.85650865571369
0.285346085377502	-0.415269262343086
0.320815989515829	0.650509842542111
0.926926981486906	-0.101441253581423
0.815837724801517	0.555505073900954
0.831326545303797	-0.838433385358924
0.927397165500595	-0.477086336241603
0.763247527127249	-0.0600667977495256
0.711941165834440	-0.572600466311452
0.0117171058945772	-0.994200188179269
0.375795496327822	0.0715078589511092
0.938164420909463	1.01107330182062
0.511691481919640	-0.154653165449584
0.376841454917397	-0.693918929969423
0.581695044648230	-1.07959109836469
0.0770730138210954	-0.738288666650249
0.423549087428076	0.283866595299993
0.753174664021343	0.238461969052555
0.555767679053970	0.326248980041696
0.146230505900810	0.199430084259890
0.194548296442262	-0.0447149053603210
0.945467001670851	0.938550951933466
0.773492073636591	0.122097929310394
0.778865386339293	0.396517569987153
0.548776898276218	-0.0713618716638807
0.691017538393503	0.184490804102134
0.417260506216495	0.00913556568738599
0.708264076725395	-1.06723315659679
0.663034525232939	-0.478561685708353
0.0539215632775520	-0.871332146943003
0.789570202533214	0.198238824919903
0.290657800736376	0.453631977985696
0.110114083148880	0.467083270513951
0.884593091905958	-1.08734111700882
0.581985222081167	1.76707466524680
0.624804480410796	1.13258878298751
0.116232217586019	0.513680557930592
0.236921261333996	1.74623418911268
0.992784698892704	-0.184414865596056
0.854400407656705	-0.511043247130186
0.910232106343293	0.692287602639509
0.668481064626706	0.965037299934590
0.781568065961759	0.573470288192379
0.912278165517753	1.16817346352232
0.197849854328694	0.973805791509663
0.716998736214190	0.839779640054786
0.213398925488331	0.614185537203300
0.709949660627035	-0.293776490422993
0.731447925976371	-1.00382597214631
0.444545477843987	0.790543832147546
0.865799806221625	0.385193780731326
0.772423584348671	1.72049799565105
0.194288306731546	-0.0507951698055040
0.429037161499587	0.710880642429333
0.0762644964925341	-0.0915410881250651
0.172509445333852	-1.22642713318788
0.584303376736769	1.54989487424726
0.327136818204678	-0.456011510645015
0.825089742087179	1.43169592146229
0.742654088352323	-0.102340636916011
0.00751448878461514	-1.29825897359812
0.768815106172919	0.523689909546378
0.159157647071018	3.06450198582359
0.584016393158451	0.815265227875276
0.985889228446687	2.52293063471428
0.00983546790141543	1.91439220042457
0.430036456971447	1.93712564449328
0.449388728920900	2.84660487478509
0.0718063304465666	0.853214117165613
0.489054002672871	0.841061806280696
0.0870044404884618	2.18872920299166
0.729255724779562	1.11390622495277
0.332308058105605	1.09194375529371
0.456731229639168	2.00866907908797
0.475366217563240	1.74212776050715
0.476996350669530	2.96391712927016
0.377707095243886	1.55518026237283
0.999288856769723	2.11798792663016
0.649408863325788	2.72257934395282
0.0599506543334659	2.07005830574040
0.180742891764547	0.367399209469210
0.382527687953638	3.24096767126303
0.505927209714562	2.03001768203537
0.895993201360349	2.12424978379598
0.284609360356740	0.981559100157537
0.578960835410289	1.00825853809901
0.992703077261573	1.82491201176736
0.933760714891185	2.86255898478909
0.541750658189016	2.98392464797208
0.733442044595818	2.23129815335328
0.907619750676318	3.31834528722103
0.931814193558671	2.18500169322798
0.280520114986573	3.34343906040781
0.736319543823061	3.07821142795695
0.391644066675726	2.23940800269663
0.782706299673266	4.48122033239681
0.0213451142885068	3.55083574164878
0.0849893980365392	3.62786541314986
0.242748917200713	3.99727183060680
0.280557549313147	5.64262776111903
0.280336668483694	3.01791905002922
0.327197442868315	2.27149061335686
0.698372854464895	3.14908208408720
0.315419561966372	2.72453397257090
0.897506683040504	2.99761044391189
0.610451308095451	5.64512030603207
0.205446830302534	3.45808372150930
0.947417098469544	3.76358064236452
0.575459056904582	6.10813793803915
0.141344764512281	3.63261767140685
0.326803927115917	4.17265244724821
0.352609893974928	4.76567993468324
0.571588873384318	4.14047915676735
0.693724402409330	4.33097318493382
0.458510047743212	2.62552029259078
0.295484634181261	3.45665275476778
0.757118339753425	4.12517612421459
0.984365749336828	3.86797147600951
0.451360687215691	4.60663872986637
0.212299544852654	4.54957471122158
0.658566439652560	4.27085622495771
0.160922594803997	3.51034433083193
0.702646854209213	2.78725217992919
0.577739154248011	3.23635731766688
0.284328133794536	1.48569119856856
0.0341973568102103	3.81340823323763
0.245095346931577	3.24037422394105
0.656981386175162	5.25941809160332
0.252518709813620	4.30590594104163
0.467566755547881	2.06004246374779
0.813001082933013	2.66375239532087
0.311516976191792	3.82328919627877
0.184150404634852	3.19090677799605
0.559920855801020	1.60333450486136
0.220540348371736	2.30072249991623
0.195152237783647	1.26442159784004
0.311424915183643	4.92648792101765
0.652780755314989	2.86442124312894
0.373749795561941	4.57815212997654
0.825409904180456	0
