9.4 4.8 -34.258
5.4 9.6 -17.152
1 -3.2 -8.8595
13 -5.2 -30.14
3.8 -6.4 -4.906
11 -3.2 -23.29
1 5.2 -0.95058
7.8 5.6 -28.073
-5.4 -3.2 -64.084
8.2 -6.4 -2.2297
2.6 5.6 5.9669
1.8 7.6 0.75981
8.2 -1.6 -12.539
6.6 1.2 -6.3262
10.2 7.2 -49.682
-4.2 8.8 -13.063
1 -0.4 -3.7629
0.2 2.4 -0.92524
6.2 -5.2 -2.8471
2.6 2.4 -4.908
9.4 4.8 -34.258
5.4 9.6 -17.152
1 -3.2 -8.8595
-5.8 -0.4 -58.061
-1.8 4.4 -9.1914
-4.6 3.6 -29.911
-1.4 -1.6 -22.851
10.6 6 -55.49
-5 12 -8.0315
3 6.8 -8.9942
-0.2 -4 -20.697
1.8 -1.6 -8.1361
11.8 6.4 -69.744
9.8 1.2 -24.633
3 10.8 -7.2517
7 -6.4 0.6985
-2.6 -2.8 -39.49
-4.2 6.4 -19.254
-0.6 -1.2 -17.25
2.6 0.8 -1.7265
1 8 2.7236
9.8 4.8 -37.001
3 10 -1.1874
-5.4 8 -22.795
-4.2 3.2 -26.58
2.6 9.2 -3.6
-0.6 -0.8 -13.102
-3.4 7.6 -9.4794
5 4 -5.2088
9.4 8 -45.912
12.6 -2.8 -35.894
7 5.6 -11.541
0.6 2.8 -7.1957
9 6.8 -36.165
2.2 -3.2 -6.1261
-0.6 4 -2.9452
4.2 -6.4 -1.0547
4.6 3.2 -8.5871
5.4 0.4 -6.2521
10.6 -6.8 -12.684
7.4 2.4 -13.319
8.6 9.6 -44.315
-2.6 4.4 -9.533
10.2 3.2 -28.998
3.4 0.4 3.0053
11.8 12 -99.286
6.2 -2.8 0.99091
1 -5.2 -16.238
0.6 3.6 -3.4908
1.4 -2 -7.4287
3 4.4 -4.9885
4.6 4.8 -3.2247
10.2 4 -41.173
3.4 -7.2 -12.894
1.8 0.4 -2.8085
12.6 2.4 -55.896
8.2 -7.6 -4.9213
-5 -2 -51.827
-1.8 10.8 -4.1631
1 2 1.0373
8.6 7.6 -35.429
-1 11.6 -4.5657
8.6 3.2 -22.393
2.6 3.6 -0.46668
6.2 4.4 -10.043
1.4 -1.6 -4.2252
-0.6 -2.4 -21.464
4.6 -0.8 1.6894
9.8 -6.4 -5.9153
10.2 8 -56.108
3.8 -6.8 -2.0028
5.8 4.4 -17.683
5.4 -2.4 -0.16445
7 0 -7.8586
-2.2 -6.8 -43.995
1.8 6 -4.1995
-0.6 2.8 -11.33
-6.2 -6 -89.495
9.4 -7.6 -2.9114
-2.6 2.8 -20.876
