-2.6 2.8 -20.876
1.4 1.6 -2.339
13 7.2 -84.142
3.8 0 -5.2259
13 -5.2 -30.14
3.8 -6.4 -4.906
11 -3.2 -23.29
1 5.2 -0.95058
7.8 5.6 -28.073
-5.4 -3.2 -64.084
8.2 -6.4 -2.2297
2.6 5.6 5.9669
1.8 7.6 0.75981
8.2 -1.6 -12.539
6.6 1.2 -6.3262
10.2 7.2 -49.682
-4.2 8.8 -13.063
1 -0.4 -3.7629
0.2 2.4 -0.92524
6.2 -5.2 -2.8471
2.6 2.4 -4.908
9.4 4.8 -34.258
5.4 9.6 -17.152
1 -3.2 -8.8595
-5.8 -0.4 -58.061
-1.8 4.4 -9.1914
-4.6 3.6 -29.911
-1.4 -1.6 -22.851
10.6 6 -55.49
-5 12 -8.0315
3 6.8 -8.9942
-0.2 -4 -20.697
1.8 -1.6 -8.1361
11.8 6.4 -69.744
9.8 1.2 -24.633
3 10.8 -7.2517
7 -6.4 0.6985
-2.6 -2.8 -39.49
-4.2 6.4 -19.254
-0.6 -1.2 -17.25
2.6 0.8 -1.7265
1 8 2.7236
9.8 4.8 -37.001
3 10 -1.1874
-5.4 8 -22.795
-4.2 3.2 -26.58
2.6 9.2 -3.6
-0.6 -0.8 -13.102
-3.4 7.6 -9.4794
5 4 -5.2088
9.4 8 -45.912
12.6 -2.8 -35.894
7 5.6 -11.541
0.6 2.8 -7.1957
9 6.8 -36.165
2.2 -3.2 -6.1261
-0.6 4 -2.9452
4.2 -6.4 -1.0547
4.6 3.2 -8.5871
5.4 0.4 -6.2521
10.6 -6.8 -12.684
7.4 2.4 -13.319
8.6 9.6 -44.315
-2.6 4.4 -9.533
10.2 3.2 -28.998
3.4 0.4 3.0053
11.8 12 -99.286
6.2 -2.8 0.99091
1 -5.2 -16.238
0.6 3.6 -3.4908
1.4 -2 -7.4287
3 4.4 -4.9885
4.6 4.8 -3.2247
10.2 4 -41.173
3.4 -7.2 -12.894
1.8 0.4 -2.8085
12.6 2.4 -55.896
8.2 -7.6 -4.9213
-5 -2 -51.827
-1.8 10.8 -4.1631
1 2 1.0373
8.6 7.6 -35.429
-1 11.6 -4.5657
8.6 3.2 -22.393
2.6 3.6 -0.46668
6.2 4.4 -10.043
1.4 -1.6 -4.2252
-0.6 -2.4 -21.464
4.6 -0.8 1.6894
9.8 -6.4 -5.9153
10.2 8 -56.108
3.8 -6.8 -2.0028
5.8 4.4 -17.683
5.4 -2.4 -0.16445
7 0 -7.8586
-2.2 -6.8 -43.995
1.8 6 -4.1995
-0.6 2.8 -11.33
-6.2 -6 -89.495
9.4 -7.6 -2.9114
-2.6 2.8 -20.876
1.4 1.6 -2.339
13 7.2 -84.142
3.8 0 -5.2259
-1.8 4 -9.5074
-0.2 12 -0.57679
1 -2.8 -9.0677
9 -2.8 -7.2036
-5.4 3.6 -31.2
10.2 -2.4 -12.747
10.2 -3.2 -12.098
-5.8 2 -46.193
-3 -3.2 -43.848
-0.6 6 1.9209
0.2 2 -0.082157
-0.6 -2.8 -18.95
10.2 0 -20.88
1 -1.2 -6.3797
6.6 -0.8 -4.5669
8.6 1.6 -12.304
7.8 -4.4 -3.8758
8.2 1.6 -14.274
7.4 3.2 -14.045
-3.4 1.2 -28.239
-1.4 12 -0.8535
-2.2 -6.4 -51.228
9.8 -3.6 -13.88
-4.6 -4.4 -59.883
-2.2 0 -19.889
5 2 -1.787
6.2 8.8 -22.777
4.2 3.6 -3.7808
-2.2 2.4 -19.209
3 11.6 -8.5169
9.8 5.2 -44.913
12.6 -4.8 -26.879
11.4 0.8 -33.652
7.4 -3.2 -11.755
2.2 -1.2 -1.8991
0.2 0.8 -5.4834
12.6 0.4 -47.955
-0.6 10.8 4.5901
8.2 -6.8 -4.9932
7 -6 2.6255
-1 6.8 -1.545
11.4 10 -76.173
-1 4 -7.8454
-1.8 4.8 -6.6887
-4.2 -6.4 -68.872
-3.8 10.4 -11.431
5.8 7.2 -19.501
-1.8 11.6 -1.1126
-4.6 4 -25.746
11.4 6.4 -53.872
3.4 12 -15.555
5 3.2 -4.0809
-0.2 -3.6 -15.254
4.6 4 1.5808
10.2 12 -69.026
-1.4 4 -6.7348
1.8 -4 -11.299
5 6.4 -7.2648
-1.4 11.6 1.5143
-6.2 3.2 -43.38
-6.6 3.2 -49.634
-6.2 0 -65.103
7.8 8.4 -34.686
7.8 1.6 -7.9884
13 8.8 -93.875
-4.6 9.6 -10.859
7.4 -5.2 -9.0728
-5.8 8 -20.967
3 -6.4 -1.8066
1 9.6 0.37393
3 12 -10.95
7 3.2 -17.434
8.2 7.2 -34.088
-3.4 -1.2 -36.606
-5.4 4.4 -36.853
9.8 -6.8 -7.4198
6.2 -0.4 -4.669
-6.2 -7.6 -106.16
9 -3.2 -10.3
5 6 -13.06
-2.6 -4.8 -41.13
10.6 -2 -17.779
11.8 -3.6 -27.102
12.6 4 -66.634
-5.8 0.8 -58.683
0.6 4.4 -0.33463
-0.6 0 -6.2493
4.6 -7.6 -5.1837
-1 -2 -21.896
-5.8 11.6 -9.069
0.2 -2.8 -10.408
5.8 8.8 -18.366
5.8 8.4 -14.319
-4.6 -1.2 -45.173
-3.4 10 -6.1237
-4.2 12 -2.5488
1.4 10.4 -5.3299
1 4.8 -1.2586
-5.8 4.8 -37.285
-1 5.2 -3.1524
-3.4 -5.6 -55.538
11.4 -1.6 -32.032
-3.4 5.6 -13.787
11.4 8 -68.967
-3.8 -4.4 -55.686
-3.4 -3.6 -48.011
7 -2.8 -3.5432
-1.8 -1.6 -23.719
10.2 -2 -24.619
8.2 8.4 -34.028
3.4 -1.6 -7.5104
-6.6 -4 -84.114
1.4 0 -6.0452
11.4 6.8 -67.71
-1.4 3.2 -13.109
2.2 4.4 -8.4807
11.8 -2 -30.833
8.6 5.6 -29.393
7 8.4 -25.57
11.4 3.6 -44.13
-5 0.4 -46.968
-3.8 3.2 -25.025
-3.4 0.4 -32.247
-0.6 -4.4 -26.321
6.6 1.6 -6.3083
-3.8 -5.6 -63.123
3.4 -3.2 -7.1041
11 8 -67.7
-1.4 2 -10.891
9 4.8 -26.403
-4.2 -0.4 -40.746
6.6 4 -11.528
-2.6 0.4 -25.232
6.2 2.4 -2.2216
3.8 7.6 -3.0258
1.8 6.4 -1.3528
-2.6 0.8 -25.998
-6.6 6 -37.766
6.6 2 -11.119
-0.2 9.2 -1.0023
8.6 6.4 -34.303
9.8 8.8 -45.942
0.2 1.6 -7.886
-4.2 -6.8 -74.105
12.6 7.2 -84.458
6.6 8 -19.131
-2.2 0.8 -18.383
2.6 -5.6 -7.6952
-5 5.2 -27.722
-2.6 1.2 -20.901
1.4 2.8 -0.72877
12.6 8 -82.234
-3.8 8.8 -14.105
13 -4.8 -32.292
0.6 -3.2 -20.14
7 -4.4 -7.562
0.2 5.6 -6.1805
-6.2 0.8 -58.934
8.6 -0.8 -12.095
-3 11.2 -1.8532
-6.2 -1.2 -71.347
1.4 2.4 -1.9589
9.8 -2.4 -18.676
-4.2 -7.2 -75.001
3.4 2.8 -4.7699
3.4 -4.4 0.14473
-1.4 -5.2 -34.015
5 8 -16.557
9.4 4 -28.705
2.6 -3.2 -0.98799
-5 11.2 -8.7875
1.8 4 0.1088
7.4 10 -40.06
-1.4 -2.8 -23.15
6.6 -7.6 2.1687
3.4 2.4 0.50938
6.2 2 -9.9845
-2.2 12 -3.2541
7.4 6.8 -19.603
-1 10.4 3.5095
-3 8 -5.4409
-0.2 5.2 -1.8006
-0.6 3.2 -6.2855
10.6 8.4 -62.758
9 5.6 -34.287
4.2 0.4 -2.2229
-3.4 -6.4 -56.282
5.4 9.2 -22.978
8.2 -0.4 -11.091
10.6 -1.6 -19.812
12.6 -6.8 -27.087
-6.6 12 -15.922
8.6 -4.8 -5.8744
11.4 4.8 -59.694
12.2 -2.4 -31.342
0.6 -2 -8.0605
5 0 -6.2819
11.8 -3.2 -23.387
12.2 2.4 -49.912
2.2 5.6 -3.5221
4.2 10.8 -11.794
9.8 10 -63.699
7.4 8.4 -29.704
1.4 -0.4 -11.154
0.6 -7.6 -20.907
3.4 -4.8 -5.5955
8.6 -4 -1.6308
-4.2 5.2 -23.462
-0.2 -2.4 -18.747
9 10.4 -53.019
10.2 2 -30.455
3 9.2 -7.228
4.2 5.2 -4.4606
2.6 10 -2.3197
6.2 -3.6 -0.62308
5.4 6 -6.9937
-3.8 -0.8 -40.278
7.8 8 -35.505
7.8 -2.4 -6.3027
10.6 0 -35.547
4.6 -2.8 1.3651
6.6 0 -5.1018
-6.6 -1.2 -77.739
12.6 -0.8 -53.397
8.2 -2.8 -1.752
1.8 9.2 -2.379
6.2 -2.4 -6.0619
8.6 0.4 -12.505
10.6 2.4 -42.553
9.8 6 -40.48
-2.6 7.2 -12.406
-1.4 11.2 -5.153
-6.2 1.6 -51.592
-0.6 11.6 -1.8822
5.4 -5.2 -0.33949
-3 -6.4 -56.883
-1.8 1.2 -13.775
3.8 3.2 0.43625
10.2 1.6 -23.345
11 -4.4 -13.262
7.8 0.4 -10.725
-1.4 -6 -34.418
-6.2 6.4 -33.03
2.2 10.4 -1.8942
9.8 2.8 -31.091
0.2 7.2 -0.94097
0.6 -0.4 -12.289
-3 -4.4 -43.493
-6.2 -6.8 -96.578
0.2 -6.8 -24.214
1.8 3.6 -3.3699
4.6 7.6 -6.678
-1 0 -12.003
-0.2 -5.2 -24.203
1.8 8.4 2.7892
-3.8 4 -25.056
6.6 10.4 -25.564
11.8 -2.8 -26.918
-5.8 -6.8 -94.897
-6.2 6 -35.333
-3 11.6 -3.8255
10.2 9.2 -55.199
6.2 -7.2 -1.5861
2.2 -5.2 -11.13
-5 -3.2 -64.513
-5.4 -2.4 -60.893
1 -5.6 -18.918
0.6 6.4 4.0617
13 -3.2 -41.068
5 -0.4 -5.1534
11 -1.6 -24.119
-6.2 -3.2 -83.199
5 8.4 -7.2977
-4.6 5.6 -22.86
-5.4 0 -49.894
4.2 1.2 -0.056994
12.2 4.4 -63.168
-0.6 2 -8.996
-5.4 2.8 -40.334
11.8 5.2 -61.723
0.2 -0.4 -9.3506
11.8 -4 -27.18
-6.6 -2.8 -74.508
5.8 -2.4 1.0697
-3.8 1.2 -28.817
9 6 -28.593
3 0 -5.2366
3.4 8 -6.0205
0.2 2.8 -4.2139
2.2 8.8 -3.6296
-2.6 -3.2 -34.739
0.6 5.6 -0.59202
-5.8 2.4 -54.31
-3.8 11.6 -7.1658
13 0.4 -52.038
-6.6 11.6 -19.053
11.8 10.4 -90.821
-0.2 -4.4 -14.913
-2.2 -6 -40.392
6.2 -1.6 -2.8804
2.2 -7.6 -15.925
13 1.6 -54.684
-3.8 10.8 -9.1723
3.4 -6.8 -13.772
-5.4 2 -42.034
-2.6 -2 -32.207
-1.8 8 -0.95634
-0.6 5.6 -1.257
-5.4 -2 -65.855
5 5.6 -4.6346
11.4 -3.6 -20.613
11.4 0 -34.136
-2.2 -3.6 -33.587
6.6 -4.8 -1.7887
-0.6 3.6 -3.9379
3.4 5.6 -3.4004
5.4 1.2 -1.2273
-3 -4.8 -47.45
3.4 2 1.6281
-5.4 8.4 -17.154
-6.2 9.2 -27.302
11.4 -2 -28.638
-1.4 10 5.2878
-4.2 4 -22.507
9 1.6 -16.386
9 3.6 -27.592
4.6 -7.2 1.7485
1 6 1.5765
5.4 2.4 -3.8155
1.4 0.4 -4.9965
4.2 -4.8 -6.4066
-6.2 2 -49.933
-0.6 -4.8 -22.093
-1 12 3.8763
0.6 10 -2.2034
6.6 -6.4 -3.4236
-3 9.2 -6.5731
-1 -6.4 -31.761
-1.4 4.8 -13.186
8.2 10.8 -45.062
5.8 10.4 -21.223
-5.8 -0.8 -60.054
6.6 0.4 -7.5003
10.6 11.6 -79.32
-6.6 -0.4 -64.167
-2.2 6.4 -11.03
13 8 -90.857
1 -4 -13.634
-4.6 12 -0.7661
11.8 10.8 -87.895
5 5.2 -5.5662
-5.4 -1.6 -63.172
0.6 0.8 -11.202
-4.6 10.4 -10.276
1.4 -6.8 -17.163
-1 3.6 -10.058
12.6 5.2 -71.645
11.8 1.6 -45.654
6.2 -4.8 -5.9948
9 10.8 -55.436
6.6 -2 0.38673
12.6 0.8 -42.946
4.2 8 -6.7016
-6.6 0 -59.555
5 0.4 0.88037
-4.2 1.2 -36.475
7 3.6 -10.238
0.2 0.4 -10.789
9 -1.2 -16.487
-4.6 8 -13.277
10.2 -7.2 -6.3842
12.6 -6.4 -23.151
-0.6 7.2 -4.9153
-5.4 -6.8 -84.204
-2.6 4 -9.6273
10.2 -4 -16.032
-4.2 -7.6 -78.526
6.6 -3.6 3.4086
-5.8 4.4 -40.291
9.4 12 -57.401
-1.4 -4 -33.297
0.6 -5.2 -21.082
-1 7.6 -3.8668
11 1.2 -32.117
-6.6 -1.6 -80.844
11 4 -48.867
4.2 9.6 -17.088
-3.4 -7.2 -62.789
10.2 2.8 -37.139
-4.2 4.8 -19.702
11 7.6 -59.154
0.6 6.8 2.4868
-4.2 -5.2 -64.808
-5.8 4 -39.989
-3 2.8 -22.122
1 2.4 -3.1287
-5.4 -4 -76.228
-1.8 6.4 -4.4004
-3 5.6 -17.699
-3 -3.6 -42.471
11 -5.2 -15.166
-2.6 -0.4 -30.176
1 10.8 -0.027152
12.2 3.6 -55.752
-6.6 4.8 -43.818
-4.2 5.6 -23.828
12.2 -7.2 -17.112
-0.2 6 0.24001
13 -0.4 -50.007
12.2 0.8 -44.95
-5.4 -2.8 -60.669
9.4 8.8 -48.239
-5 -4.4 -67.337
11 11.2 -80.97
2.2 -5.6 -12.163
3.8 5.6 0.63838
4.2 12 -18.158
4.6 3.6 0.21465
-5 -6.4 -78.362
11 9.2 -71.556
9.8 -3.2 -7.2228
9 -6.8 -3.4819
-2.2 2 -18.718
9.8 8 -54.765
10.2 4.8 -36.868
-6.6 8.4 -30.887
6.6 11.6 -24.581
1 -3.6 -13.983
-6.2 8.4 -24.172
4.6 6.8 0.050673
10.6 6.8 -52.322
12.2 6.8 -72.857
-6.2 -4.4 -86.178
11 -6.4 -10.23
1.8 -7.2 -7.5537
3 4 0.82051
9.4 6.8 -44.613
12.6 10.4 -95.633
1.4 -6 -13.617
3.8 8.8 -7.0681
-0.2 9.6 3.1092
9.8 -7.2 -10.383
0.2 4.8 2.3807
-2.2 -4.8 -31.579
11.4 -0.8 -38.407
1.4 -2.4 -0.96501
1 5.6 2.4482
5 -2.4 3.6441
-2.2 -5.6 -40.741
0.6 -2.8 -11.678
-1 6.4 4.8432
-3 8.4 -3.7729
-6.6 -7.6 -110.24
-1 -4.4 -23.018
4.6 0.4 2.3248
4.6 6.4 -4.0502
10.6 -4.8 -14.156
6.6 -4 -4.044
8.2 4.8 -19.55
5.4 7.2 -11.508
-1 7.2 -4.7398
9 8 -43.37
-3 0.8 -29.822
0.6 -4.4 -14.764
1 2.8 -0.042524
3.4 4.8 -7.9765
-4.6 -2.4 -52.316
-1.8 2.8 -13.091
11 -0.8 -32.612
-6.6 5.2 -40.201
9.4 10.8 -59.306
-6.6 8 -32.985
4.2 -7.6 -7.3838
-5.8 3.6 -43.425
6.6 -6.8 -1.205
13 6.8 -82.575
5 -3.6 -3.1415
-4.2 10.8 -4.8452
13 11.6 -111.92
10.2 5.6 -43.959
9.4 -5.2 -9.8011
6.2 1.2 -8.7397
4.2 -1.6 -0.70359
10.2 -5.2 -8.287
6.2 8.4 -18.629
7.4 -0.4 -9.2593
-1.8 10.4 3.3178
3 8.4 -11.012
-5.8 9.2 -21.052
5.8 12 -28.272
-3 9.6 -6.2025
-5.4 8.8 -17.778
-1 0.4 -10.351
2.6 -6.4 -5.8296
-1.4 -4.8 -29.621
7.8 -1.6 -9.5435
6.6 2.4 -7.3429
-0.2 10 7.2215
6.2 2.8 -8.8115
12.6 -1.6 -41.076
-6.6 -6 -104.46
3 -6 -7.4986
5 2.8 -9.0396
-5.8 0.4 -52.507
6.2 -7.6 -0.75581
13 4.8 -74.254
2.2 2.4 -0.36908
0.6 11.2 -3.484
10.6 12 -75.65
-6.6 -4.8 -97.42
3.4 0 -2.6377
10.6 7.2 -53.155
9.8 -7.6 -10.01
-1.4 -0.8 -16.836
12.6 -7.2 -25.403
8.2 -4.8 -8.2938
-2.6 -1.6 -34.922
1.4 -1.2 -4.8294
4.2 -7.2 -8.1353
-2.2 4.8 -6.021
11.8 8.8 -71.248
-0.2 6.8 5.7051
-2.2 -2 -21.62
13 0 -52.04
1 7.2 -3.931
3.4 11.2 -6.6718
-6.2 10.4 -25.561
1.4 -4.4 -9.5845
-5 6 -24.358
-3.8 4.8 -27.235
-2.6 11.2 1.1676
-5.8 -2.8 -75.59
0.2 -6.4 -21.762
-5.4 -7.6 -94.242
7.4 7.2 -26.174
10.6 -0.4 -30.603
10.2 -4.4 -14.143
2.6 7.2 -6.4196
10.6 4 -41.78
4.6 -6.4 -8.991
-2.2 10 -7.0288
7.4 6 -19.768
3 1.2 2.9299
-1.4 1.6 -12.695
-2.2 3.2 -17.13
3 -4 -4.4533
-3.4 -2.4 -45.24
9.8 -1.2 -16.968
5.4 12 -26.504
8.2 2.4 -21.803
9.8 7.2 -47.272
1.8 0.8 0.071529
12.2 -6.8 -21.366
5.4 -4.4 -4.0012
5.8 6.4 -7.4769
11.8 4.8 -56.525
3 0.8 -3.6771
6.2 -6.8 -1.2239
-1.4 -6.4 -42.003
3.8 -4 -12.26
-5 -1.2 -51.693
-4.2 -2 -44.236
2.2 12 -2.4797
-3 0.4 -23
-5.4 3.2 -36.018
11.8 7.6 -79.611
11 -4.8 -20.835
3.8 3.6 -0.077989
-6.2 7.2 -24.473
2.2 1.2 2.6248
-3 -5.2 -50.894
3.8 -7.2 -5.5521
13 -6.4 -21.382
11 -0.4 -30.677
-1 -3.2 -25.684
6.2 -2 -4.6651
-4.6 -3.6 -60.841
2.2 10.8 -2.2952
7.4 -7.2 -1.3605
9.4 -4.4 -6.9238
12.2 -4.8 -21.857
-4.2 -6 -68.465
-0.6 11.2 8.9213
-3.8 8.4 -8.8084
8.2 3.2 -17.542
9 9.6 -48.163
-2.2 8.4 -1.9163
1.8 1.2 -3.5759
-6.6 2.8 -51.232
10.6 4.4 -45.788
2.6 1.6 3.0361
11.8 -6 -16.505
2.2 11.6 -0.12127
8.2 10.4 -41.481
0.2 -3.2 -14.639
11.4 -7.6 -16.264
11.4 5.6 -57.266
7 4.8 -21.261
3.4 4 -3.9793
-1.4 10.4 1.7034
-0.2 8.8 3.056
3.8 10 -14.031
5 -2.8 -5.2333
-2.6 -6.4 -52.348
1 8.4 -2.5965
-2.6 10.4 0.50493
11.4 12 -91.254
13 -2.8 -41.01
7.8 -3.2 -14.22
2.2 0.4 -1.3184
8.2 -2.4 -4.6306
-3 2.4 -16.077
5.8 -4.8 -1.1759
6.6 2.8 -7.569
3 2.8 -0.69016
-3.8 2.8 -27.213
12.2 6 -65.069
3.4 -7.6 -8.5004
-6.6 -2 -78.737
10.6 2 -41.945
-6.6 0.4 -60.243
-2.2 7.6 -9.4834
4.2 -0.4 0.91565
7.4 1.6 -6.9135
-3 -0.4 -27.225
4.6 5.2 -7.4891
2.6 -1.6 -10.054
5 -1.6 -3.1763
4.6 1.2 -1.9623
-3 5.2 -9.4143
0.6 3.2 -1.9987
13 3.2 -68.873
-3 -2.8 -39.099
4.6 9.2 -10.388
10.6 -2.4 -24.196
2.6 8.4 2.4748
0.2 4.4 -6.6557
8.6 4.4 -27.461
4.2 -6.8 -4.8448
9.8 -2 -18.165
7.8 11.6 -37.673
7.8 -5.2 1.8504
1.8 -7.6 -12.861
13 8.4 -98.61
9.4 6 -31.454
-1 -3.6 -27.407
-1.4 9.6 -2.5349
3.4 -5.6 -8.695
-5 6.4 -22.304
6.6 0.8 -6.1525
0.6 -6.8 -21.992
9.8 10.4 -56.374
8.6 -1.6 -9.7209
-6.2 -5.2 -83.895
5 4.4 -5.2697
11 7.2 -64.951
1 9.2 2.2436
9 4 -19.848
11.4 -6.4 -17.161
-2.6 3.2 -13.745
-3.8 -6.4 -68.677
-5.4 0.4 -43.083
-3.4 2.4 -23.646
-5.8 1.6 -48.877
1.4 0.8 0.69931
-1 2 -10.703
-1 10 4.729
10.6 -0.8 -25.597
9 -4.4 -8.0734
3.8 8 -2.8092
-5.4 -0.8 -57.003
4.2 -5.6 -1.0874
-5.8 -3.6 -67.461
-0.2 -5.6 -23.033
9.4 -3.6 -11.59
2.2 3.2 -4.1102
-5.8 6.8 -27.733
6.2 -0.8 3.3898
7.4 9.2 -31.488
-2.6 9.6 -8.5218
4.6 9.6 -13.116
-6.6 9.6 -25.283
1.8 2 -1.0411
11.8 2.8 -49.226
0.6 8.8 -0.68024
3.8 6.8 -6.265
1.4 5.6 2.7469
3 -5.2 -8.0373
3.4 -1.2 -0.7079
0.6 9.2 2.3826
-5.8 -5.2 -84.359
-4.2 9.2 -9.4149
12.2 12 -104.37
7 11.2 -33.538
-6.2 11.6 -13.515
4.6 -1.6 0.21073
-2.6 6.8 -9.3881
7 4 -9.4543
1.4 -2.8 -10.48
-6.6 2 -59.334
11.4 -4.4 -16.468
7.8 -7.2 -0.54743
-4.2 0.4 -39.096
7.4 -6 -6.2101
4.6 5.6 -8.867
7 4.4 -13.541
-5.4 1.6 -49.635
-0.2 5.6 -1.4786
-4.6 8.8 -14.122
1.4 9.2 -4.849
4.2 2 -4.4646
8.6 5.2 -26.186
7 2.4 -13.913
2.2 -1.6 -3.7209
-1.8 -5.2 -35.044
2.6 -1.2 0.65693
-5 0 -51.839
5.4 -4.8 -2.7964
8.6 11.6 -52.99
13 9.6 -99.324
8.6 -5.2 -5.4078
-3.8 -0.4 -33.116
6.2 6.8 -20.551
4.6 -2.4 0.2288
3.4 10.4 -6.0748
5.8 1.6 -9.1301
-4.6 1.6 -36.649
13 -5.6 -27.086
3.8 4.4 0.005337
9.8 6.4 -38.589
6.6 5.6 -15.214
-3.8 9.2 -12.266
5.4 -2.8 -3.6265
8.6 -3.2 -5.94
-5 2.4 -38.136
10.2 11.2 -74.685
-5.4 4.8 -29.733
7.4 5.6 -24.198
0.2 10.8 -1.7795
-3.4 -4 -47.251
-2.6 -5.6 -41.601
7.8 1.2 -13.784
-5.4 11.2 -13.275
-3 -5.6 -50.412
7 7.6 -24.027
-3.4 11.6 -0.57543
10.2 -6.8 -8.025
7.8 12 -44.678
12.2 1.6 -46.916
9 -4 -13.603
2.2 6 4.3798
4.6 -5.2 1.462
-5 9.6 -16.882
-5.4 5.2 -32.016
3 -2.8 -5.6421
1 4 -5.85
-4.6 -0.8 -48.672
5 1.2 -3.0612
-3.4 -4.8 -53.257
-2.2 3.6 -9.9704
-5 -4 -67.767
7 11.6 -33.62
10.6 5.6 -49.709
2.6 4.8 -4.1506
5.8 -3.2 -2.8615
-3 3.2 -25.704
-4.2 2 -30.321
2.2 -2 -4.8846
12.6 -2.4 -38.746
11 0 -34.688
2.2 2 -8.5775
8.2 8.8 -28.906
10.6 10.8 -75.025
9.4 -4.8 -6.9622
0.2 3.2 -8.1894
-1.4 5.2 -5.5153
-3.8 -5.2 -51.964
7 2.8 -13.188
8.6 0.8 -14.419
-0.6 9.6 5.0308
8.6 2.8 -21.938
3.4 -0.8 -8.9148
-3.8 10 -9.4432
-1.4 0 -18.825
7.4 -4 -0.10566
-1.8 0.8 -13.468
-6.6 4.4 -44.664
5.4 -1.6 -4.1176
11 10 -67.491
6.2 6.4 -14.7
-5.8 12 -12.354
5.4 10.8 -21.497
-6.6 -5.6 -99.482
-2.2 -4 -36.244
1.8 -4.8 -13.834
11.4 -1.2 -30.201
0.6 1.6 -8.1811
-5 -0.4 -53.555
13 -7.6 -19.135
10.6 9.6 -65.596
-3.4 11.2 0.87154
-1.8 12 -0.3115
6.2 12 -24.336
5.4 4 -4.82
-1.8 3.2 -14.305
11.4 3.2 -50.303
3.8 -0.8 -2.8425
-5.8 3.2 -42.22
11.8 -2.4 -25.946
11 10.8 -80.605
3.4 9.6 -5.0749
7.8 -4 -1.7366
6.2 3.2 -10.977
2.6 -4 -9.0327
10.2 8.8 -57.536
5.8 -2 -1.3123
10.2 -1.2 -24.273
-5.8 10.4 -16.386
8.6 -5.6 -8.3098
-3.8 -2 -46.685
9.8 9.2 -57.91
10.6 1.2 -26.748
1.4 4.8 2.6218
5.4 -7.6 -7.3562
-6.6 8.8 -33.052
9.8 -4.4 -13.733
-1 5.6 -5.5905
-5 -1.6 -57.026
9 7.2 -43.023
7.8 -6.8 -1.4994
10.6 -5.6 -9.8916
9.8 3.2 -31.386
7.4 -2.4 -7.3272
7.4 -6.8 -6.6604
11.8 9.2 -78.102
-5.8 2.8 -48.373
1 11.2 -0.83708
4.2 -1.2 4.0185
10.6 9.2 -62.677
5.8 -2.8 -1.7169
12.2 7.6 -78.202
11.8 6 -68.034
3.4 3.2 1.4641
-5.4 -3.6 -75.457
-6.2 5.6 -37.076
-6.6 4 -43.259
2.6 -3.6 -9.8012
0.6 2 -8.5404
10.2 3.6 -35.222
7 -2 -2.1779
-5.8 -6.4 -93.118
11 -6.8 -14.598
10.6 0.4 -33.237
-6.2 -2.8 -73.616
9.8 0.8 -24.346
10.2 8.4 -56.674
6.2 0 -1.805
-0.6 -7.6 -31.061
9.4 -2.4 -15.083
1.4 -3.6 -13.176
-3.8 -2.4 -49.704
-0.6 -7.2 -30.452
3 3.2 0.28255
5 -6 -1.8668
-2.2 -1.2 -28.176
7.4 1.2 -12.163
-2.2 1.2 -17.273
2.6 -0.4 -0.67996
-6.2 8 -29.657
-2.6 12 3.3234
-5 7.6 -15.996
-5 7.2 -21.066
3.8 6.4 -3.2818
9 1.2 -18.841
1.8 7.2 -3.4488
1 -6 -14.687
5 -5.6 0.23662
-3.4 3.6 -21.92
1.4 -5.2 -12.684
-5.4 1.2 -50.25
13 9.2 -92.85
4.2 2.8 -4.6625
1.8 5.6 -1.2857
-2.2 -0.8 -21.019
12.2 2.8 -54.669
-1.8 1.6 -17.612
-4.6 -6.4 -74.325
-2.6 8 -8.0216
1.4 -7.6 -23.393
-3.4 6 -14.808
-5.8 11.2 -12.164
1 -0.8 -5.6911
-1 2.4 -8.0036
0.6 10.4 1.0681
0.6 -3.6 -10.393
8.2 3.6 -19.346
