-3 7.2 -13.847
13 -5.2 -30.14
3.8 -6.4 -4.906
11 -3.2 -23.29
1 5.2 -0.95058
7.8 5.6 -28.073
-5.4 -3.2 -64.084
8.2 -6.4 -2.2297
2.6 5.6 5.9669
1.8 7.6 0.75981
8.2 -1.6 -12.539
6.6 1.2 -6.3262
10.2 7.2 -49.682
-4.2 8.8 -13.063
1 -0.4 -3.7629
0.2 2.4 -0.92524
6.2 -5.2 -2.8471
2.6 2.4 -4.908
9.4 4.8 -34.258
5.4 9.6 -17.152
1 -3.2 -8.8595
-5.8 -0.4 -58.061
-1.8 4.4 -9.1914
-4.6 3.6 -29.911
-1.4 -1.6 -22.851
10.6 6 -55.49
-5 12 -8.0315
3 6.8 -8.9942
-0.2 -4 -20.697
1.8 -1.6 -8.1361
11.8 6.4 -69.744
9.8 1.2 -24.633
3 10.8 -7.2517
7 -6.4 0.6985
-2.6 -2.8 -39.49
-4.2 6.4 -19.254
-0.6 -1.2 -17.25
2.6 0.8 -1.7265
1 8 2.7236
9.8 4.8 -37.001
3 10 -1.1874
-5.4 8 -22.795
-4.2 3.2 -26.58
2.6 9.2 -3.6
-0.6 -0.8 -13.102
-3.4 7.6 -9.4794
5 4 -5.2088
9.4 8 -45.912
12.6 -2.8 -35.894
7 5.6 -11.541
0.6 2.8 -7.1957
9 6.8 -36.165
2.2 -3.2 -6.1261
-0.6 4 -2.9452
4.2 -6.4 -1.0547
4.6 3.2 -8.5871
5.4 0.4 -6.2521
10.6 -6.8 -12.684
7.4 2.4 -13.319
8.6 9.6 -44.315
-2.6 4.4 -9.533
10.2 3.2 -28.998
3.4 0.4 3.0053
11.8 12 -99.286
6.2 -2.8 0.99091
1 -5.2 -16.238
0.6 3.6 -3.4908
1.4 -2 -7.4287
3 4.4 -4.9885
4.6 4.8 -3.2247
10.2 4 -41.173
3.4 -7.2 -12.894
1.8 0.4 -2.8085
12.6 2.4 -55.896
8.2 -7.6 -4.9213
-5 -2 -51.827
-1.8 10.8 -4.1631
1 2 1.0373
8.6 7.6 -35.429
-1 11.6 -4.5657
8.6 3.2 -22.393
2.6 3.6 -0.46668
6.2 4.4 -10.043
1.4 -1.6 -4.2252
-0.6 -2.4 -21.464
4.6 -0.8 1.6894
9.8 -6.4 -5.9153
10.2 8 -56.108
3.8 -6.8 -2.0028
5.8 4.4 -17.683
5.4 -2.4 -0.16445
7 0 -7.8586
-2.2 -6.8 -43.995
1.8 6 -4.1995
-0.6 2.8 -11.33
-6.2 -6 -89.495
9.4 -7.6 -2.9114
-2.6 2.8 -20.876
1.4 1.6 -2.339
13 7.2 -84.142
3.8 0 -5.2259
-1.8 4 -9.5074
-0.2 12 -0.57679
1 -2.8 -9.0677
9 -2.8 -7.2036
-5.4 3.6 -31.2
10.2 -2.4 -12.747
10.2 -3.2 -12.098
-5.8 2 -46.193
-3 -3.2 -43.848
-0.6 6 1.9209
0.2 2 -0.082157
-0.6 -2.8 -18.95
10.2 0 -20.88
1 -1.2 -6.3797
6.6 -0.8 -4.5669
8.6 1.6 -12.304
7.8 -4.4 -3.8758
8.2 1.6 -14.274
7.4 3.2 -14.045
-3.4 1.2 -28.239
-1.4 12 -0.8535
-2.2 -6.4 -51.228
9.8 -3.6 -13.88
-4.6 -4.4 -59.883
-2.2 0 -19.889
5 2 -1.787
6.2 8.8 -22.777
4.2 3.6 -3.7808
-2.2 2.4 -19.209
3 11.6 -8.5169
9.8 5.2 -44.913
12.6 -4.8 -26.879
11.4 0.8 -33.652
7.4 -3.2 -11.755
2.2 -1.2 -1.8991
0.2 0.8 -5.4834
12.6 0.4 -47.955
-0.6 10.8 4.5901
8.2 -6.8 -4.9932
7 -6 2.6255
-1 6.8 -1.545
11.4 10 -76.173
-1 4 -7.8454
-1.8 4.8 -6.6887
-4.2 -6.4 -68.872
-3.8 10.4 -11.431
5.8 7.2 -19.501
-1.8 11.6 -1.1126
-4.6 4 -25.746
11.4 6.4 -53.872
3.4 12 -15.555
5 3.2 -4.0809
-0.2 -3.6 -15.254
4.6 4 1.5808
10.2 12 -69.026
-1.4 4 -6.7348
1.8 -4 -11.299
5 6.4 -7.2648
-1.4 11.6 1.5143
-6.2 3.2 -43.38
-6.6 3.2 -49.634
-6.2 0 -65.103
7.8 8.4 -34.686
7.8 1.6 -7.9884
13 8.8 -93.875
-4.6 9.6 -10.859
7.4 -5.2 -9.0728
-5.8 8 -20.967
3 -6.4 -1.8066
1 9.6 0.37393
3 12 -10.95
7 3.2 -17.434
8.2 7.2 -34.088
-3.4 -1.2 -36.606
-5.4 4.4 -36.853
9.8 -6.8 -7.4198
6.2 -0.4 -4.669
-6.2 -7.6 -106.16
9 -3.2 -10.3
5 6 -13.06
-2.6 -4.8 -41.13
10.6 -2 -17.779
11.8 -3.6 -27.102
12.6 4 -66.634
-5.8 0.8 -58.683
0.6 4.4 -0.33463
-0.6 0 -6.2493
4.6 -7.6 -5.1837
-1 -2 -21.896
-5.8 11.6 -9.069
0.2 -2.8 -10.408
5.8 8.8 -18.366
5.8 8.4 -14.319
-4.6 -1.2 -45.173
-3.4 10 -6.1237
-4.2 12 -2.5488
1.4 10.4 -5.3299
1 4.8 -1.2586
-5.8 4.8 -37.285
-1 5.2 -3.1524
-3.4 -5.6 -55.538
11.4 -1.6 -32.032
-3.4 5.6 -13.787
11.4 8 -68.967
-3.8 -4.4 -55.686
-3.4 -3.6 -48.011
7 -2.8 -3.5432
-1.8 -1.6 -23.719
10.2 -2 -24.619
8.2 8.4 -34.028
3.4 -1.6 -7.5104
-6.6 -4 -84.114
1.4 0 -6.0452
11.4 6.8 -67.71
-1.4 3.2 -13.109
2.2 4.4 -8.4807
11.8 -2 -30.833
8.6 5.6 -29.393
7 8.4 -25.57
11.4 3.6 -44.13
-5 0.4 -46.968
-3.8 3.2 -25.025
-3.4 0.4 -32.247
-0.6 -4.4 -26.321
6.6 1.6 -6.3083
-3.8 -5.6 -63.123
3.4 -3.2 -7.1041
11 8 -67.7
-1.4 2 -10.891
9 4.8 -26.403
-4.2 -0.4 -40.746
6.6 4 -11.528
-2.6 0.4 -25.232
6.2 2.4 -2.2216
3.8 7.6 -3.0258
1.8 6.4 -1.3528
-2.6 0.8 -25.998
-6.6 6 -37.766
6.6 2 -11.119
-0.2 9.2 -1.0023
8.6 6.4 -34.303
9.8 8.8 -45.942
0.2 1.6 -7.886
-4.2 -6.8 -74.105
12.6 7.2 -84.458
6.6 8 -19.131
-2.2 0.8 -18.383
2.6 -5.6 -7.6952
-5 5.2 -27.722
-2.6 1.2 -20.901
1.4 2.8 -0.72877
12.6 8 -82.234
-3.8 8.8 -14.105
13 -4.8 -32.292
0.6 -3.2 -20.14
7 -4.4 -7.562
0.2 5.6 -6.1805
-6.2 0.8 -58.934
8.6 -0.8 -12.095
-3 11.2 -1.8532
-6.2 -1.2 -71.347
1.4 2.4 -1.9589
9.8 -2.4 -18.676
-4.2 -7.2 -75.001
3.4 2.8 -4.7699
3.4 -4.4 0.14473
-1.4 -5.2 -34.015
5 8 -16.557
9.4 4 -28.705
2.6 -3.2 -0.98799
-5 11.2 -8.7875
1.8 4 0.1088
7.4 10 -40.06
-1.4 -2.8 -23.15
6.6 -7.6 2.1687
3.4 2.4 0.50938
6.2 2 -9.9845
-2.2 12 -3.2541
7.4 6.8 -19.603
-1 10.4 3.5095
-3 8 -5.4409
-0.2 5.2 -1.8006
-0.6 3.2 -6.2855
10.6 8.4 -62.758
9 5.6 -34.287
4.2 0.4 -2.2229
-3.4 -6.4 -56.282
5.4 9.2 -22.978
8.2 -0.4 -11.091
10.6 -1.6 -19.812
12.6 -6.8 -27.087
-6.6 12 -15.922
8.6 -4.8 -5.8744
11.4 4.8 -59.694
12.2 -2.4 -31.342
0.6 -2 -8.0605
5 0 -6.2819
11.8 -3.2 -23.387
12.2 2.4 -49.912
2.2 5.6 -3.5221
4.2 10.8 -11.794
9.8 10 -63.699
7.4 8.4 -29.704
1.4 -0.4 -11.154
0.6 -7.6 -20.907
3.4 -4.8 -5.5955
8.6 -4 -1.6308
-4.2 5.2 -23.462
-0.2 -2.4 -18.747
9 10.4 -53.019
10.2 2 -30.455
3 9.2 -7.228
4.2 5.2 -4.4606
2.6 10 -2.3197
6.2 -3.6 -0.62308
5.4 6 -6.9937
-3.8 -0.8 -40.278
7.8 8 -35.505
7.8 -2.4 -6.3027
10.6 0 -35.547
4.6 -2.8 1.3651
6.6 0 -5.1018
-6.6 -1.2 -77.739
12.6 -0.8 -53.397
8.2 -2.8 -1.752
1.8 9.2 -2.379
6.2 -2.4 -6.0619
8.6 0.4 -12.505
10.6 2.4 -42.553
9.8 6 -40.48
-2.6 7.2 -12.406
-1.4 11.2 -5.153
-6.2 1.6 -51.592
-0.6 11.6 -1.8822
5.4 -5.2 -0.33949
-3 -6.4 -56.883
-1.8 1.2 -13.775
3.8 3.2 0.43625
10.2 1.6 -23.345
11 -4.4 -13.262
7.8 0.4 -10.725
-1.4 -6 -34.418
-6.2 6.4 -33.03
2.2 10.4 -1.8942
9.8 2.8 -31.091
0.2 7.2 -0.94097
0.6 -0.4 -12.289
-3 -4.4 -43.493
-6.2 -6.8 -96.578
0.2 -6.8 -24.214
1.8 3.6 -3.3699
4.6 7.6 -6.678
-1 0 -12.003
-0.2 -5.2 -24.203
1.8 8.4 2.7892
-3.8 4 -25.056
6.6 10.4 -25.564
11.8 -2.8 -26.918
-5.8 -6.8 -94.897
-6.2 6 -35.333
-3 11.6 -3.8255
10.2 9.2 -55.199
6.2 -7.2 -1.5861
2.2 -5.2 -11.13
-5 -3.2 -64.513
-5.4 -2.4 -60.893
1 -5.6 -18.918
0.6 6.4 4.0617
13 -3.2 -41.068
5 -0.4 -5.1534
11 -1.6 -24.119
-6.2 -3.2 -83.199
5 8.4 -7.2977
-4.6 5.6 -22.86
-5.4 0 -49.894
4.2 1.2 -0.056994
12.2 4.4 -63.168
-0.6 2 -8.996
-5.4 2.8 -40.334
11.8 5.2 -61.723
0.2 -0.4 -9.3506
11.8 -4 -27.18
-6.6 -2.8 -74.508
5.8 -2.4 1.0697
-3.8 1.2 -28.817
9 6 -28.593
3 0 -5.2366
3.4 8 -6.0205
0.2 2.8 -4.2139
2.2 8.8 -3.6296
-2.6 -3.2 -34.739
0.6 5.6 -0.59202
-5.8 2.4 -54.31
-3.8 11.6 -7.1658
13 0.4 -52.038
-6.6 11.6 -19.053
11.8 10.4 -90.821
-0.2 -4.4 -14.913
-2.2 -6 -40.392
6.2 -1.6 -2.8804
2.2 -7.6 -15.925
13 1.6 -54.684
-3.8 10.8 -9.1723
3.4 -6.8 -13.772
-5.4 2 -42.034
-2.6 -2 -32.207
-1.8 8 -0.95634
-0.6 5.6 -1.257
-5.4 -2 -65.855
5 5.6 -4.6346
11.4 -3.6 -20.613
11.4 0 -34.136
-2.2 -3.6 -33.587
6.6 -4.8 -1.7887
-0.6 3.6 -3.9379
3.4 5.6 -3.4004
5.4 1.2 -1.2273
-3 -4.8 -47.45
3.4 2 1.6281
-5.4 8.4 -17.154
-6.2 9.2 -27.302
11.4 -2 -28.638
-1.4 10 5.2878
-4.2 4 -22.507
9 1.6 -16.386
9 3.6 -27.592
4.6 -7.2 1.7485
1 6 1.5765
5.4 2.4 -3.8155
1.4 0.4 -4.9965
4.2 -4.8 -6.4066
-6.2 2 -49.933
-0.6 -4.8 -22.093
-1 12 3.8763
0.6 10 -2.2034
6.6 -6.4 -3.4236
-3 9.2 -6.5731
-1 -6.4 -31.761
-1.4 4.8 -13.186
8.2 10.8 -45.062
5.8 10.4 -21.223
-5.8 -0.8 -60.054
6.6 0.4 -7.5003
10.6 11.6 -79.32
-6.6 -0.4 -64.167
-2.2 6.4 -11.03
13 8 -90.857
1 -4 -13.634
-4.6 12 -0.7661
11.8 10.8 -87.895
5 5.2 -5.5662
-5.4 -1.6 -63.172
0.6 0.8 -11.202
-4.6 10.4 -10.276
1.4 -6.8 -17.163
-1 3.6 -10.058
12.6 5.2 -71.645
11.8 1.6 -45.654
6.2 -4.8 -5.9948
9 10.8 -55.436
6.6 -2 0.38673
12.6 0.8 -42.946
4.2 8 -6.7016
-6.6 0 -59.555
5 0.4 0.88037
-4.2 1.2 -36.475
7 3.6 -10.238
0.2 0.4 -10.789
9 -1.2 -16.487
-4.6 8 -13.277
10.2 -7.2 -6.3842
12.6 -6.4 -23.151
-0.6 7.2 -4.9153
-5.4 -6.8 -84.204
-2.6 4 -9.6273
10.2 -4 -16.032
-4.2 -7.6 -78.526
6.6 -3.6 3.4086
-5.8 4.4 -40.291
9.4 12 -57.401
-1.4 -4 -33.297
0.6 -5.2 -21.082
-1 7.6 -3.8668
11 1.2 -32.117
-6.6 -1.6 -80.844
11 4 -48.867
4.2 9.6 -17.088
-3.4 -7.2 -62.789
10.2 2.8 -37.139
-4.2 4.8 -19.702
11 7.6 -59.154
0.6 6.8 2.4868
-4.2 -5.2 -64.808
-5.8 4 -39.989
-3 2.8 -22.122
1 2.4 -3.1287
-5.4 -4 -76.228
-1.8 6.4 -4.4004
-3 5.6 -17.699
-3 -3.6 -42.471
11 -5.2 -15.166
-2.6 -0.4 -30.176
1 10.8 -0.027152
12.2 3.6 -55.752
-6.6 4.8 -43.818
-4.2 5.6 -23.828
12.2 -7.2 -17.112
-0.2 6 0.24001
13 -0.4 -50.007
12.2 0.8 -44.95
-5.4 -2.8 -60.669
9.4 8.8 -48.239
-5 -4.4 -67.337
11 11.2 -80.97
2.2 -5.6 -12.163
3.8 5.6 0.63838
4.2 12 -18.158
4.6 3.6 0.21465
-5 -6.4 -78.362
11 9.2 -71.556
9.8 -3.2 -7.2228
9 -6.8 -3.4819
-2.2 2 -18.718
9.8 8 -54.765
10.2 4.8 -36.868
-6.6 8.4 -30.887
6.6 11.6 -24.581
1 -3.6 -13.983
-6.2 8.4 -24.172
4.6 6.8 0.050673
10.6 6.8 -52.322
12.2 6.8 -72.857
-6.2 -4.4 -86.178
11 -6.4 -10.23
1.8 -7.2 -7.5537
3 4 0.82051
9.4 6.8 -44.613
12.6 10.4 -95.633
1.4 -6 -13.617
3.8 8.8 -7.0681
-0.2 9.6 3.1092
9.8 -7.2 -10.383
0.2 4.8 2.3807
-2.2 -4.8 -31.579
11.4 -0.8 -38.407
1.4 -2.4 -0.96501
1 5.6 2.4482
5 -2.4 3.6441
-2.2 -5.6 -40.741
0.6 -2.8 -11.678
-1 6.4 4.8432
-3 8.4 -3.7729
-6.6 -7.6 -110.24
-1 -4.4 -23.018
4.6 0.4 2.3248
4.6 6.4 -4.0502
10.6 -4.8 -14.156
6.6 -4 -4.044
8.2 4.8 -19.55
5.4 7.2 -11.508
-1 7.2 -4.7398
9 8 -43.37
-3 0.8 -29.822
0.6 -4.4 -14.764
1 2.8 -0.042524
3.4 4.8 -7.9765
-4.6 -2.4 -52.316
-1.8 2.8 -13.091
11 -0.8 -32.612
-6.6 5.2 -40.201
9.4 10.8 -59.306
-6.6 8 -32.985
4.2 -7.6 -7.3838
-5.8 3.6 -43.425
6.6 -6.8 -1.205
13 6.8 -82.575
5 -3.6 -3.1415
-4.2 10.8 -4.8452
13 11.6 -111.92
10.2 5.6 -43.959
9.4 -5.2 -9.8011
6.2 1.2 -8.7397
4.2 -1.6 -0.70359
10.2 -5.2 -8.287
6.2 8.4 -18.629
7.4 -0.4 -9.2593
-1.8 10.4 3.3178
3 8.4 -11.012
-5.8 9.2 -21.052
5.8 12 -28.272
-3 9.6 -6.2025
-5.4 8.8 -17.778
-1 0.4 -10.351
2.6 -6.4 -5.8296
-1.4 -4.8 -29.621
7.8 -1.6 -9.5435
6.6 2.4 -7.3429
-0.2 10 7.2215
6.2 2.8 -8.8115
12.6 -1.6 -41.076
-6.6 -6 -104.46
3 -6 -7.4986
5 2.8 -9.0396
-5.8 0.4 -52.507
6.2 -7.6 -0.75581
13 4.8 -74.254
2.2 2.4 -0.36908
0.6 11.2 -3.484
10.6 12 -75.65
-6.6 -4.8 -97.42
3.4 0 -2.6377
10.6 7.2 -53.155
9.8 -7.6 -10.01
-1.4 -0.8 -16.836
12.6 -7.2 -25.403
8.2 -4.8 -8.2938
-2.6 -1.6 -34.922
1.4 -1.2 -4.8294
4.2 -7.2 -8.1353
-2.2 4.8 -6.021
11.8 8.8 -71.248
-0.2 6.8 5.7051
-2.2 -2 -21.62
13 0 -52.04
1 7.2 -3.931
3.4 11.2 -6.6718
-6.2 10.4 -25.561
1.4 -4.4 -9.5845
-5 6 -24.358
-3.8 4.8 -27.235
-2.6 11.2 1.1676
-5.8 -2.8 -75.59
0.2 -6.4 -21.762
-5.4 -7.6 -94.242
7.4 7.2 -26.174
10.6 -0.4 -30.603
10.2 -4.4 -14.143
2.6 7.2 -6.4196
10.6 4 -41.78
4.6 -6.4 -8.991
-2.2 10 -7.0288
7.4 6 -19.768
3 1.2 2.9299
-1.4 1.6 -12.695
-2.2 3.2 -17.13
3 -4 -4.4533
-3.4 -2.4 -45.24
9.8 -1.2 -16.968
5.4 12 -26.504
8.2 2.4 -21.803
9.8 7.2 -47.272
1.8 0.8 0.071529
12.2 -6.8 -21.366
5.4 -4.4 -4.0012
5.8 6.4 -7.4769
11.8 4.8 -56.525
3 0.8 -3.6771
6.2 -6.8 -1.2239
-1.4 -6.4 -42.003
3.8 -4 -12.26
-5 -1.2 -51.693
-4.2 -2 -44.236
2.2 12 -2.4797
-3 0.4 -23
-5.4 3.2 -36.018
11.8 7.6 -79.611
11 -4.8 -20.835
3.8 3.6 -0.077989
-6.2 7.2 -24.473
2.2 1.2 2.6248
-3 -5.2 -50.894
3.8 -7.2 -5.5521
13 -6.4 -21.382
11 -0.4 -30.677
-1 -3.2 -25.684
6.2 -2 -4.6651
-4.6 -3.6 -60.841
2.2 10.8 -2.2952
7.4 -7.2 -1.3605
9.4 -4.4 -6.9238
12.2 -4.8 -21.857
-4.2 -6 -68.465
-0.6 11.2 8.9213
-3.8 8.4 -8.8084
8.2 3.2 -17.542
9 9.6 -48.163
-2.2 8.4 -1.9163
1.8 1.2 -3.5759
-6.6 2.8 -51.232
10.6 4.4 -45.788
2.6 1.6 3.0361
11.8 -6 -16.505
2.2 11.6 -0.12127
8.2 10.4 -41.481
0.2 -3.2 -14.639
11.4 -7.6 -16.264
11.4 5.6 -57.266
7 4.8 -21.261
3.4 4 -3.9793
-1.4 10.4 1.7034
-0.2 8.8 3.056
3.8 10 -14.031
5 -2.8 -5.2333
-2.6 -6.4 -52.348
1 8.4 -2.5965
-2.6 10.4 0.50493
11.4 12 -91.254
13 -2.8 -41.01
7.8 -3.2 -14.22
2.2 0.4 -1.3184
8.2 -2.4 -4.6306
-3 2.4 -16.077
5.8 -4.8 -1.1759
6.6 2.8 -7.569
3 2.8 -0.69016
-3.8 2.8 -27.213
12.2 6 -65.069
3.4 -7.6 -8.5004
-6.6 -2 -78.737
10.6 2 -41.945
-6.6 0.4 -60.243
-2.2 7.6 -9.4834
4.2 -0.4 0.91565
7.4 1.6 -6.9135
-3 -0.4 -27.225
4.6 5.2 -7.4891
2.6 -1.6 -10.054
5 -1.6 -3.1763
4.6 1.2 -1.9623
-3 5.2 -9.4143
0.6 3.2 -1.9987
13 3.2 -68.873
-3 -2.8 -39.099
4.6 9.2 -10.388
10.6 -2.4 -24.196
2.6 8.4 2.4748
0.2 4.4 -6.6557
8.6 4.4 -27.461
4.2 -6.8 -4.8448
9.8 -2 -18.165
7.8 11.6 -37.673
7.8 -5.2 1.8504
1.8 -7.6 -12.861
13 8.4 -98.61
9.4 6 -31.454
-1 -3.6 -27.407
-1.4 9.6 -2.5349
3.4 -5.6 -8.695
-5 6.4 -22.304
6.6 0.8 -6.1525
0.6 -6.8 -21.992
9.8 10.4 -56.374
8.6 -1.6 -9.7209
-6.2 -5.2 -83.895
5 4.4 -5.2697
11 7.2 -64.951
1 9.2 2.2436
9 4 -19.848
11.4 -6.4 -17.161
-2.6 3.2 -13.745
-3.8 -6.4 -68.677
-5.4 0.4 -43.083
-3.4 2.4 -23.646
-5.8 1.6 -48.877
1.4 0.8 0.69931
-1 2 -10.703
-1 10 4.729
10.6 -0.8 -25.597
9 -4.4 -8.0734
3.8 8 -2.8092
-5.4 -0.8 -57.003
4.2 -5.6 -1.0874
-5.8 -3.6 -67.461
-0.2 -5.6 -23.033
9.4 -3.6 -11.59
2.2 3.2 -4.1102
-5.8 6.8 -27.733
6.2 -0.8 3.3898
7.4 9.2 -31.488
-2.6 9.6 -8.5218
4.6 9.6 -13.116
-6.6 9.6 -25.283
1.8 2 -1.0411
11.8 2.8 -49.226
0.6 8.8 -0.68024
3.8 6.8 -6.265
1.4 5.6 2.7469
3 -5.2 -8.0373
3.4 -1.2 -0.7079
0.6 9.2 2.3826
-5.8 -5.2 -84.359
-4.2 9.2 -9.4149
12.2 12 -104.37
7 11.2 -33.538
-6.2 11.6 -13.515
4.6 -1.6 0.21073
-2.6 6.8 -9.3881
7 4 -9.4543
1.4 -2.8 -10.48
-6.6 2 -59.334
11.4 -4.4 -16.468
7.8 -7.2 -0.54743
-4.2 0.4 -39.096
7.4 -6 -6.2101
4.6 5.6 -8.867
7 4.4 -13.541
-5.4 1.6 -49.635
-0.2 5.6 -1.4786
-4.6 8.8 -14.122
1.4 9.2 -4.849
4.2 2 -4.4646
8.6 5.2 -26.186
7 2.4 -13.913
2.2 -1.6 -3.7209
-1.8 -5.2 -35.044
2.6 -1.2 0.65693
-5 0 -51.839
5.4 -4.8 -2.7964
8.6 11.6 -52.99
13 9.6 -99.324
8.6 -5.2 -5.4078
-3.8 -0.4 -33.116
6.2 6.8 -20.551
4.6 -2.4 0.2288
3.4 10.4 -6.0748
5.8 1.6 -9.1301
-4.6 1.6 -36.649
13 -5.6 -27.086
3.8 4.4 0.005337
9.8 6.4 -38.589
6.6 5.6 -15.214
-3.8 9.2 -12.266
5.4 -2.8 -3.6265
8.6 -3.2 -5.94
-5 2.4 -38.136
10.2 11.2 -74.685
-5.4 4.8 -29.733
7.4 5.6 -24.198
0.2 10.8 -1.7795
-3.4 -4 -47.251
-2.6 -5.6 -41.601
7.8 1.2 -13.784
-5.4 11.2 -13.275
-3 -5.6 -50.412
7 7.6 -24.027
-3.4 11.6 -0.57543
10.2 -6.8 -8.025
7.8 12 -44.678
12.2 1.6 -46.916
9 -4 -13.603
2.2 6 4.3798
4.6 -5.2 1.462
-5 9.6 -16.882
-5.4 5.2 -32.016
3 -2.8 -5.6421
1 4 -5.85
-4.6 -0.8 -48.672
5 1.2 -3.0612
-3.4 -4.8 -53.257
-2.2 3.6 -9.9704
-5 -4 -67.767
7 11.6 -33.62
10.6 5.6 -49.709
2.6 4.8 -4.1506
5.8 -3.2 -2.8615
-3 3.2 -25.704
-4.2 2 -30.321
2.2 -2 -4.8846
12.6 -2.4 -38.746
11 0 -34.688
2.2 2 -8.5775
8.2 8.8 -28.906
10.6 10.8 -75.025
9.4 -4.8 -6.9622
0.2 3.2 -8.1894
-1.4 5.2 -5.5153
-3.8 -5.2 -51.964
7 2.8 -13.188
8.6 0.8 -14.419
-0.6 9.6 5.0308
8.6 2.8 -21.938
3.4 -0.8 -8.9148
-3.8 10 -9.4432
-1.4 0 -18.825
7.4 -4 -0.10566
-1.8 0.8 -13.468
-6.6 4.4 -44.664
5.4 -1.6 -4.1176
11 10 -67.491
6.2 6.4 -14.7
-5.8 12 -12.354
5.4 10.8 -21.497
-6.6 -5.6 -99.482
-2.2 -4 -36.244
1.8 -4.8 -13.834
11.4 -1.2 -30.201
0.6 1.6 -8.1811
-5 -0.4 -53.555
13 -7.6 -19.135
10.6 9.6 -65.596
-3.4 11.2 0.87154
-1.8 12 -0.3115
6.2 12 -24.336
5.4 4 -4.82
-1.8 3.2 -14.305
11.4 3.2 -50.303
3.8 -0.8 -2.8425
-5.8 3.2 -42.22
11.8 -2.4 -25.946
11 10.8 -80.605
3.4 9.6 -5.0749
7.8 -4 -1.7366
6.2 3.2 -10.977
2.6 -4 -9.0327
10.2 8.8 -57.536
5.8 -2 -1.3123
10.2 -1.2 -24.273
-5.8 10.4 -16.386
8.6 -5.6 -8.3098
-3.8 -2 -46.685
9.8 9.2 -57.91
10.6 1.2 -26.748
1.4 4.8 2.6218
5.4 -7.6 -7.3562
-6.6 8.8 -33.052
9.8 -4.4 -13.733
-1 5.6 -5.5905
-5 -1.6 -57.026
9 7.2 -43.023
7.8 -6.8 -1.4994
10.6 -5.6 -9.8916
9.8 3.2 -31.386
7.4 -2.4 -7.3272
7.4 -6.8 -6.6604
11.8 9.2 -78.102
-5.8 2.8 -48.373
1 11.2 -0.83708
4.2 -1.2 4.0185
10.6 9.2 -62.677
5.8 -2.8 -1.7169
12.2 7.6 -78.202
11.8 6 -68.034
3.4 3.2 1.4641
-5.4 -3.6 -75.457
-6.2 5.6 -37.076
-6.6 4 -43.259
2.6 -3.6 -9.8012
0.6 2 -8.5404
10.2 3.6 -35.222
7 -2 -2.1779
-5.8 -6.4 -93.118
11 -6.8 -14.598
10.6 0.4 -33.237
-6.2 -2.8 -73.616
9.8 0.8 -24.346
10.2 8.4 -56.674
6.2 0 -1.805
-0.6 -7.6 -31.061
9.4 -2.4 -15.083
1.4 -3.6 -13.176
-3.8 -2.4 -49.704
-0.6 -7.2 -30.452
3 3.2 0.28255
5 -6 -1.8668
-2.2 -1.2 -28.176
7.4 1.2 -12.163
-2.2 1.2 -17.273
2.6 -0.4 -0.67996
-6.2 8 -29.657
-2.6 12 3.3234
-5 7.6 -15.996
-5 7.2 -21.066
3.8 6.4 -3.2818
9 1.2 -18.841
1.8 7.2 -3.4488
1 -6 -14.687
5 -5.6 0.23662
-3.4 3.6 -21.92
1.4 -5.2 -12.684
-5.4 1.2 -50.25
13 9.2 -92.85
4.2 2.8 -4.6625
1.8 5.6 -1.2857
-2.2 -0.8 -21.019
12.2 2.8 -54.669
-1.8 1.6 -17.612
-4.6 -6.4 -74.325
-2.6 8 -8.0216
1.4 -7.6 -23.393
-3.4 6 -14.808
-5.8 11.2 -12.164
1 -0.8 -5.6911
-1 2.4 -8.0036
0.6 10.4 1.0681
0.6 -3.6 -10.393
8.2 3.6 -19.346
0.6 -2.4 -16.889
1.8 10.8 1.0231
10.6 -4 -9.9354
5.4 10.4 -19.048
-6.6 10 -23.293
9.8 -4 -11.78
-0.2 -4.8 -16.62
-5.8 -5.6 -87.877
5.8 5.6 -18.297
7.4 -4.4 -5.8494
-3.8 -4 -61.224
6.6 -2.8 4.0459
0.2 11.6 3.1606
11.8 1.2 -48.343
-0.6 -6.4 -34.15
-0.6 8.4 4.2427
3.8 6 -4.4604
7 10.4 -30.558
11.8 -5.6 -14.062
-6.2 2.4 -49.163
11 4.8 -52.934
3 -6.8 -3.4552
3.8 9.2 -5.6306
5.8 2.8 -4.1092
11.4 -7.2 -8.1663
-4.2 6.8 -17.052
-0.2 -2 -20.746
-4.2 7.2 -18.879
-3.8 3.6 -20.58
7 -4.8 -1.5623
12.6 -3.2 -41.168
8.2 5.6 -24.339
-6.6 9.2 -25.068
5.8 8 -17.558
3 9.6 -2.7761
5.4 11.6 -18.93
-1.4 -7.2 -38.57
0.2 -7.6 -32.856
2.2 9.2 3.5971
7.8 5.2 -25.245
11.4 5.2 -58.256
9.8 4.4 -40.225
10.2 7.6 -47.98
4.2 6.8 -3.3315
9 9.2 -47.197
-4.2 -2.8 -49.247
7.8 7.6 -31.841
1.4 10.8 -2.0739
3.8 -2.4 -1.657
8.6 8.4 -39.264
-1.8 -5.6 -39.566
7 6.4 -21.577
7.8 11.2 -40.922
11 -3.6 -20.965
8.6 2.4 -17.464
7 9.2 -28.44
8.6 -2.8 -9.2215
2.6 1.2 -0.88436
-6.6 7.2 -38.618
-1 8.8 3.6499
-6.6 -5.2 -98.857
-5 -0.8 -52.242
4.2 7.6 -7.4035
4.6 11.2 -16.041
1 12 2.5109
8.2 0.4 -13.883
4.6 1.6 -0.34267
-6.2 12 -18.663
-0.6 1.6 -8.0955
6.2 0.8 -4.6639
3.4 -2 -2.4561
4.2 6 -3.8572
4.6 -4.4 -2.2832
5 -4.4 2.6122
0.2 8.4 0.2834
7.8 9.2 -29.98
2.6 2 4.5596
-5 -6.8 -73.841
3.4 -5.2 -5.9886
11.8 0.8 -44.313
-3.4 6.4 -14.321
3.8 2 2.7464
-1 6 -11.022
7 -7.2 -3.0239
3.8 11.6 -17.025
-2.6 6 -8.5266
3.8 0.4 2.5477
1 4.4 -4.2777
-3 -6 -50.992
9.4 -1.6 -19.209
12.2 -4 -24.807
9.4 -4 -11.306
9.8 4 -29.753
7.8 -6 -3.0988
-1.4 -2 -23.788
6.6 11.2 -32.548
-3.8 -1.2 -38.425
9.8 10.8 -59.07
8.2 -3.6 -1.3713
8.6 10.4 -44.263
-6.6 3.6 -48.955
2.2 -4 -10.874
11.4 2 -39.473
9.4 8.4 -52.36
-5.4 10 -14.415
-2.2 8 0.67496
9.4 7.6 -39.921
7.8 -7.6 -0.17136
-3.4 8.8 -3.8374
-5.4 7.2 -21.733
11 -7.6 -11.148
-6.2 -0.4 -63.164
7.4 3.6 -20.151
-2.2 10.8 3.553
-2.2 1.6 -17.957
-2.2 4 -15.141
-2.6 -6 -49.834
-3.4 -0.8 -29.361
11 3.2 -45.349
6.2 7.6 -13.978
3.4 -6.4 -1.7459
1.8 -3.2 -6.4282
7.4 6.4 -18.619
-2.2 6.8 -7.913
10.6 -3.6 -13.967
2.6 -7.2 -12.126
3 -0.8 1.4849
-0.6 -5.6 -26.024
9.4 6.4 -39.546
13 2 -63.468
-1.8 5.6 -7.8634
10.6 -6.4 -11.82
-1.8 2.4 -12.799
7 -3.6 -2.1285
9 -4.8 -11.363
1.4 11.6 -8.3949
9.4 11.2 -65.413
5.4 11.2 -28.163
3.8 -0.4 -0.057643
-1.4 3.6 -8.2735
7.4 2 -13.143
7 6 -21.553
6.2 1.6 -1.9464
-1 -1.2 -20.294
4.6 -2 -4.0651
3.8 1.2 -1.8987
-5.4 -4.4 -74.924
8.6 8.8 -42.542
11 3.6 -41.743
4.2 -3.6 -4.229
9.4 2 -28.467
-5 3.2 -32.52
3.8 -3.6 -10.964
12.6 7.6 -85.508
-6.6 11.2 -21.067
9.8 5.6 -44.279
4.2 6.4 -6.5387
-6.6 -2.4 -75.43
-6.2 -2 -73.504
11 -2 -24.515
11 5.6 -49.475
1.4 9.6 2.67
9 11.6 -56.926
12.2 9.6 -87.015
-6.2 -2.4 -73.359
-4.2 -1.6 -49.63
7.4 -7.6 -4.6771
6.2 11.2 -21.164
-1 9.2 -3.908
-1.4 2.8 -8.4142
8.2 -3.2 -8.5596
7.4 8.8 -33.992
-1 -1.6 -21.67
-6.2 7.6 -34.593
8.6 11.2 -52.422
11.8 11.6 -100.74
-4.6 -7.2 -84.617
1.4 -5.6 -15.21
11.4 6 -55.899
8.2 8 -33.308
9 4.4 -25.646
3 -4.4 -1.131
5 8.8 -15.918
11.4 2.4 -44.277
-3 0 -23.101
-1 -2.4 -23.544
13 10.4 -108.75
-1.4 -4.4 -33.594
3 8.8 -3.0641
-2.2 -3.2 -33.762
4.6 -1.2 2.1626
3.8 -5.2 -1.0164
-1 -6 -27.933
4.2 1.6 -1.3215
-5 -2.8 -58.688
11.4 2.8 -41.748
-3.4 10.4 -6.8503
7.4 7.6 -25.304
-4.6 6.4 -22.107
-4.6 -2 -52.836
8.6 6.8 -29.73
10.6 -1.2 -20.106
3 0.4 0.48978
0.6 -5.6 -22.324
-3 10.4 -1.4027
-0.6 1.2 -10.323
-3.4 0 -35.349
-0.2 -6 -28.405
-3.8 2.4 -23.759
-2.2 4.4 -14.885
5 -4 1.5599
3.8 2.8 -1.2223
1 7.6 0.49571
11.8 -1.2 -35.615
8.6 -3.6 -7.3652
2.6 -2.4 -2.7606
9.4 4.4 -35.147
-1.4 8 -2.4108
6.6 6.8 -22.477
2.2 6.8 -2.0923
-4.6 7.2 -15.334
1.8 6.8 -1.2243
3.8 10.4 -8.3086
-4.2 11.6 -3.4474
-2.2 -4.4 -37.783
5.4 -6 -3.2463
-3.8 -2.8 -50.751
-3.8 5.6 -20.035
5.4 3.6 -10.418
9.8 -0.4 -24.831
12.2 6.4 -78.218
13 2.8 -70.292
-0.6 4.4 -1.2753
-3.4 5.2 -16.24
8.2 9.6 -39.68
2.6 2.8 -3.4835
2.2 -2.4 -3.4258
-4.6 8.4 -19.666
-2.2 -2.8 -33.758
7.4 11.2 -36.631
8.6 0 -15.172
11 2.4 -42.054
-2.6 -2.4 -29.338
-0.2 2 -9.0379
-0.2 0 -10.903
-3.4 9.2 -6.1499
1 -4.4 -14.683
6.2 6 -12.231
5.8 9.2 -19.272
-5.8 -4.4 -77.975
1 10 2.8186
7.4 -1.6 -1.7418
-1 -4.8 -26.007
-0.6 7.6 6.9664
-2.6 2.4 -20.286
7.8 9.6 -31.801
9 -6.4 -8.4464
5 -7.6 -0.58433
5 11.2 -18.164
1 0.4 -13.803
-3.8 -6.8 -63.595
12.6 -3.6 -36.615
3 5.2 1.4048
5 10 -21.339
-0.6 2.4 -4.8621
5.8 7.6 -14.485
11.4 7.2 -67.812
3.4 11.6 -9.0357
-6.6 1.2 -52.048
8.2 6.8 -33.163
3.4 1.2 5.9049
-3.4 1.6 -30.527
-5.4 -5.6 -85.155
12.6 4.4 -67.807
-2.6 5.6 -11.254
5.4 8 -11.046
8.6 -7.6 -1.4822
-2.2 0.4 -23.878
9.8 11.6 -64.743
-2.2 5.6 -10.83
12.6 6.4 -73.307
7.4 2.8 -8.8926
-3.4 4.8 -13.496
4.6 8.4 -3.7071
-6.2 5.2 -34.901
12.6 6 -76.996
10.2 0.4 -29.407
0.6 11.6 3.399
7.8 10 -39.482
8.6 4.8 -28.933
12.2 5.2 -67.226
1.4 6.4 1.3149
2.2 -6.4 -15.471
-2.6 -7.2 -50.854
-0.6 8 -0.099207
10.6 5.2 -48.933
-3 -2.4 -35.004
11.4 -5.2 -19.952
6.6 -1.2 2.2109
-6.2 10.8 -22.243
-6.2 -1.6 -72.788
-1.8 -4 -34.918
1.4 7.2 -5.6156
-4.2 3.6 -24.869
-5.8 9.6 -21.088
9.4 10.4 -60.357
5 -3.2 -1.4517
-6.2 11.2 -16.657
-4.6 -4.8 -68.5
8.6 -6 -2.9578
12.6 3.2 -63.435
-3.8 6 -19.079
10.2 -3.6 -11.041
-0.2 10.8 -3.9939
7 1.2 -6.5255
1.8 -6.4 -11.495
6.2 -4.4 1.4614
3 7.6 -1.7991
9.4 -2.8 -18.272
10.6 -7.2 -11.828
4.2 -2.8 0.39499
9 8.4 -43.914
3 11.2 -9.0983
1.4 6 4.0882
2.6 12 -13.639
-3.4 -3.2 -44.641
5.8 4.8 -6.2873
-6.2 1.2 -51.501
0.2 -5.6 -20.692
12.2 0 -46.418
1.8 -0.4 -0.78961
6.2 8 -12.392
0.6 -4.8 -17.7
7.8 -1.2 -7.2621
-0.2 0.8 -8.6365
0.2 7.6 0.64955
-6.2 -3.6 -79.115
0.2 -5.2 -14.636
5.8 3.2 0.35582
-5.8 7.2 -25.802
-4.6 2.8 -27.483
-2.6 4.8 -9.2125
6.6 4.8 -13.306
9.4 -0.4 -16.005
3.8 5.2 -3.969
5 2.4 1.5202
1.8 -2.8 -9.9544
13 1.2 -55.835
5 11.6 -20.767
11.8 8 -72.841
7.4 4.4 -17.911
-5 -2.4 -64.702
8.2 4.4 -21.853
9 -7.2 -6.3209
11.8 -6.4 -14.158
-6.6 -3.2 -86.584
9 0.4 -13.84
11 5.2 -53.426
-3 10.8 0.30471
2.2 9.6 -5.6114
2.6 11.2 -6.1366
12.2 -2 -32.44
1 11.6 -1.8735
12.6 1.2 -52.051
5.8 -4 -3.217
-2.6 0 -27.793
-3 12 -3.7642
-3.4 -2.8 -43.119
0.2 5.2 0.24333
-4.6 4.8 -26.169
-0.6 4.8 -5.6604
12.6 9.6 -98.248
4.2 -3.2 -3.602
10.6 4.8 -47.711
5.8 -1.2 0.51743
9.8 -6 -13.622
9 -3.6 -8.4839
7.4 -2 -4.298
-6.2 4 -43.282
5.8 -4.4 1.5787
2.6 10.4 -6.0909
-4.6 11.6 -6.6806
0.2 12 -1.678
3.4 5.2 -3.3129
-1.8 7.2 -0.14543
9.8 9.6 -52.038
-0.2 8 -2.7487
-1.8 -4.4 -31.584
-0.6 -4 -26.862
4.6 2.8 -3.1449
3.8 -5.6 -5.009
-5 8 -20.968
6.6 -0.4 -0.73213
7.4 -6.4 2.6064
9.4 1.2 -19.337
5 6.8 -15.322
-1.8 -3.6 -27.216
-5.8 -7.6 -93.966
-3.4 4.4 -19.418
1.8 3.2 -5.1589
1 10.4 3.108
8.2 -7.2 -1.5279
-1.4 6 -7.7723
-3.8 1.6 -30.373
3.4 -6 -6.3292
3.4 6.4 -0.57458
-6.6 -6.8 -107.13
1 1.2 -1.7563
11.4 9.6 -80.172
-5.8 6.4 -34.892
-4.6 -5.2 -67.352
9.8 11.2 -70.507
-5 11.6 -5.6216
8.2 7.6 -37.006
1.4 10 -2.5304
5.4 7.6 -12.009
-4.2 -3.6 -63.583
2.6 -2.8 -2.2144
4.6 -3.2 0.80348
7 0.4 -6.3593
-5.4 10.8 -16.887
3.4 7.2 -5.6408
-1.8 -6.4 -39.73
11 6.8 -56.318
6.2 -6 4.5007
-4.6 2.4 -36.431
2.2 7.6 -3.3456
0.2 11.2 -0.80736
-0.6 12 0.071297
7.8 0 -11.476
-0.6 -3.2 -23.941
3.8 10.8 -13.032
9 -5.6 -6.8145
-5.4 9.2 -18.376
9 3.2 -30.825
5.4 -6.4 -2.998
-4.2 9.6 -12.121
9 -2.4 -10.183
8.6 -2.4 -10.123
-5 -7.2 -85.809
11 11.6 -80.678
-5.8 7.6 -26.915
-6.6 10.8 -17.461
6.2 10 -21.285
12.2 10.8 -94.603
11.8 3.6 -53.045
7.4 5.2 -12.781
-2.6 6.4 -10.094
-0.6 6.8 6.5068
-2.2 -0.4 -27.428
8.6 -1.2 -9.9691
-5.4 -6.4 -83.793
5.8 -7.2 -0.48459
0.2 6.8 -4.04
10.2 2.4 -29.109
2.6 0 -1.1832
-3.4 4 -21.623
4.6 -4.8 -0.44518
11 -2.4 -26.062
7.8 -0.8 -9.7932
11.8 7.2 -65.264
1.8 -2 -4.9182
2.6 4.4 -5.1788
10.2 1.2 -25.848
4.6 2.4 0.97557
3.8 12 -9.4568
6.2 -6.4 0.93484
5.8 5.2 -11.696
5.4 8.4 -12.697
-5.4 4 -35.099
-1.8 0.4 -13.989
13 2.4 -58.611
1.8 10 0.93431
5 9.6 -14.418
9.8 -5.2 -15.313
-2.6 5.2 -13.363
12.2 -1.6 -29.055
-0.2 -0.4 -12.593
11.4 -2.4 -27.987
3 -3.2 -5.6648
1.8 12 -4.0299
7 -4 -0.49906
1.8 -3.6 -11.12
0.2 -1.2 -8.723
7 9.6 -30.364
11.4 -6 -18.825
11.4 11.6 -88.672
13 -3.6 -38.351
5.4 0.8 -5.6081
1.4 -4 -8.7431
-0.2 7.6 4.1983
-0.6 -6.8 -29.737
4.6 10.8 -18.245
8.6 10 -46.717
9.4 10 -60.902
-3.8 -7.6 -70.428
4.6 -6.8 -6.844
-3 4.8 -15.61
12.6 8.8 -91.138
9.8 -1.6 -12.059
-3.4 -5.2 -52.072
-0.6 9.2 2.7007
4.6 -3.6 6.9301
1 -1.6 -6.86
12.6 1.6 -54.385
0.2 -4.8 -21.154
-0.6 0.8 -10.65
12.2 -5.6 -25.235
11.8 -0.8 -36.909
1.4 12 0.33896
-1.4 1.2 -10.904
-5 8.8 -14.974
11.8 3.2 -49.332
10.2 10.8 -71.018
7.8 6.4 -24.056
0.2 -2 -8.1826
10.2 -0.4 -19.311
10.6 -5.2 -17.094
10.6 10.4 -66.123
5.4 2.8 -5.7659
2.6 -0.8 -5.1496
-4.6 0.4 -37.075
7.8 8.8 -30.495
-2.6 3.6 -13.586
3.4 4.4 -0.36478
9.4 -3.2 -7.7472
4.6 11.6 -20.985
1.8 10.4 0.13047
12.6 10 -99.891
2.6 8 5.3638
9 0.8 -16.671
-2.6 -4 -40.171
11.8 4.4 -57.349
-6.6 0.8 -66.278
12.2 -0.8 -35.4
3.4 3.6 5.6398
9.4 9.2 -51.451
4.2 2.4 -2.5594
7.8 6 -26.988
4.2 7.2 -6.7368
7 12 -38.775
-5 5.6 -23.333
0.2 -3.6 -15.017
-5.8 -7.2 -95.116
12.2 -5.2 -21.022
6.2 9.6 -23.98
-0.2 -7.6 -29.411
9 0 -16.606
10.6 2.8 -33.075
5 7.6 -16.155
-0.2 -7.2 -28.87
-1 0.8 -15.158
5 -6.8 -1.2621
-3.4 -0.4 -32.223
-5 1.6 -34.299
5.8 10.8 -22.903
9.8 -2.8 -12.991
0.2 6 0.041032
13 5.6 -72.635
-3.4 9.6 -9.8642
6.2 -3.2 -4.8436
3.8 9.6 -5.7916
5.8 9.6 -17.464
13 3.6 -74.276
0.6 -6 -15.889
11.4 1.6 -43.545
1.4 1.2 -4.7027
-3.4 6.8 -14.57
1.4 4 0.82186
0.6 5.2 -5.6386
9 10 -51.514
12.2 1.2 -49.282
-5.4 12 -9.7117
5.8 -3.6 3.1446
-3 8.8 -5.975
12.6 11.6 -106.61
-5.4 -0.4 -55.481
-3.4 8.4 -11.388
10.2 -5.6 -10.709
10.2 -4.8 -13.227
-2.2 -7.6 -47.708
1.8 4.4 -1.019
1.4 8.4 -3.7814
4.2 -4.4 -5.1077
-1.8 -0.8 -27.246
8.6 -7.2 2.5097
7.4 8 -27.598
-4.6 5.2 -16.082
1 1.6 -2.4768
-3 6 -9.3896
2.2 -0.4 -5.4436
13 -7.2 -25.656
-1.4 -2.4 -24.035
12.6 9.2 -85.444
1.4 3.2 4.5895
-3 -1.6 -30.314
1.8 -6 -14.936
8.2 0 -13.78
7.4 11.6 -36.858
5.8 -6 2.429
11 0.4 -34.284
-3 -0.8 -32.671
-1.8 6 -2.0527
2.2 6.4 7.3472
-3.8 8 -11.032
-4.6 6.8 -17.818
-1 4.4 -6.2175
11.4 -4.8 -21.579
2.6 9.6 0.57005
11.4 4.4 -50.138
-3.8 9.6 -6.1669
12.6 -4 -34.525
2.6 6.8 -3.3712
4.2 -6 1.4593
-6.2 -6.4 -95.406
9.8 -0.8 -18.218
-2.6 -0.8 -26.826
-3.8 7.2 -10.539
5.4 2 -6.1788
-1.8 -6 -43.295
5.8 -0.8 -0.4161
7.8 4 -16.42
-1.4 -0.4 -12.855
-3.4 -7.6 -64.665
12.6 5.6 -67.983
12.2 9.2 -88.374
3.8 -4.4 -4.2425
6.6 3.6 -9.7367
5.8 -0.4 1.1157
-3.4 -6 -55.981
0.2 -0.8 -9.8347
11.4 9.2 -78.12
8.6 1.2 -15.759
4.6 12 -15.776
2.2 -4.4 -7.2713
-3.8 0.8 -28.321
8.6 -0.4 -17.41
2.2 -7.2 -11.303
4.6 6 -5.867
-1 9.6 1.3187
-5 -6 -74.215
10.6 10 -65.411
11.4 11.2 -91.214
5.4 -7.2 -3.337
3.4 -3.6 -2.3941
-4.6 -5.6 -72.214
9.8 3.6 -34.279
13 10.8 -107.72
5 12 -22.149
11.8 -4.8 -18.16
11.4 10.8 -87.771
12.6 0 -47.052
5.4 -3.6 -1.3105
0.6 -7.2 -26.252
3.8 -6 1.8383
-6.6 1.6 -62.568
2.2 1.6 -0.93539
-5.4 11.6 -13.073
7 -0.4 -5.9964
6.6 10 -29.69
-6.2 4.8 -36.565
5.8 1.2 -7.0554
11.8 -7.6 -18.843
10.2 10.4 -67.173
7.8 -5.6 2.9149
12.2 -4.4 -20.325
6.6 -6 -4.0294
2.2 -0.8 -1.1839
12.6 6.8 -81.424
-5.8 -4.8 -83.38
11.4 8.4 -73.54
-1.8 2 -9.6627
-6.6 2.4 -51.033
3.4 8.8 -1.8855
-5.8 -6 -91.031
11.8 9.6 -79.335
7.8 4.8 -20.727
7 -1.2 -6.0996
1.8 -4.4 -4.0418
-4.2 -3.2 -54.353
-5 4 -34.697
5.4 -0.8 -3.4896
11 -4 -21.356
8.6 -6.8 -4.2765
5 -0.8 0.48224
8.2 -1.2 -13.117
9.4 0.4 -23.059
1.4 4.4 -0.91063
-4.6 -7.6 -80.221
3 2 1.6718
13 -1.6 -44.549
10.6 8.8 -62.072
-1.4 2.4 -12.067
-5.4 2.4 -38.644
12.2 10.4 -97.4
6.6 5.2 -12.584
-3.8 0 -35.525
10.6 -2.8 -18.217
2.2 -3.6 -6.2714
12.2 -7.6 -17.745
3 4.8 1.757
-1 1.6 -14.094
-4.6 10 -15.526
7 7.2 -23.46
3 -1.6 -3.0921
12.2 10 -91.564
12.6 -5.6 -20.046
5 0.8 -1.3287
-3 7.6 -11.904
7.4 10.8 -37.676
2.2 10 -5.6196
-0.2 10.4 7.3461
8.2 -6 1.785
-1.8 7.6 0.063402
5.8 6 -5.2162
-3.4 12 -4.75
-5.4 5.6 -33.503
-1.8 -3.2 -28.774
-3 6.4 -11.69
5.4 -5.6 -4.052
-4.2 0.8 -35.483
12.6 3.6 -63.444
2.2 3.6 -2.6233
-0.2 -6.8 -27.429
-1 -2.8 -24.691
1.8 -6.8 -8.8547
8.6 8 -36.516
6.6 9.6 -25.841
-5 0.8 -43.897
9.4 9.6 -55.79
9 8.8 -39.205
9.8 -5.6 -16.068
5.4 3.2 -5.5434
7.8 0.8 -13.6
7 -7.6 0.90984
5.8 -5.6 1.6447
-1 -0.4 -19.433
13 -0.8 -43.046
-4.6 1.2 -32.237
8.2 1.2 -13.921
1 -2.4 -8.7088
-4.2 1.6 -29.241
-0.6 10.4 0.03254
9 2.4 -30.255
8.2 2.8 -23.478
1.4 11.2 -3.5068
3 -0.4 -0.60948
4.2 4.4 -0.022917
-2.2 7.2 -3.1114
-6.6 7.6 -40.567
-4.2 2.4 -27.681
1.4 6.8 -2.8886
1 6.8 2.9872
7 -6.8 2.4653
-6.2 0.4 -58.214
1.8 -2.4 -11.327
3.8 -7.6 -11.932
2.6 -6.8 -15.241
-1 -0.8 -16.024
5.4 4.4 -8.4119
0.2 -1.6 -7.8118
1 -7.2 -20.697
7 10.8 -37.632
3 -2 -5.7913
11.4 8.8 -74.653
3 7.2 -3.535
9 2.8 -24.62
-3 4 -13.485
5.4 -2 -8.52
-5 -3.6 -68.816
1 -4.8 -14.699
3.8 -3.2 1.2855
-3.4 3.2 -24.446
-6.2 2.8 -46.575
3.8 -1.2 -2.3042
-0.6 -0.4 -9.5016
-1 -6.8 -38.261
6.2 10.8 -24.518
10.2 -7.6 -9.5476
-5.8 -2.4 -66.867
2.2 4 2.0634
12.2 4.8 -62.98
4.2 4 -1.6863
-2.6 -1.2 -27.142
3.4 -2.8 2.0188
1 0.8 -3.5523
3.4 7.6 -1.9024
7.4 -2.8 -4.7285
11.8 10 -87.162
5.8 0.4 -5.45
5.4 8.8 -22.726
2.2 7.2 -1.0949
0.2 6.4 3.4711
2.6 4 -0.0068304
8.2 0.8 -14.868
3.4 10 -8.9955
-5.4 9.6 -14.378
11.8 -1.6 -35.523
-1.4 7.6 -2.8854
8.2 11.2 -50.197
-2.6 2 -17.362
3.4 0.8 3.1663
-5.4 -6 -84.588
-1.8 -2 -29.9
9.4 2.8 -29.295
1.4 -0.8 -1.3274
8.6 3.6 -21.131
2.6 0.4 -4.8114
11.4 -0.4 -31.257
1 -2 -14.86
0.6 0.4 -3.0637
2.2 -4.8 -3.9952
4.6 8.8 -9.4902
8.2 10 -45.235
-1 1.2 -10.553
-5 10 -14.339
-1 2.8 -6.706
7.4 -4.8 -0.29012
-2.2 6 -1.0515
-4.2 -4 -56.597
7.8 3.2 -14.434
9.4 -1.2 -13.625
0.2 -7.2 -20.645
-1.4 5.6 -9.001
10.6 8 -56.596
-3 1.6 -23.188
7.8 -0.4 -3.253
5 10.4 -16.114
-0.6 6.4 1.54
6.6 12 -29.152
-1.8 10 4.4235
11.8 -7.2 -12.377
8.2 12 -52.581
-2.2 11.2 -0.7977
-3 -1.2 -29.259
3 -5.6 -6.7202
-4.6 -0.4 -42.979
-4.2 10.4 -6.9308
-3 -7.2 -58.228
-4.2 0 -41.958
6.6 3.2 -12.684
7.8 10.4 -36.879
4.6 -4 -4.3979
-6.6 6.8 -37.42
-4.2 8 -14.425
-2.6 -3.6 -38.487
11.8 4 -52.287
9 -0.4 -17.009
-6.2 8.8 -22.237
5 -4.8 -5.1959
11 2.8 -44.038
-2.2 2.8 -16.592
1 3.2 -0.90006
10.6 1.6 -28.584
6.2 9.2 -27.06
8.6 4 -22.738
6.6 -1.6 -4.4273
-5 1.2 -45.975
0.6 4 1.9135
-2.2 -1.6 -24.444
7.4 -3.6 -9.5946
1.4 7.6 -2.8459
-5.4 6 -30.852
12.6 -0.4 -44.695
3 2.4 3.0365
-2.2 10.4 0.98888
-3.8 2 -29.455
8.2 6.4 -23.905
2.6 -2 -3.5803
-3.8 6.8 -11.681
6.2 7.2 -14.44
0.2 -4.4 -18.657
10.2 -0.8 -18.319
-1.8 5.2 -7.7266
-5 4.4 -34.308
-1.8 -4.8 -33.325
9.4 -6.8 -3.3072
-4.2 -4.8 -62.837
-1.4 -5.6 -26.463
2.2 0.8 -1.5907
12.6 8.4 -86.265
-5.8 -1.6 -63.726
7.4 12 -43.311
11.4 10.4 -81.63
11 8.8 -72.677
12.2 2 -47.889
8.6 12 -52.822
-1 -7.6 -40.918
-6.2 9.6 -24.643
12.6 -5.2 -23.595
6.2 11.6 -24.124
-5 -4.8 -70.351
13 -6.8 -24.717
7 8.8 -21.361
12.2 8 -83.833
-1.8 -7.6 -47.855
3.4 6 -2.4863
-6.2 3.6 -46.378
6.6 8.4 -22.039
4.6 7.2 -4.519
0.6 4.8 3.9395
-1 -5.6 -31.122
0.2 10.4 -0.85208
4.2 11.2 -14.365
-5.4 10.4 -17.029
13 7.6 -91.974
-3.8 6.4 -12.293
6.6 4.4 -11.701
1.8 8 5.4455
8.2 2 -14.435
10.2 -6 -14.31
5.8 11.2 -22.374
4.2 -2 -1.0503
-1.8 9.2 2.0405
12.2 8.4 -80.357
-3.8 4.4 -24.597
6.6 6.4 -17.951
9 -2 -11.414
7.4 4 -12.135
-1.4 8.8 1.695
-3.8 5.2 -13.968
-0.6 8.8 4.4736
-3.8 -7.2 -69.054
-4.6 -6 -74.626
2.2 8.4 -1.3062
-1.8 -2.8 -28.25
4.2 10.4 -13.011
2.6 6.4 -2.0534
-3.8 -1.6 -52.795
1.8 5.2 1.6142
-5 2 -42.035
0.6 7.6 0.97703
7.4 4.8 -19.794
3.8 2.4 -2.6143
-5.4 -5.2 -80.702
7.4 0.8 -9.9179
11.4 -3.2 -27.741
-4.6 -1.6 -50.017
11.4 7.6 -72.45
7.4 -0.8 -8.2815
-4.6 2 -36.88
7 8 -23.498
9.4 5.2 -34.892
10.6 7.6 -61.02
-5 10.8 -15.128
13 -4.4 -34.321
1.4 -4.8 -18.903
-3 -6.8 -60.423
11.8 -4.4 -19.743
-5.8 10 -17.104
-4.6 9.2 -12.177
9.4 -7.2 -5.4707
-5.4 6.8 -21.079
13 10 -100.78
6.6 7.6 -13.223
8.2 -4 -2.0198
-1.4 -1.2 -24.428
9.8 0.4 -23.742
9.4 -6.4 -9.7015
-1.8 -2.4 -34.101
1.8 4.8 -2.9423
4.6 -0.4 1.2352
9.4 -0.8 -15.085
5.8 -6.8 -3.0231
6.6 -5.6 -2.2626
5.8 6.8 -12.403
3 -7.2 -10.285
11.8 -5.2 -19.985
4.6 0.8 -0.23529
-2.6 -7.6 -58.265
-3.4 2.8 -28.733
-5 10.4 -8.3351
-2.6 -4.4 -43.504
4.2 5.6 -5.8127
7.8 -6.4 -1.3341
-4.2 -5.6 -71.231
-3.4 8 -11.779
10.2 -6.4 -6.2412
5 -2 3.9242
0.6 1.2 -4.6356
3.8 4.8 -7.3833
4.2 4.8 1.2996
10.2 9.6 -61.296
12.2 8.8 -83.334
2.6 7.6 1.396
0.6 -1.2 -11.834
11 2 -39.093
6.2 -5.6 4.3896
9.8 7.6 -47.106
3 3.6 3.0168
5.8 11.6 -20.268
-3.8 0.4 -30.632
7 2 -7.1127
0.6 10.8 -5.9932
-0.2 6.4 -0.058999
12.6 -6 -20.963
-1.8 8.8 -2.6823
5.4 6.8 -13.694
-3 3.6 -22.388
-3 6.8 -12.021
11 0.8 -31.245
10.6 -7.6 -13.562
12.2 4 -52.314
