0.67519 1.0687
-0.22555 1.8228
-0.48009 -1.8912
1.7491 0.32461
1.3085 -0.76826
-1.49 0.76412
1.3287 1.138
0.81473 1.1439
1.2007 -1.5136
-1.8558 -0.31349
-1.8302 -0.63313
-0.80331 1.7656
-1.219 -1.1721
0.80691 -1.4158
1.0771 0.98034
-1.264 -1.4704
-1.6096 0.90719
1.9277 0.079273
1.1712 -1.0224
-1.5273 -0.87942
-1.3754 -1.3285
-1.1614 -1.4153
0.71433 -1.7285
-1.3527 0.94717
1.6811 -0.28786
0.9774 -1.265
1.7405 0.029325
-0.82327 1.2577
-1.334 -1.018
-0.98001 1.3009
-1.3124 -0.77633
1.7471 -0.23527
-0.84891 -0.99948
-0.3154 1.518
-1.6514 -0.67518
1.7333 -0.064673
0.7398 0.99967
-0.12814 1.5611
-1.3034 -0.6124
1.8391 0.55904
-1.6982 -0.45639
1.3277 0.092197
0.99018 1.1257
0.54856 -1.6973
1.0209 -1.5872
-0.93024 -1.0951
-1.8656 -0.60904
-1.2932 -0.5337
-1.213 -0.95189
0.24421 -1.7965
-1.2151 1.1937
1.3196 -1.1835
1.3561 -0.46642
1.3074 -1.4839
0.23933 1.2882
0.59019 1.7602
1.2298 0.2589
-1.1475 1.1959
-1.3076 -0.078978
-0.46515 1.4268
-1.3577 0.46766
-1.7752 -0.80339
-1.3182 -1.1671
1.4734 -0.34531
1.8287 -0.48731
-0.29113 -1.9666
1.1012 0.53332
1.2659 0.1566
-1.29 0.46264
1.6046 -0.72257
-1.2416 -0.040427
-1.349 0.50932
1.5116 -0.38985
1.9558 -0.18158
-0.80393 -0.93358
-1.3255 -0.37598
-0.007958 -1.5933
-1.6227 0.45998
-0.42134 1.5563
1.8494 0.26179
-0.5651 -1.4679
1.2122 1.5811
0.69956 -1.3433
-1.0984 1.3122
-0.41847 1.2142
-0.54841 -1.3479
1.1423 0.58186
-1.1858 -1.4465
0.84869 -1.6171
1.4103 0.78372
-1.6718 0.057261
-1.0767 -0.5682
-1.5813 -0.18982
1.3289 1.0413
-0.14525 -1.8778
-0.7575 0.99356
-1.1499 0.47852
-1.2242 1.2378
-1.5097 0.75404
1.1061 -1.0353
0.39911 -1.698
-1.6008 0.87655
1.5542 0.37877
-1.5654 -0.85091
-0.22504 1.9323
-1.7 -0.91639
1.0328 -1.491
1.795 -0.36546
-1.279 -0.047698
0.24671 -1.7806
-0.89011 -1.4506
1.5447 0.64536
1.5279 -0.1962
1.5253 0.31249
0.65824 1.6338
0.10649 1.2704
-1.0261 -0.68812
0.36137 -1.7899
0.7025 1.7863
-1.4399 -0.15391
1.4903 -1.0194
0.76996 -1.3476
-0.29851 -1.6714
-0.050376 1.6672
1.6721 0.37535
0.5845 -1.8393
1.8709 -0.64556
1.4546 -1.1026
-1.7866 -0.30268
0.42561 -1.6319
1.139 -0.37992
-1.4291 0.062589
1.2374 -0.52484
-1.187 -0.85834
-1.2708 -0.13177
-1.6457 -0.43503
0.24081 1.3835
1.386 1.3834
-1.1608 -1.4038
0.16336 -1.9029
-0.96716 -1.1046
-0.52734 -1.9154
1.773 0.52749
-1.209 -0.13635
1.8783 0.1016
1.1496 -1.1718
1.1265 -1.6298
-0.8199 -1.8146
-0.97435 1.0993
-1.1385 -0.77251
-0.9522 -1.1557
0.93638 -1.4754
-1.4664 0.73515
-1.1776 -0.66769
1.6844 -0.25997
-1.4553 1.263
-1.1558 -0.47419
-1.6837 -0.65574
1.3124 -0.51122
-1.4265 0.51081
-1.0465 -1.5287
-0.80878 -1.4928
-1.2345 -0.055496
1.9022 0.2859
1.1269 0.70475
-0.84254 1.2216
-1.7156 0.8688
1.7374 -0.88488
-0.05005 -1.5802
-1.222 1.2991
-1.6099 -0.84077
1.4719 -0.31291
1.2063 1.5924
1.2425 -1.3852
-0.52767 1.8992
0.55144 1.9207
-1.8034 -0.03977
-0.14747 -1.4207
1.7394 0.043401
-1.5904 0.57722
1.6235 -1.1136
-1.0464 1.2838
1.8681 -0.64703
-1.6174 -0.034763
-1.3484 -1.3195
0.42205 1.6533
0.012959 -1.4376
-0.012664 1.6942
1.1706 -1.294
1.0239 1.5482
1.3474 0.63446
-0.22982 -1.5628
-1.8967 0.33846
0.94987 1.166
1.4985 -0.99511
0.067836 -1.8567
1.2411 -0.31538
-1.9056 -0.31226
1.8597 -0.18245
1.04 -1.2204
-1.501 1.183
1.2409 1.5261
0.75732 -1.3243
-1.3055 1.1008
0.9878 0.72639
1.2408 -0.30358
-1.3914 -1.3314
-0.7837 1.5727
1.0915 -1.15
1.2325 0.84237
-1.0037 1.4151
0.90837 1.2331
1.0894 -1.1961
1.3489 0.44881
1.7685 -0.21124
1.8024 -0.24686
-1.6372 1.1327
1.5163 0.20331
-0.96124 1.1304
-1.4781 -0.073548
-1.0103 -1.3891
-0.25633 1.2837
0.20578 1.4955
1.2816 1.2831
-0.96352 -0.94733
-1.0449 1.3485
-1.1883 0.86722
-1.6106 0.86011
1.401 -0.1958
1.4498 1.3423
-1.0728 0.87374
-1.8673 0.09437
1.8328 0.63514
0.89238 1.5567
-1.2009 -1.4573
-1.1801 0.47746
1.4201 0.87588
0.81081 1.09
0.12041 -1.8813
-0.05566 -1.4994
0.77594 0.99394
1.4474 -0.24221
-0.942 -1.2662
0.80991 -1.2731
0.50399 -1.6322
-0.45936 1.2787
-1.9739 0.1015
-0.61241 1.7952
-0.892 -0.89747
0.42242 1.3455
-0.36884 1.3554
0.89308 -1.6517
1.6622 0.42616
-1.5116 0.55744
1.1732 -0.93611
-0.31659 -1.4508
0.40418 -1.2487
-0.48189 -1.3421
0.79415 -1.7849
1.668 0.85832
-0.63752 1.4979
-0.43128 -1.1879
0.009042 -1.8072
0.72949 1.1942
1.401 -1.0989
1.1242 -1.3192
0.22234 1.6541
-0.35037 -1.5094
0.84667 1.6028
1.2403 -1.1485
-1.5559 1.1547
-0.40582 1.6903
1.0551 0.76426
-1.0337 0.88203
0.071576 -1.5667
-1.0603 -0.74306
0.38381 -1.9619
1.1962 0.67669
1.4597 0.4107
-1.5017 -0.33203
-1.1866 -0.60121
-1.271 -0.66941
-0.29853 -1.1975
-0.93775 0.95605
0.30806 1.541
0.21968 -1.3258
-1.8022 -0.006651
0.4124 1.7173
-1.4974 -0.20789
0.49844 -1.9033
-1.2887 1.3711
-1.1038 -1.5747
1.767 0.23026
-1.4543 -0.88899
-0.36633 1.1509
0.81161 1.0979
-1.2113 -1.2994
1.3146 -0.61274
-1.1803 -0.68834
0.75644 -1.3791
1.7277 0.35648
1.1418 0.40471
-1.5894 -0.46538
0.99724 -1.2815
0.75741 -1.1203
0.64135 -1.1724
-0.17792 1.9097
-1.6343 0.11888
0.16825 -1.2637
-0.90279 1.5635
0.39746 -1.2468
1.2739 1.2138
-1.404 0.52089
1.5424 -0.6402
0.49708 -1.0967
1.3155 -0.53395
-0.33521 1.2434
1.2823 0.99295
0.94541 -0.90051
-1.8941 -0.031346
0.4135 -1.7112
-1.7744 0.18446
1.2001 0.16882
0.99388 1.1597
-0.97011 -1.6664
-1.1712 -0.92453
-1.7821 -0.18649
1.3995 -0.58516
1.2025 -0.007432
-1.0152 -1.5475
-1.8923 0.033008
1.3178 0.58994
-1.2592 -1.2283
-0.60807 -1.079
1.388 0.5166
-0.27804 1.6
-1.3356 0.81173
-1.5515 1.2344
0.39094 1.3822
-1.478 -1.1125
1.5819 -0.19079
-1.9104 -0.064837
-0.91774 -1.3736
1.6739 0.000823
-0.7842 1.7237
-0.98747 1.2038
1.5391 -0.6033
-0.66909 1.1096
0.53126 1.4732
1.4694 -1.1234
0.99968 -1.0759
-0.54712 1.595
0.36231 1.7886
-1.1475 1.0479
1.2102 -0.039801
-1.6497 -0.82514
-1.5599 -1.0617
1.1159 1.0938
0.64829 -1.0161
-0.68745 1.3938
1.8125 0.049374
-1.477 0.57467
-0.18126 1.3304
-1.196 -0.32254
-0.37944 1.306
-1.2032 0.55597
-0.25129 -1.5415
-0.54119 1.5778
-1.2943 -1.4843
1.1444 0.5796
0.2572 1.2492
-1.3448 -0.58808
-1.7316 -0.48273
-1.9082 -0.59184
-1.7581 -0.26079
1.6184 0.90214
1.3957 -0.96265
0.86655 -1.3172
0.35718 -1.2125
1.0697 -1.5449
1.7165 0.90441
-1.0158 1.3525
0.92241 0.85261
1.0132 -1.2712
-1.3248 0.86733
-1.3782 -0.73262
-1.2069 0.02559
0.62958 -1.5583
-0.83106 -1.465
-1.3305 -0.51931
0.92494 0.88926
1.3889 1.1292
-1.8777 0.32183
-0.6867 1.4658
-0.48055 1.1771
-1.2134 -0.92746
0.64392 1.4452
1.1281 -0.95156
0.51693 1.3324
-1.5315 0.58305
-0.43123 1.2712
1.3489 0.5846
-0.81335 1.4974
-1.2192 -0.76513
-1.7813 0.37376
0.33679 -1.1622
1.3355 -0.98816
-1.7459 0.46912
0.89231 -1.485
1.1822 -1.5938
0.73437 1.0844
1.947 -0.27244
0.36392 1.8933
0.76698 -1.4954
-1.0529 1.1529
-1.2646 -0.71883
0.85036 -1.1989
-0.77755 1.3129
1.1334 -0.82959
0.046682 1.6719
1.566 0.81922
1.6909 0.70427
-0.97123 0.89379
-1.1606 -1.0086
-0.84472 1.7782
-0.34938 1.2303
-0.94195 1.1657
0.71904 0.98701
1.1702 -1.546
0.22694 -1.4248
-0.51352 1.2653
0.10158 -1.5434
-0.27444 1.5816
1.0239 0.75036
-0.98264 -1.4103
-0.67007 1.7223
0.05594 -1.8553
-0.20055 -1.3943
-0.34558 1.7655
1.694 -0.23051
-1.6574 1.0298
-0.19517 1.2084
-0.16482 1.8172
1.0434 -0.65718
-1.3712 0.85785
0.46551 -1.568
1.5947 0.95946
0.82293 -1.3974
0.81431 1.4185
-1.1041 -0.89195
-0.59829 -1.1171
0.96037 -0.72675
-1.1458 -0.62434
-1.5235 -0.5087
-0.84475 1.1782
-1.3523 0.36201
-1.3511 -1.1262
0.023179 1.6042
1.5922 0.14034
-1.4018 -0.18895
1.0333 -0.82309
-0.33119 1.648
1.245 0.99017
0.63341 1.7784
1.2816 -1.4279
-1.743 -0.2509
-0.67656 1.4959
1.5323 -1.0265
1.3759 1.3061
0.44724 1.146
1.5435 1.1055
1.5875 0.080433
0.88585 -1.1316
-1.5366 0.55915
1.5428 0.84818
-0.92288 0.84895
-0.18506 1.6981
-0.053243 1.9992
0.60218 -1.3487
-1.2793 1.4983
-1.7789 0.48119
-1.0734 0.85569
1.5363 -1.2467
1.1524 -0.4543
1.4414 0.18673
-1.8037 0.17928
0.47329 1.3324
-1.3825 -0.95569
1.2594 0.49731
-0.006945 1.6505
-1.5232 0.26148
-1.8914 0.54321
-1.3781 -1.1237
-1.5049 1.0164
0.36293 1.6229
-1.2686 0.28051
1.1602 0.8784
-0.2473 -1.3757
-1.042 -0.6522
-1.4743 -0.17804
-1.9649 0.04881
-0.47215 -1.4709
1.1612 -0.98533
-1.2757 -0.35625
0.70341 -1.3077
1.4293 0.75665
-0.52574 -1.3202
1.5436 -0.42418
0.87158 -1.7892
-1.5312 0.39431
-1.3023 0.90928
0.21055 1.9784
0.84289 1.231
-0.071755 1.5129
1.1136 -1.2789
-1.0106 -1.6352
-0.61552 1.7966
1.5088 0.1719
-1.4762 -0.13644
1.2871 0.17498
1.5468 -0.40233
0.46459 -1.8289
-1.8 -0.74225
0.52415 -1.9223
0.92655 -1.7068
-0.14497 -1.8406
1.2351 -0.36093
0.20603 -1.5659
-1.2324 0.15547
1.287 -1.1671
-1.8222 0.61331
-1.2673 -0.23629
-1.2805 -1.3704
1.5562 0.54805
-1.0838 1.1936
-0.87549 0.93753
0.26911 -1.6384
1.0257 0.9627
1.1164 -1.6026
0.72143 1.1887
-1.1895 1.1743
-0.56075 -1.1134
-1.0019 1.1033
-1.7738 -0.13619
-0.90076 -1.4325
1.4238 -0.5717
-0.96645 1.0253
-1.108 1.3103
-0.77968 -1.7564
0.73 -1.6938
-1.5182 1.2669
1.0948 -1.0082
-1.2717 -1.047
1.0077 -1.2664
-0.25573 1.6675
-0.2066 -1.8651
1.1279 0.45048
-0.68604 -1.448
1.7226 -0.47169
1.2011 -0.080886
1.209 -0.66237
1.3134 0.44402
0.87123 -1.4861
1.1523 -0.43862
-1.7033 0.29359
-0.28148 1.6813
1.0912 1.1499
-1.3327 0.9149
0.70236 1.6968
-0.54555 1.1836
1.9093 0.50457
0.83635 1.5549
-0.45402 -1.4278
1.188 -0.91814
-1.1835 -1.0644
-1.671 0.5145
0.68214 -1.4975
0.3859 -1.6152
-1.0684 0.6897
1.6879 -0.20959
-1.0613 -1.3116
-1.2825 -0.68797
0.38228 -1.6562
-0.00316 -1.2309
0.6594 1.6123
0.58836 1.7311
-1.0823 0.78161
-1.8812 -0.55889
0.60948 1.3513
-1.5989 0.59809
-1.5349 -0.75125
-1.6276 -0.55153
1.3356 -0.98972
-1.5947 -1.0171
-1.1452 -1.4067
0.63761 -1.5216
-1.6725 0.93394
1.6386 0.88709
-0.63653 -1.1674
0.30712 -1.6027
