11.94 10.612
11.532 10.763
11.538 8.3002
9.785 13.371
11.746 9.0015
10.884 11.46
7.955 12.186
10.238 12.419
9.9784 13.594
11.042 12.37
11.475 9.5349
10.635 8.8845
11.441 10.572
8.5295 9.2436
12.53 11.887
8.7798 12.133
8.8571 12.856
9.7474 11.291
11.961 11.374
11.128 10.603
9.5472 8.3124
10.712 12.391
11.275 9.8249
12.604 10.038
5.4791 10.065
7.8052 8.8686
9.5667 11.052
9.4775 8.258
12.266 8.9368
12.393 12.591
9.5764 12.254
9.8771 9.9964
9.7331 9.6435
13.462 9.6529
12.142 10.317
9.831 9.5168
9.1745 9.9862
9.4551 11.587
12.247 13.103
10.042 9.9886
9.7009 10.984
10.786 8.0395
6.5617 11.558
10.189 12.476
12.801 12.536
11.326 10.559
10.818 10.04
10.724 11.67
11.004 8.8761
11.614 10.359
14.48 11.692
9.0032 9.6833
10.742 12.129
9.5015 11.258
9.7988 10.376
12.139 9.8185
11.353 7.136
12.927 10.214
9.0265 11.092
9.716 9.2252
8.9535 10.999
8.1592 13.888
8.8983 10.262
12.341 12.205
13.543 5.4582
10.4 9.2212
11.51 10.692
11.897 10.271
9.619 11.362
13.139 9.5512
9.3869 10.218
11.685 13.495
9.9799 13.181
9.9737 11.305
8.2112 9.6447
9.6927 12.181
10.869 9.9146
10.637 12.149
12.833 8.4061
11.453 12.206
11.794 11.733
9.5709 12.648
9.4654 9.2572
8.5103 10.575
10.688 10.301
10.571 9.2593
12.73 8.8454
10.767 8.5374
8.736 11.717
10.771 11.109
9.3373 11.678
11.613 9.6928
9.0603 13.798
9.4803 11.239
11.177 9.6994
13.278 10.245
10.68 11.214
11.48 10.232
11.132 9.5273
11.2 11.184
8.2861 13.795
11.281 12.573
11.612 8.9543
10.023 11.806
12.498 10.214
13.019 9.9896
10.434 10.685
9.2299 8.9102
8.748 10.024
9.2354 9.4295
11.177 12.029
10.228 9.7186
9.9798 9.2885
10.977 8.6814
10.63 10.595
10.564 10.147
10.01 7.6417
11.063 10.458
11.268 10.941
10.307 10.632
6.8695 12.509
11.356 9.1695
10.836 9.3689
10.353 11.449
11.06 8.504
10.025 9.6673
9.2607 10.302
8.2445 13.353
10.355 11.342
10.152 12.516
10.814 10.548
8.7753 11.206
10.134 7.5951
10.885 12.722
12.129 10.809
7.2658 12.387
10.69 10.873
9.6221 8.4678
9.7853 10.837
9.6241 10.798
10.32 11.96
9.1662 10.794
10.186 11.904
10.838 9.4117
9.1653 9.7837
8.6014 9.9388
9.4524 9.8838
10.911 8.4017
13.379 9.3935
13.29 11.616
11.194 11.31
10.828 9.7119
9.0216 9.039
13.37 9.4095
8.8216 8.3581
8.3352 8.9076
11.487 10.919
13.177 10.324
9.9522 10.968
9.1331 13.07
9.3451 10.823
11.328 7.8791
9.1772 11.84
10.902 9.7448
9.5647 10.447
9.6304 12.018
11.345 9.6323
9.9055 12.838
11.347 10.974
11.602 10.238
9.9883 11.381
8.8633 12.026
10.249 12.417
10.084 10.506
7.7904 11.68
11.274 9.5091
9.7819 10.422
8.7848 7.2806
10.889 10.555
6.7093 11.954
11.07 11.278
11.308 10.54
9.5483 10.005
12.717 10.693
11.14 9.7023
10.64 11.273
11.617 12.071
8.5976 8.4916
11.326 8.1601
10.653 10.027
9.4737 11.355
10.346 9.8797
10.478 10.86
9.7718 10.831
13.721 12.281
12.185 10.298
13.748 10.688
8.6315 8.9525
8.8596 9.6726
9.4421 10.706
11.805 9.905
9.1003 12.842
11.218 10.387
10.71 9.6148
10.945 10.163
8.1478 11.357
8.8205 11.926
8.8463 8.9153
9.1055 11.852
10.147 7.8927
10.09 9.9577
10.379 10.982
8.8373 9.7463
8.9397 10.196
7.6813 10.434
11.707 10.88
12.814 11.559
11.129 11.738
10.787 9.4018
8.0768 9.4773
9.9834 9.8647
8.135 9.3494
12.353 10.987
10.429 12.859
10.464 9.2097
10.153 11.136
8.917 8.1309
11.624 9.6947
10.39 9.9219
8.9938 10.938
8.262 11.547
8.5339 7.4555
8.3327 10.854
11.84 10.083
10.195 11.232
8.9205 11.38
9.8116 12.838
9.3851 8.9749
10.335 12.543
11.023 12.257
9.998 11.514
10.82 8.2846
10.402 8.133
7.9824 10.972
12.501 11.321
10.3 10.763
10.763 11.596
9.9171 11.719
9.5478 11.28
12.579 10.217
