10.562 -9.3644
12.321 -9.2813
10.871 -5.4047
9.4521 -8.0203
10.631 -9.3409
12.107 -7.1693
13.301 -9.0122
10.971 -6.9596
13.193 -6.8753
9.7181 -8.4953
11.956 -8.5097
10.884 -8.1154
11.308 -7.4813
11.033 -7.4203
10.753 -6.8326
13.9 -7.3553
12.163 -9.8161
12.57 -8.6109
10.103 -6.379
9.6577 -7.2278
10.981 -4.558
11.092 -8.3811
12.021 -6.0433
11.686 -7.9391
7.8607 -9.8992
11.647 -9.5249
10.555 -9.7862
9.7135 -7.113
10.909 -8.3091
12.427 -6.3781
9.8175 -8.1074
10.727 -7.4978
9.4335 -5.1254
10.338 -8.2139
10.622 -6.2485
11.423 -6.9682
12.623 -11.24
8.7662 -9.7675
11.605 -8.9681
10.136 -6.9843
9.6366 -10.178
11.412 -7.4129
10.688 -8.7124
9.759 -5.6482
9.7496 -9.6961
11.282 -7.7779
12.628 -8.6664
11.57 -7.5608
9.4101 -5.3658
9.7103 -5.7332
10.783 -8.3631
12.473 -7.4749
9.9881 -7.1723
10.847 -6.1747
10.122 -9.5358
10.671 -8.3082
10.146 -7.0091
11.497 -7.6658
9.6956 -7.3543
9.2404 -6.1989
11.976 -8.8175
13.444 -10.115
11.665 -7.984
11.229 -8.1393
10.994 -6.5916
13.008 -9.463
8.6994 -8.2605
12.05 -8.2132
11.319 -5.5496
9.383 -7.6305
12.913 -10.29
10.051 -8.2598
8.7975 -7.3769
10.102 -8.5222
11.419 -8.68
12.201 -7.8347
11.882 -7.9378
12.468 -9.5188
12.22 -7.0688
10.711 -6.9589
12.675 -9.5478
9.7944 -8.1932
12.03 -10.297
9.0701 -8.3745
12.854 -9.6943
10.081 -5.7037
10.715 -6.9282
11.747 -8.6703
12.75 -7.9896
10.961 -8.1594
13.201 -7.517
13.541 -6.8786
10.639 -11.908
10.914 -8.7746
10.159 -6.6316
13.547 -8.7407
11.276 -6.9879
9.0601 -8.6774
13.712 -6.0807
11.247 -8.3069
11.182 -7.1839
8.6382 -7.3434
12.421 -6.5748
10.555 -8.2681
9.982 -10.219
7.7686 -7.8492
10.884 -7.907
11.371 -6.756
12.783 -9.0486
13.249 -7.6717
10.026 -6.102
9.5711 -4.9665
9.1099 -8.239
10.869 -7.9733
10.867 -7.1623
10.053 -7.6334
12.978 -7.7955
9.4516 -8.3057
12.272 -8.5674
9.0829 -8.1832
10.854 -6.3168
10.392 -6.781
11.48 -9.0965
9.7915 -7.5846
13.316 -9.1585
11.466 -6.2968
9.1145 -7.2685
7.9079 -8.4985
13.228 -8.8588
10.41 -9.978
10.522 -7.6978
8.7431 -5.8442
12.971 -7.546
11.161 -8.1195
11.527 -7.8097
11.073 -7.5922
9.6996 -7.2556
10.104 -6.498
12.817 -7.5285
10.812 -9.847
8.8674 -8.1631
8.0856 -8.6272
9.4651 -8.8439
12.999 -5.3866
10.636 -8.5817
12.138 -7.2676
11.142 -8.6483
8.475 -7.9591
11.582 -5.5325
10.46 -8.1777
10.57 -9.555
11.471 -8.2142
11.022 -6.839
9.7249 -6.2967
11.048 -9.4019
9.7897 -7.6193
9.7905 -8.751
11.529 -7.0561
10.885 -5.669
11.212 -11.045
9.3586 -8.3689
10.394 -5.7337
14.966 -9.2973
11.608 -6.9202
11.284 -8.3015
10.261 -6.1175
12.944 -7.5318
9.817 -7.8242
11.361 -6.5282
9.9961 -8.6443
8.5613 -7.5649
11.151 -7.5038
10.334 -11.544
14.173 -7.3308
11.091 -8.6362
10.758 -9.887
11.202 -7.0667
10.525 -9.3969
11.66 -7.7332
9.5911 -8.9022
9.8017 -9.3518
13.374 -7.3228
11.85 -8.3934
11.714 -5.6643
8.6243 -7.6683
10.817 -6.8455
12.476 -9.1856
11.185 -8.7804
9.2098 -8.8309
11.575 -10.886
9.5123 -7.3879
9.4597 -5.9125
8.5014 -4.4808
9.9833 -4.8026
11.237 -7.2086
11.896 -7.4384
10.167 -7.9876
10.672 -7.5334
9.5097 -9.8398
11.118 -8.6614
8.8846 -8.5064
11.167 -8.3387
10.295 -8.2754
13.29 -7.7497
10.289 -9.849
11.188 -9.9486
10.6 -9.7219
10.769 -9.3266
11.814 -8.2725
9.3675 -7.6739
9.2862 -7.9025
8.6696 -6.2179
12.537 -6.7093
10.329 -7.8927
9.8847 -9.0069
8.6688 -8.3968
13.985 -7.4558
11.841 -6.8809
11.08 -8.1391
12.082 -7.7637
8.1627 -7.9869
11.436 -9.9513
11.033 -9.4278
11.688 -8.4093
7.2615 -7.7592
10.159 -7.0295
9.8059 -6.685
11.524 -10.144
10.925 -7.8996
13.36 -8.7778
9.5916 -9.0223
10.389 -7.0334
10.892 -5.9551
13.341 -9.5324
12.153 -7.3675
8.6515 -8.17
9.087 -7.7913
12.1 -9.7676
10.869 -8.7509
11.079 -7.1917
10.664 -9.7397
11.033 -7.8946
10.862 -7.6253
9.5325 -7.466
10.198 -10.285
10.008 -8.2507
10.781 -9.3447
11.564 -10.436
12.106 -7.9957
12.154 -9.9427
