13.504 -0.21786
6.6848 5.2491
-8.7446 -3.236
4.3716 -2.9824
1.7619 -5.1109
-9.5394 -0.17898
7.1978 -0.16341
0.72879 9.8447
1.1339 2.681
-2.4482 0.57944
-8.145 3.6414
5.7079 5.5743
-0.97457 3.5786
-8.4623 1.3908
1.6288 -5.1879
-9.6814 -1.3232
-7.0874 5.3726
-7.0064 6.6208
-1.8591 9.6651
0.43364 3.4487
-3.685 -0.26514
0.25512 -4.3155
7.2489 -2.0349
8.6477 -8.3335
-4.3808 -10.105
6.0652 -3.028
0.99382 -10.043
7.7397 1.2723
6.3009 4.2839
-6.9293 6.0769
-8.7916 -0.13337
-3.1076 -0.34133
11.199 -5.0925
-2.0989 1.5486
-1.6981 -2.9304
1.6173 1.7802
5.969 -9.7223
-3.7429 0.69303
-2.8473 9.1376
-9.0584 0.77918
3.0692 -4.5782
1.7473 8.7487
-8.6271 -5.7834
0.17821 2.6275
0.69689 1.78
-2.2185 -2.7343
-2.9445 -10.285
6.1868 4.5178
10.203 -8.5342
0.13702 1.8038
2.928 7.2304
6.1834 -1.4384
-2.3014 0.66023
7.3134 -8.9777
5.9345 6.7521
-3.5644 -1.6892
-3.1932 -2.3563
-5.847 -8.1782
-4.7669 -8.1148
5.4075 5.5504
1.0126 -4.7936
0.14588 1.9211
-2.8925 -1.1563
-0.57165 9.3911
5.6782 -3.7287
-9.139 -1.9672
0.38562 3.0166
4.661 -3.8863
-8.4103 -4.5806
-2.6763 0.67428
1.8919 -4.4463
-2.7848 2.7821
4.2059 -3.476
5.9328 4.9281
-1.5235 8.8812
-4.2865 7.3173
6.7166 -9.0182
-5.1341 6.8813
5.9121 -9.1897
-6.4086 -8.9706
0.99949 -4.6746
6.6802 -0.80205
11.966 -3.6062
-5.6812 5.8274
-2.3139 1.7819
-0.16787 3.5623
-6.1597 7.2642
-8.4999 -4.1999
2.1861 7.622
10.695 -4.9817
10.183 -6.7923
-2.7692 -10.95
0.068305 -11.095
6.3737 -3.1106
6.124 -10.065
-3.5806 7.762
0.9329 1.7494
13.532 -0.43961
1.6798 8.7858
-3.5113 0.29072
-2.1978 -2.4909
5.8492 -3.3484
4.8225 5.527
-2.7612 -9.7482
-8.6849 4.3877
0.51985 -4.1484
-2.4755 -1.9362
-0.83488 3.5321
2.1783 8.6134
-0.50205 8.5884
-1.1923 8.9691
0.70239 -5.3469
7.7248 -0.46252
-3.7632 1.1808
-10.371 0.48095
-1.7939 2.3073
-2.3173 -3.3575
3.8079 -10.573
2.6011 7.9261
3.7166 7.7367
4.3641 6.3744
6.1684 6.0547
4.3685 -10.416
-8.4479 5.8464
-8.0054 2.7523
-9.2509 -3.0112
5.6729 -3.9411
1.5883 2.2475
4.2855 -11.099
5.3094 -3.5871
-3.2421 -3.1838
-4.2372 8.54
7.6468 2.1892
0.2242 1.763
2.9698 8.405
-8.6431 0.33457
-0.082752 -10.568
11.243 -7.1218
-3.32 1.2037
2.5129 8.0484
0.31465 -10.363
5.7062 -2.0019
-2.467 0.44857
-3.4691 -9.8581
-6.6642 7.7598
-2.047 2.1873
5.2038 5.0139
-2.9079 1.0717
-8.1702 -3.6392
-3.1132 0.38691
7.2918 1.1638
8.0525 1.9491
6.8601 -1.885
7.615 -0.16224
-1.096 -3.3953
6.4678 -3.392
0.28002 -11.047
6.6365 -9.4514
7.7264 -8.239
12.502 -5.4308
0.84339 8.0423
7.7489 3.2217
3.1803 -3.5375
-0.52876 -11.365
7.1565 0.40896
-1.5316 1.5391
-3.61 -0.24634
-8.6693 3.1108
7.2716 -0.90619
-0.52421 8.7614
-2.9815 -0.095033
13.327 -1.6919
-1.146 2.147
-2.2144 -2.3779
4.512 7.2866
-2.125 2.6428
-1.2932 3.0954
4.2863 -10.498
0.18906 -4.5348
7.1416 -9.1285
-3.4592 0.44881
-4.8201 -9.186
0.32294 3.1877
5.3804 7.2631
7.0168 -0.80797
-4.8192 8.0732
-4.8025 -10.206
2.214 -4.1759
1.2565 8.0957
6.3398 -2.4516
-7.0269 4.7973
-3.4579 0.75822
-2.3719 -0.32884
0.70389 -3.7962
-1.588 -4.4168
5.6857 4.7116
1.971 9.5295
-2.7988 0.36282
-2.5137 1.0468
2.5381 -4.0217
-10.265 1.8767
-2.3568 -1.0171
7.0756 5.1988
6.8327 6.2854
1.194 -5.0429
-6.5506 6.5371
9.4454 -7.1701
9.3888 -9.0043
12.024 -6.2442
-0.40186 -9.9535
-4.8495 7.7372
5.3924 4.7919
-8.9629 0.45906
-1.8031 1.4822
-1.3267 -2.816
-0.12494 -4.5429
0.021855 1.8087
-0.44822 3.2952
5.446 4.7594
2.7672 8.352
-0.1771 2.7083
0.24528 2.6621
0.69251 -11.116
2.0195 -11.757
0.6453 -4.4462
0.088534 -11.632
7.4703 -0.57956
4.2785 -10.121
-2.2775 -4.4281
-0.30738 3.0185
6.0844 -1.5703
-10.318 -0.97797
-3.1659 2.2169
-5.4362 7.1607
-8.8448 5.3292
-9.5276 1.3572
5.7969 -1.9373
7.5717 -8.7563
5.0439 -3.8156
-1.5137 2.4379
2.3068 8.7557
5.0964 -2.5978
-6.0032 -8.7819
-9.5688 -1.8691
-2.7635 8.0316
-3.7551 1.2743
-7.6767 -7.5025
-6.4588 -8.4073
-7.19 5.8926
1.1782 -11.923
-7.7665 -5.7499
-2.0801 3.0453
-5.3502 6.5982
11.258 -4.6376
0.22816 2.5905
-8.6008 -5.3749
-1.9762 -3.9869
12.183 -1.968
-6.8905 5.2877
-9.2484 4.1158
-1.2323 3.3042
9.9791 -7.2338
-9.6245 -0.18452
-2.7492 -0.50415
6.3055 -9.2909
-8.571 -0.15117
0.99327 3.21
5.904 -1.557
2.2897 9.4994
-1.3026 2.0276
-2.4769 2.8395
-3.625 -0.40823
12.875 -2.1395
-0.17377 3.1675
-1.3842 1.46
1.5545 -4.901
-2.2867 2.9173
-3.2286 0.49039
-2.2113 2.7945
0.82655 -5.4202
-0.69379 -3.858
1.9876 2.0591
1.5948 8.8005
3.849 -3.8507
3.0418 8.7026
6.6353 2.7937
0.36168 -11.077
6.7092 0.59655
6.5616 0.75932
-0.054781 -4.9993
-8.3764 -2.5677
6.2979 0.81916
-8.7458 1.2152
6.7819 1.1035
-1.9295 -9.6738
4.0002 -10.385
7.7738 0.90806
-2.4035 1.4864
-2.1083 2.394
7.1125 0.38947
1.3869 -11.394
-2.2803 -0.22694
10.164 -6.8641
7.6814 3.025
0.16693 -11.233
6.3466 0.24333
5.4015 6.1145
5.4944 5.6061
-2.9942 2.0553
-3.4129 -10.672
-4.0039 -1.5324
6.3486 0.11547
6.6998 1.3383
3.2397 9.1113
-2.8431 -1.1253
-2.7047 -3.2244
2.6908 -4.9364
2.2611 9.2375
6.9171 1.6295
-2.5723 2.2522
-2.0482 -1.7159
7.0839 -2.7231
6.2959 -2.1914
6.4702 1.5275
-9.2308 -1.9157
4.7368 -3.1568
-7.3712 4.616
7.2661 3.7973
-2.2556 2.3156
6.3287 6.1439
6.5812 -10.723
-3.2156 -1.2501
0.01611 -10.839
-3.0197 1.3078
-0.89455 1.938
6.453 5.2607
-8.4413 1.1915
0.66315 2.7056
1.6228 7.9117
2.6171 9.1883
0.94301 2.941
0.68962 3.2085
0.19791 9.2023
-0.77459 2.663
-9.2215 -0.73678
3.9902 -10.826
-9.1646 -3.3168
4.8138 7.1155
-1.9633 -10.632
4.4611 -10.293
-9.6082 -2.4843
1.3621 -10.517
-10.107 -3.1268
-8.5744 -6.1135
0.060105 -4.3582
-8.8077 -1.548
2.4918 -4.6483
6.7197 -2.6339
5.9028 -1.9599
-1.6339 2.2228
14.524 0.3022
-4.9404 -9.4717
-6.802 5.7108
1.0695 -4.5537
-0.14926 3.5356
1.2998 1.8508
4.2077 -11.205
-0.72976 -3.964
12.534 -5.6277
-0.96953 2.4843
-8.7258 5.3257
-3.515 1.5566
5.9196 -2.8069
-3.2705 -0.59352
-3.0983 1.5969
-1.0043 3.1433
5.1734 -3.4188
-2.2329 1.9161
12.848 -2.3348
5.7397 5.1137
-5.6853 7.5439
-3.8362 -1.6005
-3.0984 -1.5578
7.9749 -8.3438
0.31688 3.4108
2.1137 8.2699
-9.2824 0.74231
12.048 -2.0303
5.4783 -3.2621
-1.332 -3.3285
4.7997 -4.3298
6.8212 4.7982
0.12408 2.0913
0.065452 1.8093
-6.2428 6.6048
-1.7658 2.3131
-4.8718 8.0748
2.4833 8.4722
-5.0857 -9.1139
-2.378 1.2318
6.5407 1.9162
-6.075 6.2071
-3.2408 -1.8117
-5.4588 -8.8839
8.2834 1.8373
-3.7552 -1.3564
0.77857 8.7753
-2.7716 0.53966
1.4166 2.7225
6.469 4.6434
11.204 -5.1793
-1.4449 3.4567
12.008 -5.8715
0.19187 2.2111
-5.8466 7.414
6.3684 4.5337
0.57582 2.0323
13.394 0.6083
-3.4504 8.7834
12.192 -5.3108
4.4087 7.3282
-4.3293 -9.4567
0.3994 -11.38
-4.7436 6.8765
12.763 -2.6693
8.0863 -9.4676
-5.3707 7.0454
-3.0438 -0.7193
7.0301 3.1269
5.8499 5.3623
7.3721 0.7525
-9.2569 -5.1233
-8.7473 1.7634
0.67069 -4.1104
6.305 -0.12307
12.862 -1.0821
-5.6111 6.6718
-1.1284 3.203
6.7181 3.0906
7.9021 3.029
7.5249 -1.3239
7.893 0.087556
3.6802 7.9028
8.0829 1.4584
-9.2836 -1.1842
-2.6856 -3.5457
-2.4763 -2.3973
-7.8431 -5.7202
-1.9252 -1.9691
-1.2439 -11.279
4.8325 -9.8744
-1.1924 -3.9219
-6.0946 -8.6301
3.6474 7.3396
0.41609 2.3759
-1.413 -11.15
-2.3413 -0.84923
-2.1062 2.1928
6.2182 5.6075
-3.8724 -0.79805
-0.47766 -3.5561
1.9933 -3.8778
6.3522 -1.1404
-5.6104 6.4548
7.3239 1.6209
3.9562 7.6874
-1.5697 1.6636
-9.8053 -1.7355
-0.96654 -4.4191
-8.1597 -3.3759
3.1144 -4.6573
-1.3933 2.1628
4.7449 7.2238
6.6044 6.4092
-4.3025 7.4207
8.7572 -9.289
-8.5833 -1.0482
11.011 -7.6479
-2.7646 2.7119
-1.8153 -3.1424
0.48378 2.6359
5.8193 -2.4279
-3.0679 -2.1926
-2.9877 -2.1455
-8.9327 -0.097199
4.0577 6.4722
-1.2965 3.2822
-3.6009 -1.6196
-3.2574 0.079647
-5.3175 -7.9429
-8.6493 1.3139
3.5546 7.684
-2.692 -1.2957
-9.1662 2.7223
-7.7874 5.7698
13.668 -2.5173
7.9008 -9.6246
-6.4735 5.8411
12.493 -5.6404
4.3678 6.9492
-2.6067 1.652
12.812 0.25724
5.2352 7.0006
-0.4346 -5.0433
-2.596 -3.1105
0.32114 -5.6086
3.7417 7.3723
-2.559 2.2381
13.744 -0.16099
-3.5069 -0.13227
1.2957 -5.7688
-7.9568 3.4114
5.1325 5.9748
-5.3457 -8.1813
0.65394 2.4222
12.139 -3.7054
-1.268 -3.892
-0.33767 2.4615
-8.2013 2.1178
5.6201 -3.4886
-1.2065 -3.3114
6.7313 -10.02
-3.5977 -0.47123
-5.2454 -7.6942
-3.7874 0.48441
-9.3706 -3.931
6.7833 -1.4926
4.55 -2.744
-9.5931 -1.6036
13.402 -1.7577
3.9914 -3.5464
0.14757 2.1327
7.877 0.28981
-6.292 5.8906
-8.9272 -1.6616
-0.89191 3.1958
3.0126 -5.5485
1.9967 8.0559
11.908 -5.2156
-6.8124 -6.5529
-0.89505 -5.1147
7.3776 4.013
0.57117 3.2164
6.4865 6.0106
-1.2618 -3.8431
-1.4912 1.5735
-2.2142 0.63547
7.0541 -10.087
4.9522 -10.939
-8.1718 -5.4109
5.0671 -10.53
6.05 -0.10956
-3.2373 -0.86126
1.2762 1.7803
5.9236 -2.5179
1.5244 2.415
4.5333 -3.0709
-5.5317 6.7729
14.2 0.2625
-5.3768 8.43
-4.4836 -9.5455
-5.3493 -7.8039
-4.5349 7.0005
-3.8206 0.69813
-9.3083 -5.1084
3.6844 -4.5916
7.4623 4.8782
-7.827 4.2817
2.2641 8.003
-2.3244 -3.5235
-9.5464 3.0423
-2.473 -4.1468
5.1336 5.0327
-8.6662 -1.146
0.027671 8.8465
-3.2564 -1.4146
-3.8586 0.081407
-9.6556 2.2479
-0.071123 8.7255
0.60384 2.7714
-2.4565 -1.1924
10.831 -5.8779
-5.9531 -8.2989
11.524 -5.4335
-7.2117 6.7781
6.9745 2.3349
-3.2056 1.54
0.41186 2.4724
-1.9924 1.3647
-9.7488 -3.6582
-1.3745 1.9918
-0.31194 2.0249
-8.604 0.24892
3.0073 -11.435
-2.4051 -11.456
7.9618 -9.3944
2.7072 8.1667
1.521 2.0967
0.65623 -4.742
-2.499 -11.296
0.46874 1.8095
4.6612 -3.5412
0.22408 1.8049
-8.6277 1.6184
1.5919 2.6088
4.6795 -2.7606
-0.66592 3.234
-3.5029 -1.7267
-3.4957 -1.0418
-7.4619 -6.8836
-3.1323 -10.324
-0.99479 2.9003
-2.5347 9.2693
6.0415 5.203
-3.3756 -1.8414
6.3613 -1.3876
13.794 -2.657
13.127 -4.8188
-0.58006 2.746
2.018 -5.0611
4.0836 8.4587
-2.5658 9.3886
7.5057 0.19793
5.1053 -3.6233
8.0593 2.5492
-8.7883 -3.43
3.0274 8.1331
-6.9285 -6.6142
-2.6718 2.5414
4.6637 -2.8804
8.551 -8.2229
1.1889 9.5388
11.095 -7.5885
-6.3023 -8.5133
0.018195 2.5496
-2.9896 -2.9645
-3.9413 -1.5458
7.1636 0.7609
-2.3695 -0.49796
-0.71175 3.2586
2.0129 -4.9077
-4.6331 7.0611
6.6205 3.4383
0.16212 2.5806
2.6248 8.2284
0.062909 -4.9151
11.066 -4.7355
-3.5258 -0.41705
-2.5093 -3.1397
-9.8686 1.1762
-0.1907 2.0896
1.2082 -4.632
