1.9933 -3.8778
-7.0269 4.7973
-3.6477 -1.0307
2.4918 -4.6483
-0.023103 3.631
5.1734 -3.4188
8.89 -8.8571
-2.0801 3.0453
-3.6706 7.466
13.794 -2.657
-1.3202 -10.155
1.8495 2.7065
5.7062 -2.0019
6.6353 2.7937
-0.083647 2.7476
-10.265 1.8767
4.3452 7.5415
-1.6318 2.4409
2.0195 -11.757
7.7738 0.90806
6.7166 -9.0182
-1.114 -4.4341
-9.0609 4.6606
3.0126 -5.5485
-9.867 -0.75985
14.524 0.3022
5.8071 -3.7016
-2.4763 -2.3973
-3.4691 -9.8581
-6.4735 5.8411
6.7819 1.1035
7.877 0.28981
7.2661 3.7973
-1.3842 1.46
0.32691 3.0256
7.4703 -0.57956
-1.4449 3.4567
-2.9554 -1.7026
6.8601 -1.885
7.6814 3.025
6.6744 6.4514
-0.96654 -4.4191
6.429 -3.3817
5.3811 5.3667
6.8324 0.88324
-4.8121 -8.1807
-5.6144 6.4896
-4.2372 8.54
7.101 1.1581
11.095 -7.5885
-4.6331 7.0611
-8.1702 -3.6392
11.114 -7.342
-3.2564 -1.4146
0.82401 -4.0192
5.1325 5.9748
12.493 -5.6404
-9.5374 1.8841
6.3055 -9.2909
13.929 -1.8787
-2.17 -2.7948
-1.5316 1.5391
-10.018 0.36528
-0.60727 9.7529
4.1541 -11.762
4.8138 7.1155
-1.332 -3.3285
-2.6856 -3.5457
-3.1138 1.6987
0.16693 -11.233
1.0695 -4.5537
7.8789 1.5544
-2.7988 0.36282
-9.7745 1.97
-4.0149 -1.5595
-0.16787 3.5623
3.5998 7.9759
-9.5828 -2.0375
-1.5235 8.8812
7.7023 1.4061
0.31465 -10.363
11.258 -4.6376
7.3721 0.7525
-2.9655 2.5103
-2.5243 -10.583
-2.7646 2.7119
-3.4504 8.7834
5.9729 7.1375
-8.8134 1.5378
-2.2864 2.3651
2.7813 8.0775
-3.4579 0.75822
4.0541 -11.015
0.0080199 2.6512
0.99382 -10.043
-0.48866 2.0067
11.003 -4.7819
-3.7874 0.48441
-5.6853 7.5439
-2.9896 0.59948
-0.52421 8.7614
6.6365 -9.4514
7.3676 1.4353
-9.567 2.7991
6.5616 0.75932
-10.104 -1.7302
0.31951 1.958
6.5314 -0.48804
-8.6493 1.3139
-1.9848 1.7547
-3.9413 -1.5458
-8.7473 1.7634
12.51 -5.4023
7.1416 -9.1285
10.164 -6.8641
-0.40186 -9.9535
-8.7879 -1.3891
10.99 -5.8463
-7.3812 6.6531
0.12103 -5.1175
7.0168 -0.80797
3.6802 7.9028
4.2785 -10.121
-7.7665 -5.7499
-3.6456 0.89043
-3.1048 -0.28498
-8.8764 3.8192
5.3804 7.2631
0.70389 -3.7962
4.4946 -4.0284
1.8386 1.9773
-4.8201 -9.186
-7.0874 5.3726
6.8212 4.7982
6.6848 5.2491
3.5546 7.684
4.661 -3.8863
6.3003 -2.1613
6.7092 0.59655
0.68034 9.4003
7.5977 -0.31828
7.7248 -0.46252
-6.4086 -8.9706
-2.9827 0.59474
-3.6898 -8.9522
4.7997 -4.3298
-6.9881 4.729
2.8113 -10.449
-2.8001 -1.4784
6.6205 3.4383
6.4039 -10.423
-9.1662 2.7223
-9.2308 -1.9157
7.2918 1.1638
-5.3197 7.0687
6.8327 6.2854
0.48378 2.6359
-5.847 -8.1782
2.2233 -10.1
-3.184 8.7365
-6.3464 7.1
-2.2329 1.9161
2.7672 8.352
4.0002 -10.385
-1.3319 -4.4411
0.43364 3.4487
-2.7047 -3.2244
-7.7874 5.7698
-9.6556 2.2479
-3.5029 -1.7267
-0.89455 1.938
-9.3706 -3.931
1.5308 -4.8027
0.021855 1.8087
7.7397 1.2723
0.65394 2.4222
0.48274 -10.548
1.0126 -4.7936
3.849 -3.8507
-3.555 -1.7314
-2.047 2.1873
4.8962 -4.3293
-1.7785 -4.1028
-5.7313 -7.6283
-3.285 1.0946
-6.484 -7.8022
-7.9106 -6.2218
4.7867 -3.7401
-8.9098 -1.6752
-0.50205 8.5884
-0.30292 3.5928
13.16 -1.4045
-0.52876 -11.365
-2.0973 3.1064
-9.9171 1.7715
-3.9854 -8.7516
-4.2128 -1.0221
-8.1718 -5.4109
-1.146 2.147
10.183 -6.7923
-9.8053 -1.7355
-8.9327 -0.097199
8.0593 2.5492
-3.8362 -1.6005
-2.7044 0.61541
-1.4912 1.5735
-4.7663 8.5421
5.8492 -3.3484
2.2641 8.003
5.3094 -3.5871
5.5597 6.569
7.5616 -9.3727
0.59106 3.0147
8.551 -8.2229
4.6653 6.7629
0.17821 2.6275
-6.0907 7.5679
-1.2754 1.8253
5.2038 5.0139
-1.6524 7.7906
5.8887 -2.4118
-4.2865 7.3173
-2.6114 -2.2933
-1.0753 2.7936
-2.6271 7.6861
13.228 -2.6133
-0.14926 3.5356
4.8999 -10.679
0.6453 -4.4462
-9.7488 -3.6582
-7.019 -7.0837
0.55367 1.7516
-8.7502 -1.2214
0.46365 -11.831
1.0582 2.3128
7.7264 -8.239
6.3613 -1.3876
2.8836 -4.1526
-2.467 0.44857
4.2059 -3.476
6.3737 -3.1106
-9.1208 -2.8747
1.2565 8.0957
1.5545 -4.901
6.7833 -1.4926
-1.0118 -4.3147
0.38562 3.0166
6.152 -1.9671
6.0415 5.203
-0.20295 3.0905
-9.9169 1.5482
-7.0064 6.6208
-0.1771 2.7083
4.7195 -3.4548
-3.2705 -0.59352
12.024 -6.2442
9.4416 -8.7758
7.4992 -1.6903
-3.32 1.2037
-4.9404 -9.4717
8.0829 1.4584
8.0863 -9.4676
0.24528 2.6621
2.5381 -4.0217
-9.6082 -2.4843
9.4454 -7.1701
13.233 -2.5955
-2.3014 0.66023
4.9229 -10.579
-0.47766 -3.5561
1.5919 2.6088
11.908 -5.2156
3.8079 -10.573
-0.93383 -4.0793
-1.8625 1.4036
-9.5931 -1.6036
-9.139 -1.9672
4.1562 -3.0674
1.6003 8.1564
-0.35589 1.8307
-3.9662 1.084
-2.1295 2.6283
-8.561 5.5946
9.3374 -8.7771
3.8528 7.4084
2.5551 -4.6683
-7.937 3.6507
0.018195 2.5496
-2.7612 -9.7482
-3.1659 2.2169
1.3721 -5.4345
1.2082 -4.632
7.5057 0.19793
-9.8686 1.1762
-6.2739 -9.1392
-2.3206 -1.6251
-4.7669 -8.1148
13.189 -3.5082
-1.3267 -2.816
-6.802 5.7108
-4.4836 -9.5455
5.0439 -3.8156
13.047 -1.8737
-2.3779 -1.23
-2.9053 -9.6343
6.3486 0.11547
12.923 -1.085
6.6998 1.3383
0.83003 -5.5562
-9.9965 -1.5622
4.1781 -3.9978
-2.8473 9.1376
3.7735 -11.209
-0.20151 3.0333
4.7449 7.2238
-0.08536 2.2642
6.1868 4.5178
7.3776 4.013
4.2871 -4.764
-2.4558 1.2789
-8.2064 -2.8758
-8.7906 -2.3959
6.5805 0.97891
0.88468 2.2702
-2.2142 0.63547
-1.5071 2.1313
-1.5697 1.6636
4.6024 8.2204
0.13702 1.8038
4.5333 -3.0709
-1.6705 1.6358
1.2857 -4.5592
-1.9252 -1.9691
8.2834 1.8373
4.8873 6.4647
5.5902 -2.2043
-0.048937 3.4546
1.028 7.9404
-4.8025 -10.206
-0.74936 8.436
6.2959 -2.1914
6.7313 -10.02
-2.1062 2.1928
-6.292 5.8906
6.3585 -3.1495
-8.7446 -3.236
6.4629 -3.5139
4.512 7.2866
11.949 -5.729
-5.6812 5.8274
9.9791 -7.2338
-2.5362 -9.8017
-3.2421 -3.1838
-1.9146 -4.372
6.4327 -0.12728
-2.4857 1.9499
-0.12494 -4.5429
-4.3025 7.4207
-2.8197 -0.15006
-10.054 -0.30711
-0.82744 -3.2297
-8.4413 1.1915
5.4783 -3.2621
6.1834 -1.4384
10.695 -4.9817
6.9745 2.3349
2.1861 7.622
-8.7845 2.7866
1.0706 2.6482
6.124 -10.065
1.136 1.9152
-8.6277 1.6184
-2.8621 0.39584
6.0652 -3.028
-6.4588 -8.4073
-1.7939 2.3073
3.2397 9.1113
-3.2408 -1.8117
-8.6431 0.33457
5.8517 6.7389
-9.6245 -0.18452
0.10898 2.7877
0.43587 3.4267
-3.0984 -1.5578
-2.2775 -4.4281
-5.9514 -8.6656
-4.3808 -10.105
0.65623 -4.742
0.71476 9.4941
0.68962 3.2085
-2.7763 -2.0113
-3.8693 -10.831
-2.7716 0.53966
9.3888 -9.0043
-7.9561 4.6188
-8.7883 -3.43
4.0577 6.4722
0.088534 -11.632
2.3235 -4.9009
5.6729 -3.9411
2.6169 8.6857
-8.571 -0.15117
2.7053 -11.46
6.305 -0.12307
-0.076608 -3.7123
6.7197 -2.6339
4.9874 -2.6357
-3.6975 1.2215
-0.9121 3.6852
7.5656 2.1082
0.66315 2.7056
-3.0197 1.3078
1.6792 2.6211
1.7327 9.5948
-1.5388 1.3471
5.9328 4.9281
-8.5724 -2.937
-4.8192 8.0732
1.971 9.5295
-0.43972 -10.09
-2.4846 -1.6142
-8.6662 -1.146
-2.0917 -2.6033
-0.99479 2.9003
-7.8431 -5.7202
6.3287 6.1439
0.67069 -4.1104
7.7435 -0.19355
4.564 -10.755
2.2831 -5.7556
-3.8206 0.69813
-3.9755 -0.99156
-8.6849 4.3877
0.69251 -11.116
12.412 -2.241
0.51985 -4.1484
-7.6767 -7.5025
-9.0221 -6.0732
-7.19 5.8926
-7.4619 -6.8836
-2.9877 -2.1455
-1.0452 1.9191
5.9466 -3.3028
-7.54 3.9906
13.532 -0.43961
-0.71175 3.2586
4.784 -3.0315
5.3373 7.1919
6.1341 -9.4268
-3.4957 -1.0418
-8.3728 3.4512
-8.9198 0.12075
-8.4639 -2.992
-1.1508 8.5299
-7.9285 -4.656
-9.7341 -3.0819
4.0836 8.4587
2.6011 7.9261
-2.7492 -0.50415
4.0162 7.8977
6.7346 -0.75003
-8.5833 -1.0482
1.4777 1.7203
7.7744 -9.317
0.12681 2.5201
-2.9445 -10.285
2.7072 8.1667
-9.2824 0.74231
2.6171 9.1883
1.3155 -10.897
6.7897 0.97602
10.293 -6.0429
0.11902 3.2263
2.1137 8.2699
-5.9531 -8.2989
-0.41759 2.2896
-1.8591 9.6651
-7.9029 5.5207
-3.0535 1.3032
-2.8701 0.20161
5.8175 -1.7013
3.0418 8.7026
13.053 -0.99932
6.6044 6.4092
-1.9849 1.4624
-7.1436 -5.7201
0.062599 2.3526
8.0878 0.79039
-0.7733 -11.005
6.8279 -1.9445
-8.9272 -1.6616
-2.6718 2.5414
1.6288 -5.1879
-1.6266 -3.1491
-2.313 1.3641
-6.075 6.2071
-3.3806 9.4031
6.3078 6.2092
-0.17377 3.1675
-5.9757 7.9047
-3.0366 -2.0559
3.6474 7.3396
-2.9815 -0.095033
4.6637 -2.8804
-0.4346 -5.0433
11.363 -4.5722
-7.4016 -7.5212
-2.692 -1.2957
6.057 -3.154
0.068305 -11.095
-4.8692 -8.2263
-1.9762 -3.9869
4.4611 -10.293
-2.5946 2.0594
-3.8586 0.081407
10.434 -7.7684
4.2855 -11.099
-0.45433 -4.2979
0.99486 -11.178
1.5883 2.2475
7.5528 0.93444
-2.7643 -0.35483
7.3291 1.9696
-2.3695 -0.49796
6.3466 0.24333
-2.9942 2.0553
-2.2185 -2.7343
0.25512 -4.3155
-1.5914 -4.0866
0.016572 1.9014
5.904 -1.557
-5.3457 -8.1813
6.3398 -2.4516
-7.9568 3.4114
1.1889 9.5388
-3.61 -0.24634
-2.3614 -2.9868
-2.2136 8.1432
1.6173 1.7802
6.89 3.9425
2.2897 9.4994
2.6908 -4.9364
-0.24076 8.717
12.812 0.25724
-6.1597 7.2642
4.3641 6.3744
9.6823 -6.949
-4.7436 6.8765
-0.48886 8.5113
1.5244 2.415
13.204 0.21503
-9.1646 -3.3168
6.7433 -2.6094
0.01611 -10.839
-0.89191 3.1958
-2.158 -3.2246
1.3149 -4.0249
2.5129 8.0484
-0.77459 2.663
-9.2836 -1.1842
5.1698 7.0441
-2.4035 1.4864
-0.72976 -3.964
0.12995 2.6252
6.2979 0.81916
8.0525 1.9491
-2.6456 -0.54664
-3.9153 0.97622
1.0854 -3.9615
-1.9633 -10.632
5.3052 -2.9862
-2.6067 1.652
13.797 -2.2288
-1.7276 -5.0834
7.1654 4.8288
-8.604 0.24892
3.7417 7.3723
6.1496 6.3685
0.41609 2.3759
-6.435 7.1324
-1.588 -4.4168
-5.5317 6.7729
6.5293 -1.9746
6.7655 3.5153
-3.515 1.5566
-2.1083 2.394
8.1321 1.5851
0.84339 8.0423
-1.3026 2.0276
6.747 1.1138
-2.6809 1.0513
0.5776 -4.9175
3.9914 -3.5464
-2.473 -4.1468
-1.7977 2.098
3.7166 7.7367
-0.082752 -10.568
7.0301 3.1269
4.8325 -9.8744
-2.964 -2.2842
2.4833 8.4722
-0.99358 9.1593
5.5128 -3.019
-2.0945 -10.041
-1.929 3.263
-4.1856 -0.35279
11.966 -3.6062
12.183 -1.968
12.502 -5.4308
-0.73172 3.2688
7.1565 0.40896
13.127 -4.8188
5.0671 -10.53
6.7181 3.0906
-9.6783 -4.1617
-0.66592 3.234
-5.8447 -8.1564
-6.5506 6.5371
0.6652 2.5205
-2.3475 -1.3185
-2.2333 1.33
-3.5113 0.29072
0.29705 3.4416
5.422 -10.043
-3.7429 0.69303
6.05 -0.10956
8.0389 -8.8246
-1.3476 1.7666
3.0671 -9.9374
7.6468 2.1892
-5.3768 8.43
-4.8718 8.0748
-8.6008 -5.3749
6.3415 -3.0925
4.1706 6.6491
-3.0983 1.5969
7.1436 -9.8051
-6.524 -8.1727
6.728 -0.6862
-3.7632 1.1808
-0.90509 -10.754
-9.5276 1.3572
-1.2065 -3.3114
-4.7524 -8.371
-1.5044 -10.191
-2.4051 -11.456
-2.3409 -1.4681
7.3239 1.6209
2.1918 -5.5988
4.4087 7.3282
6.5812 -10.723
-0.55157 3.5273
