10.143 4.5926
4.1048 1.285
3.4755 2.9362
-2.0671 10.937
9.7916 1.1334
5.8025 11.206
-4.0439 4.8156
-5.3684 -3.5337
7.8905 -4.2877
8.0874 -4.3726
6.8187 8.8843
3.4846 2.6142
7.9544 9.5103
-5.6848 -4.2491
-6.9618 10.394
2.6339 -1.2228
2.0043 -2.1433
3.0973 -2.1064
2.1923 -7.9691
-0.74476 11.455
-5.573 2.6187
8.6215 -4.9693
10.49 5.3633
-4.969 10.722
8.4016 8.5212
-4.5128 4.019
-3.3641 -5.3744
6.7313 8.6283
10.569 2.8691
-10.114 8.342
2.2065 4.3114
-4.1336 -4.0327
3.4482 0.42056
-3.3985 -6.7125
3.5362 10.802
-5.7092 0.40345
10.794 2.096
-6.5057 0.80207
3.499 12.296
9.8077 2.548
10.022 7.0732
-0.085408 4.9615
-7.0525 -0.94906
0.0051406 12.178
0.3348 -1.5205
-1.2611 -8.2375
-3.6024 -7.2204
-10.011 8.6479
-7.0938 10.033
3.8621 0.60416
4.625 1.4082
8.0269 -3.7973
-5.3398 3.4516
6.6104 -5.4548
-4.9236 3.5179
4.7429 0.30697
11.371 0.51905
10.681 2.3232
4.6009 2.6196
1.7733 12.005
4.0535 -0.30319
-0.090498 -0.82902
-5.4039 11.423
2.5235 -7.8812
6.9847 8.8587
1.3119 -1.0249
-4.4944 -4.6061
-1.5359 5.145
-6.1978 1.1634
-6.101 -0.15807
4.0984 2.5578
-0.194 6.0429
3.2185 3.7343
6.3707 -6.0454
-6.0839 3.7231
-10.363 5.5722
0.13212 -1.1115
-4.2236 5.5092
4.5258 1.417
-11.412 3.241
-6.2716 1.9062
3.6114 3.2933
9.3764 3.5677
3.6718 -1.5414
3.2144 3.3779
2.9146 5.372
2.9836 0.41965
-3.4305 5.5581
-12.327 2.6919
-4.4336 3.6441
-5.6744 -5.4514
-5.227 -4.9774
0.68312 -2.4108
0.48015 5.1484
7.1851 10.331
2.8153 4.1424
3.2136 -7.1432
0.17345 6.4202
-3.6637 3.8804
4.2408 2.8117
-5.3322 -0.20641
-5.6998 -0.33833
10.251 4.0112
2.9848 -0.75473
4.5806 -6.762
2.1924 4.9219
-6.6175 -2.8301
4.6975 -0.22146
3.3206 2.6251
3.125 -1.6428
10.749 4.6582
-6.9021 -2.029
7.3691 9.4599
2.9146 3.4873
3.17 3.7948
-6.4647 -0.22058
-6.7397 -0.27229
6.1341 -5.8813
4.61 1.2463
-4.3094 4.5871
-0.29571 6.7688
-3.564 11.755
-5.6598 -2.3224
-3.8138 -6.1155
4.2373 1.8613
9.2064 3.8758
9.6431 0.66543
3.9815 1.095
-1.7813 -7.0775
4.6898 9.9522
9.561 -4.5946
0.68049 -0.95802
3.9627 4.7817
3.8197 1.1501
-5.2733 2.833
2.7984 4.48
-5.453 -4.2607
4.1299 -7.8234
-4.1399 12.387
-12.394 0.3917
-3.9334 3.9688
10.371 4.931
-0.18889 -8.5388
-3.2871 5.764
9.9272 2.6616
-1.6171 -8.1883
-12.047 2.8737
2.5914 5.0866
3.5093 4.1397
-1.3235 5.9009
1.895 6.1147
4.9755 1.9916
-6.615 1.1622
3.467 0.55143
-3.8325 10.874
-0.48787 -6.9823
2.146 -1.147
-3.277 11.167
0.50273 6.7554
5.4326 9.8503
-5.3415 4.0925
-4.5902 3.2043
1.4899 -7.9814
4.7874 0.51559
9.5833 2.0482
-5.1341 10.427
4.3806 -8.4031
7.5506 -5.5371
6.8466 -6.414
0.34606 -1.4222
1.6073 -8.7529
3.9896 3.9645
8.9106 7.2218
-5.3585 4.1495
-3.2855 12.099
10.06 4.3154
4.3328 10.203
1.0854 -1.2642
-3.3716 3.9824
11.318 1.978
2.4912 -0.57353
-6.3134 9.9777
-3.2785 11.121
7.3464 -6.1
9.8134 -0.53779
7.484 8.8022
-13.524 0.6978
3.3695 1.498
-6.7248 1.4625
-12.744 1.161
10.889 2.4223
-2.7166 -6.7367
-3.5583 3.9732
-11.923 2.085
3.9053 10.634
2.7939 -1.3073
-11.493 6.6404
10.165 4.3168
-10.949 6.729
-5.8212 -3.7982
-0.36215 11.517
10.061 -3.6606
2.8136 -0.67807
2.4625 5.1908
2.3842 -0.46001
-0.13388 -1.681
-5.0721 3.1157
2.9905 -0.86683
-1.5381 5.0217
-0.71717 -0.84477
-6.6715 1.2027
0.93169 12.095
1.6659 -2.234
10.284 2.1842
-5.9067 2.6611
1.6938 4.858
-6.6556 0.42665
4.4065 9.8995
11.306 1.9304
-11.139 4.7054
0.88098 -2.2263
-5.8324 0.11676
7.8461 -4.4795
-12.598 1.3569
10.678 5.1617
-11.402 5.249
-7.5467 8.9255
-12.16 2.4045
-2.0274 -7.1331
-3.9522 11.939
3.937 1.3049
4.5113 0.70928
9.9327 1.0972
4.2948 11.17
10.734 4.0819
-12.794 3.657
3.4763 3.3973
-12.228 3.6133
-11.782 5.0222
2.6138 -1.3241
5.7663 -7.5421
0.81094 5.5348
-6.4424 1.4196
-4.3763 -4.6767
-0.98765 -1.0591
-5.5616 0.24068
-0.20603 6.4594
4.6456 0.10957
-1.7197 5.4032
2.9252 2.9691
-7.6477 9.3335
2.9542 -8.7421
-5.7433 3.6094
-0.61728 -0.78019
0.30749 12.116
0.68535 11.363
-4.7895 3.0094
-12.053 1.9993
6.3175 8.9429
1.7885 4.3713
1.9756 -8.1585
-6.3721 0.2475
-5.4721 0.52351
-0.53077 5.8027
-12.204 0.78497
-6.5656 -1.1082
-1.3068 -7.7557
-5.3078 -5.2092
-6.2661 -2.7973
-6.5616 10.373
1.6074 12.695
6.6144 -5.4896
-3.0863 -6.3093
5.2403 -7.6554
2.92 -1.1238
-3.1562 4.0674
1.1738 -2.1675
8.7874 -4.7698
0.6006 12.38
-5.4702 -0.52748
1.9338 5.0793
10.235 -0.37583
9.0054 -1.7523
-4.6729 4.9411
0.42883 -2.2164
-0.19734 -0.75819
0.7758 -0.76297
0.42418 -1.0323
6.4712 -5.4522
2.6524 -6.7906
2.0452 -0.91911
-0.28575 5.5592
4.4075 10.508
3.5347 -8.2693
0.62969 11.164
6.4588 9.8839
3.9655 -1.5103
-2.1144 5.6573
2.3933 -1.1628
0.11532 -1.2702
10.2 3.0031
7.3528 -6.2776
10.917 -0.7715
9.6425 6.4546
-10.413 5.2544
-11.048 3.0303
1.1771 -1.7083
4.6706 -6.466
-4.8492 4.3484
-0.2762 -0.78034
11.104 2.7302
-11.192 6.3108
-0.62878 6.1879
-0.31545 11.897
0.52436 5.4788
0.9374 -1.3526
-4.3804 -6.2631
7.9285 7.6142
10.469 4.4392
3.0917 3.6033
9.6662 2.146
7.075 -5.2071
-6.1636 0.2391
8.9029 -4.5207
0.74136 11.546
11.107 4.1268
6.9514 9.6656
3.3475 2.3185
-2.2397 -8.1113
4.9413 2.5458
-3.7368 4.1568
9.6277 -0.61844
0.87005 -1.6252
-0.44532 5.2825
6.3457 9.1813
-0.5708 -1.2351
7.1597 -6.2642
2.9418 0.039683
3.3779 2.23
-5.1496 -5.3685
-3.8225 -4.527
2.4062 4.1686
3.6183 0.81083
-11.183 2.968
1.5288 12.365
3.61 4.7356
3.2867 -1.9173
8.136 6.2464
-5.2959 3.1914
4.3278 -1.4112
-2.6474 -6.3396
-5.4865 -5.0106
0.25243 5.5458
10.848 1.0956
6.6111 -5.6718
-5.2182 -4.6075
1.5213 11.427
-5.5731 -0.61269
8.2117 -5.7781
3.599 1.3459
4.4129 11.672
-6.7264 9.239
2.2323 -2.3042
1.0231 -2.631
2.2439 12.279
2.0753 -1.7936
11.367 1.2262
-3.4946 5.0284
-6.6961 -2.4324
6.6468 9.7721
2.096 4.3953
1.1989 -1.1377
9.7879 2.3891
-5.9745 -1.3349
-3.2059 4.476
2.9295 10.674
7.0946 9.6301
0.56636 -2.4487
-9.8653 6.1737
-0.047412 -1.5157
-7.0829 -0.45841
4.677 -7.787
-2.6844 5.5916
-6.4609 -0.30072
-0.136 -0.91523
6.847 9.1782
10.656 -1.2479
-11.812 0.74276
1.4414 -2.6469
-5.4629 4.5139
0.70295 -2.4416
-4.4075 -4.5504
5.6114 11.312
-1.2831 6.7556
9.7745 0.61738
5.3181 -6.7207
0.89102 -1.7877
9.4413 -0.1915
-5.5293 2.9746
-6.1416 10.129
-4.9196 3.8069
-2.9562 -6.6874
-4.4783 4.2621
3.0499 -7.1692
3.4565 2.1924
-3.3678 -5.9492
-9.1636 7.8641
-5.0844 2.5703
2.5071 -1.1313
9.4511 -0.6879
9.1707 -3.0263
-5.8601 2.885
3.6763 0.32572
-4.2352 -6.0006
5.8495 -6.7372
-3.7857 -5.6172
1.4176 -1.2896
5.1856 1.3528
-6.5717 9.7563
-6.4229 -2.9664
-1.6011 -6.9261
4.6268 2.6843
1.9746 -2.5786
2.7977 -1.098
8.4619 7.8836
-0.11982 -1.7397
-8.9791 8.2338
0.27121 -8.8447
-6.0756 -4.1988
3.3472 -1.5819
-0.3869 12.394
5.0039 2.5324
1.0496 -2.5137
9.611 4.1652
0.67706 -2.1877
8.9285 5.656
-4.1698 -6.0441
-5.7166 10.018
1.0489 -2.4546
-2.7417 -6.3723
1.4397 11.09
0.63832 12.077
-5.3003 3.1613
-5.469 -3.6434
-4.6201 4.4886
3.3014 0.33977
2.9762 4.9869
-5.6662 -3.0927
-11.875 3.1395
5.7669 9.1148
-5.8279 2.9445
-5.124 11.065
11.054 1.3071
9.4623 -0.39083
-1.6908 5.9364
1.9121 -2.6852
0.51622 -1.6359
-0.66778 -1.3477
-0.080641 -0.9492
-0.83864 -0.9773
1.1961 -2.5229
-6.2489 3.0349
-11.763 3.6693
7.6401 8.4137
1.7232 11.589
3.7044 0.38459
3.2142 0.36453
3.3614 3.9868
3.1083 -1.394
0.31966 -8.4003
1.3074 -2.0185
9.7883 4.43
-2.0418 -7.7026
3.9972 5.0208
-6.1654 -3.8288
-3.8962 5.3293
3.2864 -1.3651
10.221 1.7368
-10.204 6.1793
2.5697 -0.66363
10.593 2.6036
2.8681 11.841
3.559 -1.2381
3.3139 -0.78192
0.17599 5.0192
-0.50993 -1.3937
-4.9345 -5.7521
-3.9284 10.836
0.27068 -1.8134
7.292 -4.8906
-6.3291 -0.96956
10.567 -1.7991
10.231 2.9157
-5.89 -2.9425
0.34377 5.742
-12.189 4.5082
3.7988 0.63718
4.2705 1.5935
-2.5998 -6.9759
-0.99329 4.8778
-4.9765 -5.1071
2.8031 -0.48221
4.8206 0.30187
0.22967 -7.5476
-6.1436 10.805
-1.0129 5.9077
-5.2347 -2.8003
2.5137 -1.4379
1.2168 -1.4906
0.99198 -1.6512
0.86999 11.437
-0.17285 -1.1128
0.80813 -1.2111
-4.904 2.557
-11.51 6.4023
-9.4342 8.7684
6.3108 -6.1982
4.1932 3.3563
1.2015 -2.0333
10.869 -0.17618
9.6849 -3.3877
-0.74727 -7.7487
3.9827 0.40526
3.2333 -0.32997
-5.6044 -5.4092
-0.027979 -6.9404
8.9089 7.4359
0.31155 6.4843
6.3768 -7.43
-2.6802 -6.9028
5.3811 11.562
5.3293 10.457
-10.258 5.6376
1.1249 5.5429
3.0801 -2.0453
1.4777 4.5561
-6.0541 11.087
-3.6612 4.5412
2.6981 3.9304
-12.504 1.2179
5.3808 11.105
-8.4454 8.1701
1.4215 5.3936
-1.4911 5.4172
4.2421 4.1838
6.0473 -5.8584
-1.0195 12.757
4.4592 0.55119
10.245 -3.2523
1.0766 4.7123
4.0197 -0.30777
-5.2076 4.1019
2.5834 -0.62232
0.16997 6.5562
-4.8193 3.4279
-0.67917 -1.6211
3.3993 -6.6606
1.4019 10.954
-4.5597 -5.569
7.3023 9.5133
-12.233 3.5955
-10.966 4.6062
0.30311 -0.77998
1.2029 -2.0905
10.248 -3.1158
1.1493 -2.5356
3.3244 4.5235
3.7716 0.46034
10.625 1.1845
2.413 12.15
1.0711 -7.7255
9.2013 -1.1178
6.3493 8.8039
7.4086 9.9706
0.85412 -0.92107
-6.6468 -1.1892
-6.3776 -3.013
-4.8517 -5.7389
2.2618 4.8431
9.8448 -4.3292
8.837 6.4151
2.5044 11.191
2.5997 -7.1094
-2.8528 -6.4084
8.54 -2.9906
-12.36 3.0499
3.5946 -1.0594
-0.68748 6.3984
2.929 -2.263
-5.3737 4.1106
7.0032 9.7819
-9.9974 8.8091
3.7692 11.95
-5.1834 2.4384
4.0679 3.1926
-6.3239 -0.62091
0.00050726 5.6746
3.7848 -1.7821
-5.5812 11.723
-0.37209 6.4345
-6.7021 -0.8473
4.6477 2.0307
-5.429 4.3817
3.8431 2.1253
9.604 0.75108
6.8447 9.1564
3.2113 -1.7945
-8.733 7.9743
4.4579 0.24178
10.887 0.058128
0.39616 -1.7714
7.4735 -4.8411
-4.7397 -4.1137
-0.091283 12.159
5.7582 9.5175
0.0061799 11.043
0.83307 12.233
-3.7075 11.934
4.5069 1.1323
-0.31488 5.0249
4.0438 1.7193
-0.47512 -7.1622
-11.776 1.7726
0.71778 11.365
-0.59481 -7.8005
-0.16442 6.7301
10.867 1.7599
-5.9639 -1.3497
1.9003 -2.0313
-0.84951 -1.7065
1.1745 11.022
-1.1783 -7.6134
-4.1325 -4.9748
2.878 11.29
9.5724 3.937
-5.05 1.1096
0.93455 -0.80926
-5.8797 -0.43202
-0.25646 -7.0957
-3.0753 -5.9202
1.0828 11.568
-2.0612 -7.6486
-1.7575 5.0821
0.64337 12.964
8.937 -2.6507
-10.355 6.8882
-5.7833 2.4926
-5.2979 0.18084
-7.0593 -1.5492
-4.9466 4.3028
3.5723 -1.2522
-5.7313 11.02
