3.1892 -1.3337
2.7825 1.2477
3.4463 -1.0341
3.7323 0.31288
5.3279 -0.27331
0.66176 3.7026
8.0625 0.26777
4.7126 -0.72642
4.1191 -0.84845
5.1575 -0.41445
3.2708 1.4155
1.8746 3.0398
4.1806 -1.7892
4.4297 -1.2509
4.5895 -0.86344
3.968 -2.2564
5.0461 0.080411
4.0963 -0.015674
3.7256 0.36686
4.7481 0.64929
7.3045 -4.5096
7.8015 -5.2114
7.5015 -3.1106
3.68 3.2996
8.059 -3.3803
4.9438 -1.152
5.5622 -0.27892
3.76 -1.0126
3.0764 -0.8735
3.8744 -1.895
7.7783 -2.7703
3.7899 -0.95269
5.3155 1.1277
2.9428 -0.74024
6.4636 -0.25302
1.1415 1.4176
5.2352 -1.7712
4.2848 1.3954
4.6522 1.642
7.1977 -1.9999
7.0079 -4.3855
1.2315 1.1888
4.4384 -0.54119
5.4982 -3.5134
4.8175 -0.99793
4.5946 -2.4295
6.751 -3.9579
5.167 0.29173
7.6632 -3.8216
6.1399 -2.7096
5.438 0.71351
2.6291 2.6488
7.0939 -1.7009
4.4092 0.58394
4.7552 -2.1295
7.7912 -3.7017
7.8586 -3.898
6.2642 -3.5039
7.2123 -2.1979
4.2775 -2.7644
5.5934 -4.174
4.777 0.73732
3.8366 -1.7999
3.4007 -0.07001
8.0846 -1.4798
4.7391 0.17841
3.3171 0.63724
6.6109 -2.9107
6.0422 0.10543
2.6714 -1.3779
6.2218 -1.8063
4.3878 0.49714
3.3048 1.1222
7.7729 -2.6109
5.9336 -3.1929
3.2075 1.9372
5.6112 -1.5392
4.1788 0.88924
7.7862 -1.2053
4.0343 0.9586
8.5917 -2.9177
3.4792 -0.9081
3.1081 1.9089
5.621 -1.2973
7.7424 -4.6967
6.5065 -1.3693
4.082 -0.16764
4.5731 -1.7694
7.394 -2.7701
4.1399 -0.83981
5.076 0.013878
5.2099 -0.94162
7.0948 -4.1883
3.9557 -1.2877
7.1266 -3.165
6.5279 -0.92682
1.743 -0.29018
4.1763 1.0023
6.2198 -0.91954
5.5252 -2.4394
5.8877 -0.5592
5.0809 -0.43442
2.4111 -2.0804
2.9383 0.64206
4.4907 -1.6607
4.7109 0.13297
4.0531 -0.004889
5.2287 -0.65519
4.2288 -3.1131
5.396 -0.20562
6.9959 -2.2373
6.8481 -3.7339
2.9103 0.45706
6.176 -1.196
3.5447 2.9519
8.8928 -4.4722
7.7169 -2.7237
5.0864 -0.020409
8.4751 -3.0048
3.0827 1.1382
10.262 -6.1829
7.1044 -2.056
3.0638 1.9614
8.4481 -2.3515
9.2061 -4.64
4.3294 -2.7136
5.8641 -2.93
6.1744 -3.8776
8.0866 -0.86879
7.2581 -1.8282
8.4021 -2.6366
7.481 -0.7837
5.3185 1.3945
7.1171 -3.6964
4.5682 -1.4462
6.6315 -2.4408
3.9142 -1.727
5.2625 0.048692
4.029 -0.92968
6.9949 -0.16142
5.7626 -0.11557
8.8867 -4.0845
7.6044 -1.8195
5.8334 -0.75048
6.409 -0.93338
5.168 -3.0066
5.5679 -2.8049
6.9144 -0.30704
4.8179 -3.1757
4.2423 0.69988
3.8656 -1.0202
5.2488 -1.1214
6.1634 -1.2167
7.663 -2.8852
4.2512 0.92569
5.4504 -1.2059
6.268 -2.0925
4.2501 -2.1091
6.4848 2.7344
1.5139 0.5396
2.4204 1.0702
2.9285 -1.141
1.9284 1.0861
5.6022 -1.4238
5.3536 -0.017193
4.7886 -3.175
9.9819 -4.3241
5.2223 -0.80825
4.254 -0.93677
3.2109 -0.46444
6.9587 -2.3113
6.5229 -4.5483
4.1022 -0.29129
3.4213 1.8614
4.5917 -4.0125
6.4518 -2.6813
6.3186 -2.7615
9.0915 -5.6898
4.2776 -0.073642
6.7154 -2.5126
6.7377 0.37714
0.041826 0.45052
6.0172 1.5893
6.4496 -1.7186
2.6018 -0.28706
2.0018 -0.35486
6.9282 -1.5667
3.1006 -0.25684
3.2501 -1.6687
5.9688 -1.9753
5.1443 -4.076
3.2895 -1.958
6.7119 -1.5794
4.7549 0.2563
5.8674 -4.5165
4.6831 0.73665
6.0212 -0.79435
6.6058 -3.9869
7.7458 -4.011
2.5704 -1.3064
6.5125 -1.6721
4.2529 -1.4214
6.63 -3.7793
6.2641 -3.8259
6.7849 -1.2415
4.1962 0.36816
5.9411 -0.44811
7.2923 -0.16367
7.1332 -2.0807
5.3204 -0.68057
0.98805 2.4119
2.0571 -0.96824
3.0357 -0.018358
7.6645 -5.1754
5.1371 -1.1597
6.3059 -1.8088
6.0831 -0.73923
2.0677 1.039
7.5372 -4.3062
5.4483 -1.5862
6.626 -1.5124
3.3771 -1.4306
4.8215 -0.91457
6.4124 -1.3677
2.0421 0.7396
4.0663 -2.1346
6.7191 -3.2313
4.9226 -0.73012
1.75 0.96977
6.23 -3.157
5.9357 -1.8427
6.0448 -3.5978
5.8871 0.38359
7.3892 -3.7623
2.5428 1.6497
5.8871 -0.42044
3.3928 -2.2213
7.6832 -0.62927
6.0871 -0.60314
5.2807 0.52291
4.2064 -1.2836
3.6377 -1.0877
6.4222 -2.7625
4.2782 0.36884
4.831 -0.08228
5.9623 -3.356
3.6076 0.6381
4.3249 0.33882
4.6393 -0.073817
3.4049 -0.046734
