9.4 4.8 32.751
5.4 9.6 -44.887
1 -3.2 -14.86
13 -5.2 31.283
3.8 -6.4 -55.266
11 -3.2 26.692
1 5.2 -0.26118
7.8 5.6 15.962
-5.4 -3.2 56.149
8.2 -6.4 -42.929
2.6 5.6 -4.2799
1.8 7.6 -26.963
8.2 -1.6 2.4422
6.6 1.2 5.1603
10.2 7.2 26.392
-4.2 8.8 3.3645
1 -0.4 1.6849
0.2 2.4 2.9433
6.2 -5.2 -46.535
2.6 2.4 -0.21692
9.4 4.8 32.751
5.4 9.6 -44.887
1 -3.2 -14.86
-5.8 -0.4 68.579
-1.8 4.4 14.555
-4.6 3.6 48.257
-1.4 -1.6 17.633
10.6 6 36.539
-5 12 -23.963
3 6.8 -19.081
-0.2 -4 -11.08
1.8 -1.6 -12.056
11.8 6.4 51.315
9.8 1.2 36.924
3 10.8 -71.121
7 -6.4 -42.411
-2.6 -2.8 13.789
-4.2 6.4 37.289
-0.6 -1.2 5.5406
2.6 0.8 5.6875
1 8 -23.288
9.8 4.8 32.29
3 10 -50.809
-5.4 8 41.744
-4.2 3.2 53.117
2.6 9.2 -45.712
-0.6 -0.8 4.9076
-3.4 7.6 12.226
5 4 3.1156
9.4 8 7.9952
12.6 -2.8 46.242
7 5.6 7.527
0.6 2.8 1.098
9 6.8 12.243
2.2 -3.2 -19.846
-0.6 4 3.2819
4.2 -6.4 -57.49
4.6 3.2 -2.9734
5.4 0.4 -8.333
10.6 -6.8 -21.001
7.4 2.4 19.875
8.6 9.6 -11.292
-2.6 4.4 27.456
10.2 3.2 44.292
3.4 0.4 -12.338
11.8 12 -19.348
6.2 -2.8 -12.136
1 -5.2 -40.072
0.6 3.6 8.9285
1.4 -2 -10.751
3 4.4 2.9846
4.6 4.8 -6.1997
10.2 4 51.102
3.4 -7.2 -70.427
1.8 0.4 7.177
12.6 2.4 78.856
8.2 -7.6 -49.442
-5 -2 44.673
-1.8 10.8 -43.134
1 2 7.402
8.6 7.6 1.5463
-1 11.6 -62.675
8.6 3.2 29.399
2.6 3.6 7.532
6.2 4.4 1.5463
1.4 -1.6 -5.0095
-0.6 -2.4 -2.449
4.6 -0.8 1.0755
9.8 -6.4 -27.062
10.2 8 16.198
3.8 -6.8 -60.106
5.8 4.4 2.7706
5.4 -2.4 -8.7952
7 0 4.5225
-2.2 -6.8 -26.436
1.8 6 1.7214
-0.6 2.8 10.674
-6.2 -6 44.399
9.4 -7.6 -44.368
-2.6 2.8 32.94
