-2.6 2.8 32.94
1.4 1.6 8.6953
13 7.2 58.281
3.8 0 -3.7227
13 -5.2 31.283
3.8 -6.4 -55.266
11 -3.2 26.692
1 5.2 -0.26118
7.8 5.6 15.962
-5.4 -3.2 56.149
8.2 -6.4 -42.929
2.6 5.6 -4.2799
1.8 7.6 -26.963
8.2 -1.6 2.4422
6.6 1.2 5.1603
10.2 7.2 26.392
-4.2 8.8 3.3645
1 -0.4 1.6849
0.2 2.4 2.9433
6.2 -5.2 -46.535
2.6 2.4 -0.21692
9.4 4.8 32.751
5.4 9.6 -44.887
1 -3.2 -14.86
-5.8 -0.4 68.579
-1.8 4.4 14.555
-4.6 3.6 48.257
-1.4 -1.6 17.633
10.6 6 36.539
-5 12 -23.963
3 6.8 -19.081
-0.2 -4 -11.08
1.8 -1.6 -12.056
11.8 6.4 51.315
9.8 1.2 36.924
3 10.8 -71.121
7 -6.4 -42.411
-2.6 -2.8 13.789
-4.2 6.4 37.289
-0.6 -1.2 5.5406
2.6 0.8 5.6875
1 8 -23.288
9.8 4.8 32.29
3 10 -50.809
-5.4 8 41.744
-4.2 3.2 53.117
2.6 9.2 -45.712
-0.6 -0.8 4.9076
-3.4 7.6 12.226
5 4 3.1156
9.4 8 7.9952
12.6 -2.8 46.242
7 5.6 7.527
0.6 2.8 1.098
9 6.8 12.243
2.2 -3.2 -19.846
-0.6 4 3.2819
4.2 -6.4 -57.49
4.6 3.2 -2.9734
5.4 0.4 -8.333
10.6 -6.8 -21.001
7.4 2.4 19.875
8.6 9.6 -11.292
-2.6 4.4 27.456
10.2 3.2 44.292
3.4 0.4 -12.338
11.8 12 -19.348
6.2 -2.8 -12.136
1 -5.2 -40.072
0.6 3.6 8.9285
1.4 -2 -10.751
3 4.4 2.9846
4.6 4.8 -6.1997
10.2 4 51.102
3.4 -7.2 -70.427
1.8 0.4 7.177
12.6 2.4 78.856
8.2 -7.6 -49.442
-5 -2 44.673
-1.8 10.8 -43.134
1 2 7.402
8.6 7.6 1.5463
-1 11.6 -62.675
8.6 3.2 29.399
2.6 3.6 7.532
6.2 4.4 1.5463
1.4 -1.6 -5.0095
-0.6 -2.4 -2.449
4.6 -0.8 1.0755
9.8 -6.4 -27.062
10.2 8 16.198
3.8 -6.8 -60.106
5.8 4.4 2.7706
5.4 -2.4 -8.7952
7 0 4.5225
-2.2 -6.8 -26.436
1.8 6 1.7214
-0.6 2.8 10.674
-6.2 -6 44.399
9.4 -7.6 -44.368
-2.6 2.8 32.94
1.4 1.6 8.6953
13 7.2 58.281
3.8 0 -3.7227
-1.8 4 14.598
-0.2 12 -84.994
1 -2.8 -12.552
9 -2.8 6.1353
-5.4 3.6 56.432
10.2 -2.4 15.371
10.2 -3.2 17.796
-5.8 2 75.239
-3 -3.2 17.562
-0.6 6 3.7953
0.2 2 16.351
-0.6 -2.8 -9.7135
10.2 0 37.158
1 -1.2 -2.7928
6.6 -0.8 4.8481
8.6 1.6 25.67
7.8 -4.4 -3.9017
8.2 1.6 26.563
7.4 3.2 20.87
-3.4 1.2 31.845
-1.4 12 -59.03
-2.2 -6.4 -31.228
9.8 -3.6 11.708
-4.6 -4.4 36.04
-2.2 0 26.616
5 2 6.7604
6.2 8.8 -19.212
4.2 3.6 -8.0533
-2.2 2.4 27.686
3 11.6 -68.403
9.8 5.2 33.016
12.6 -4.8 24.083
11.4 0.8 56.653
7.4 -3.2 -4.1867
2.2 -1.2 3.19
0.2 0.8 9.5067
12.6 0.4 57.687
-0.6 10.8 -44.755
8.2 -6.8 -44.55
7 -6 -36.393
-1 6.8 -0.42157
11.4 10 11.468
-1 4 12.519
-1.8 4.8 15.606
-4.2 -6.4 1.063
-3.8 10.4 -20.69
5.8 7.2 -17.882
-1.8 11.6 -61.726
-4.6 4 48.315
11.4 6.4 51.38
3.4 12 -73.156
5 3.2 6.9407
-0.2 -3.6 -0.31917
4.6 4 -3.726
10.2 12 -37.687
-1.4 4 24.163
1.8 -4 -29.576
5 6.4 -15.246
-1.4 11.6 -57.72
-6.2 3.2 83.662
-6.6 3.2 82.383
-6.2 0 84.1
7.8 8.4 -12.303
7.8 1.6 21.763
13 8.8 45.498
-4.6 9.6 0.57931
7.4 -5.2 -27.32
-5.8 8 34.493
3 -6.4 -56.502
1 9.6 -38.007
3 12 -74.167
7 3.2 15.411
8.2 7.2 13.321
-3.4 -1.2 37.315
-5.4 4.4 66.736
9.8 -6.8 -28.544
6.2 -0.4 5.8798
-6.2 -7.6 12.712
9 -3.2 0.72967
5 6 -10.662
-2.6 -4.8 -4.5666
10.6 -2 23.879
11.8 -3.6 36.693
12.6 4 72.837
-5.8 0.8 82.435
0.6 4.4 12.027
-0.6 0 12.346
4.6 -7.6 -72.252
-1 -2 22.183
-5.8 11.6 -14.514
0.2 -2.8 3.9225
5.8 8.8 -29.108
5.8 8.4 -18.136
-4.6 -1.2 47.099
-3.4 10 -18.127
-4.2 12 -34.558
1.4 10.4 -58.122
1 4.8 4.3742
-5.8 4.8 75.545
-1 5.2 6.774
-3.4 -5.6 7.0251
11.4 -1.6 37.536
-3.4 5.6 32.569
11.4 8 33.391
-3.8 -4.4 15.688
-3.4 -3.6 17.313
7 -2.8 -5.9936
-1.8 -1.6 12.576
10.2 -2 17.051
8.2 8.4 -15.338
3.4 -1.6 -0.89637
-6.6 -4 66.451
1.4 0 4.5539
11.4 6.8 44.055
-1.4 3.2 25.457
2.2 4.4 4.6772
11.8 -2 49.769
8.6 5.6 18.457
7 8.4 -22.577
11.4 3.6 52.158
-5 0.4 61.366
-3.8 3.2 42.37
-3.4 0.4 46.198
-0.6 -4.4 -10.779
6.6 1.6 11.036
-3.8 -5.6 0.25251
3.4 -3.2 -17.843
11 8 33.063
-1.4 2 25.218
9 4.8 20.368
-4.2 -0.4 50.508
6.6 4 4.4406
-2.6 0.4 31.125
6.2 2.4 13.881
3.8 7.6 -26.496
1.8 6.4 -9.2675
-2.6 0.8 37.21
-6.6 6 77.62
6.6 2 15.69
-0.2 9.2 -36.157
8.6 6.4 12.626
9.8 8.8 10.571
0.2 1.6 13.653
-4.2 -6.8 -0.50941
12.6 7.2 59.267
6.6 8 -26.711
-2.2 0.8 30.095
2.6 -5.6 -40.685
-5 5.2 45.868
-2.6 1.2 27.685
1.4 2.8 -2.6759
12.6 8 46.403
-3.8 8.8 5.8096
13 -4.8 35.372
0.6 -3.2 -6.7317
7 -4.4 -18.957
0.2 5.6 -3.4856
-6.2 0.8 86.218
8.6 -0.8 2.0406
-3 11.2 -38.375
-6.2 -1.2 79.001
1.4 2.4 0.62333
9.8 -2.4 11.93
-4.2 -7.2 -2.0641
3.4 2.8 4.8007
3.4 -4.4 -34.587
-1.4 -5.2 -17.704
5 8 -22.868
9.4 4 26.729
2.6 -3.2 -27.239
-5 11.2 -19.989
1.8 4 -2.0579
7.4 10 -35.164
-1.4 -2.8 -2.7054
6.6 -7.6 -62.202
3.4 2.4 -1.3477
6.2 2 5.6064
-2.2 12 -53.836
7.4 6.8 -4.0882
-1 10.4 -44.114
-3 8 4.1101
-0.2 5.2 -2.1966
-0.6 3.2 5.362
10.6 8.4 15.65
9 5.6 18.656
4.2 0.4 -0.83097
-3.4 -6.4 -14.426
5.4 9.2 -36.762
8.2 -0.4 15.38
10.6 -1.6 37.032
12.6 -6.8 6.8572
-6.6 12 -0.92159
8.6 -4.8 -16.242
11.4 4.8 55.933
12.2 -2.4 44.949
0.6 -2 -3.4739
5 0 -9.6259
11.8 -3.2 34.558
12.2 2.4 58.555
2.2 5.6 -11.637
4.2 10.8 -53.562
9.8 10 -17.043
7.4 8.4 -19.346
1.4 -0.4 1.5733
0.6 -7.6 -56.785
3.4 -4.8 -33.264
8.6 -4 -10.283
-4.2 5.2 43.044
-0.2 -2.4 -1.7074
9 10.4 -23.407
10.2 2 38.494
3 9.2 -42.362
4.2 5.2 -12.653
2.6 10 -49.433
6.2 -3.6 -25.4
5.4 6 -11.799
-3.8 -0.8 38.454
7.8 8 -9.9576
7.8 -2.4 -9.0414
10.6 0 39.352
4.6 -2.8 -8.3421
6.6 0 0.85625
-6.6 -1.2 82.476
12.6 -0.8 64.572
8.2 -2.8 -0.6333
1.8 9.2 -32.064
6.2 -2.4 -11.59
8.6 0.4 23.062
10.6 2.4 36.928
9.8 6 25.965
-2.6 7.2 1.2679
-1.4 11.2 -38.919
-6.2 1.6 83.176
-0.6 11.6 -63.881
5.4 -5.2 -41.937
-3 -6.4 -20.431
-1.8 1.2 19.099
3.8 3.2 -8.2774
10.2 1.6 37.352
11 -4.4 4.8543
7.8 0.4 17.998
-1.4 -6 -17.956
-6.2 6.4 54.154
2.2 10.4 -61.052
9.8 2.8 29.683
0.2 7.2 -7.043
0.6 -0.4 6.8275
-3 -4.4 15.475
-6.2 -6.8 38.607
0.2 -6.8 -45.267
1.8 3.6 2.8651
4.6 7.6 -17.574
-1 0 16.506
-0.2 -5.2 -22.555
1.8 8.4 -35.924
-3.8 4 28.068
6.6 10.4 -43.135
11.8 -2.8 34.431
-5.8 -6.8 26.256
-6.2 6 65.343
-3 11.6 -44.369
10.2 9.2 3.4542
6.2 -7.2 -67.75
2.2 -5.2 -42.782
-5 -3.2 43.931
-5.4 -2.4 55.032
1 -5.6 -35.342
0.6 6.4 -25.209
13 -3.2 54.802
5 -0.4 -2.0638
11 -1.6 40.705
-6.2 -3.2 68.869
5 8.4 -27.768
-4.6 5.6 39.01
-5.4 0 73.757
4.2 1.2 1.9246
12.2 4.4 59.65
-0.6 2 15.012
-5.4 2.8 61.272
11.8 5.2 45.186
0.2 -0.4 3.0009
11.8 -4 28.879
-6.6 -2.8 73.861
5.8 -2.4 -10.426
-3.8 1.2 60.465
9 6 24.448
3 0 1.0835
3.4 8 -21.81
0.2 2.8 7.2082
2.2 8.8 -27.656
-2.6 -3.2 16.718
0.6 5.6 1.9422
-5.8 2.4 68.278
-3.8 11.6 -39.3
13 0.4 82.048
-6.6 11.6 8.3412
11.8 10.4 11.628
-0.2 -4.4 -23.403
-2.2 -6 -21.339
6.2 -1.6 -0.43338
2.2 -7.6 -74.491
13 1.6 72.382
-3.8 10.8 -16.845
3.4 -6.8 -53.405
-5.4 2 70.609
-2.6 -2 23.94
-1.8 8 -10.356
-0.6 5.6 -2.5938
-5.4 -2 55.791
5 5.6 3.3972
11.4 -3.6 14.491
11.4 0 60.374
-2.2 -3.6 11.752
6.6 -4.8 -25.662
-0.6 3.6 10.274
3.4 5.6 -11.57
5.4 1.2 -5.6779
-3 -4.8 0.75795
3.4 2 -7.0644
-5.4 8.4 31.846
-6.2 9.2 37.301
11.4 -2 30.209
-1.4 10 -31.1
-4.2 4 49.135
9 1.6 24.996
9 3.6 20.478
4.6 -7.2 -72.681
1 6 -6.6716
5.4 2.4 -1.9186
1.4 0.4 9.7758
4.2 -4.8 -32.069
-6.2 2 81.644
-0.6 -4.8 -12.473
-1 12 -67.979
0.6 10 -47.268
6.6 -6.4 -52.225
-3 9.2 -11.599
-1 -6.4 -20.638
-1.4 4.8 13.593
8.2 10.8 -37.813
5.8 10.4 -39.335
-5.8 -0.8 74.368
6.6 0.4 2.6334
10.6 11.6 -24.427
-6.6 -0.4 90.314
-2.2 6.4 4.4838
13 8 55.033
1 -4 -12.892
-4.6 12 -30.001
11.8 10.8 3.0542
5 5.2 -6.9838
-5.4 -1.6 53.49
0.6 0.8 5.9071
-4.6 10.4 -17.536
1.4 -6.8 -52.528
-1 3.6 6.3223
12.6 5.2 65.727
11.8 1.6 62.038
6.2 -4.8 -31.411
9 10.8 -18.552
6.6 -2 -13.758
12.6 0.8 75.411
4.2 8 -22.824
-6.6 0 94.588
5 0.4 6.6356
-4.2 1.2 45.892
7 3.6 5.3035
0.2 0.4 3.2146
9 -1.2 12.801
-4.6 8 21.256
10.2 -7.2 -38.322
12.6 -6.4 18.765
-0.6 7.2 -1.2905
-5.4 -6.8 21.215
-2.6 4 32.166
10.2 -4 10.089
-4.2 -7.6 -19.014
6.6 -3.6 -23.325
-5.8 4.4 68.35
9.4 12 -42.169
-1.4 -4 -12.793
0.6 -5.2 -34.703
-1 7.6 -20.519
11 1.2 46.706
-6.6 -1.6 84.577
11 4 42.232
4.2 9.6 -31.866
-3.4 -7.2 -24.041
10.2 2.8 44.53
-4.2 4.8 49.058
11 7.6 27.764
0.6 6.8 -16.448
-4.2 -5.2 6.5047
-5.8 4 74.685
-3 2.8 33.117
1 2.4 12.896
-5.4 -4 39.649
-1.8 6.4 6.2638
-3 5.6 31.657
-3 -3.6 24.971
11 -5.2 3.0608
-2.6 -0.4 28.839
1 10.8 -42.078
12.2 3.6 62.908
-6.6 4.8 75.196
-4.2 5.6 32.893
12.2 -7.2 -11.527
-0.2 6 11.434
13 -0.4 68.807
12.2 0.8 60.099
-5.4 -2.8 50.194
9.4 8.8 1.7112
-5 -4.4 35.815
11 11.2 -2.4142
2.2 -5.6 -42.428
3.8 5.6 -6.5461
4.2 12 -75.686
4.6 3.6 0.84283
-5 -6.4 12.72
11 9.2 21.281
9.8 -3.2 7.3324
9 -6.8 -43.985
-2.2 2 20.169
9.8 8 3.8818
10.2 4.8 43.2
-6.6 8.4 53.897
6.6 11.6 -55.482
1 -3.6 0.10977
-6.2 8.4 53.033
4.6 6.8 -18.031
10.6 6.8 33.698
12.2 6.8 52.38
-6.2 -4.4 62.004
11 -6.4 2.6116
1.8 -7.2 -62.327
3 4 -7.4077
9.4 6.8 13.67
12.6 10.4 20.744
1.4 -6 -41.798
3.8 8.8 -33.955
-0.2 9.6 -31.796
9.8 -7.2 -37.094
0.2 4.8 -2.1591
-2.2 -4.8 -11.065
11.4 -0.8 42.309
1.4 -2.4 -7.7879
1 5.6 -20.282
5 -2.4 -17.648
-2.2 -5.6 -17.066
0.6 -2.8 -11.319
-1 6.4 0.3982
-3 8.4 -1.208
-6.6 -7.6 34.814
-1 -4.4 -16.327
4.6 0.4 -0.081952
4.6 6.4 -11.879
10.6 -4.8 -0.85876
6.6 -4 -24.562
8.2 4.8 10.606
5.4 7.2 -17.647
-1 7.2 -4.9453
9 8 3.5326
-3 0.8 39.723
0.6 -4.4 -22.377
1 2.8 -0.058491
3.4 4.8 -6.9482
-4.6 -2.4 55.552
-1.8 2.8 24.446
11 -0.8 42.778
-6.6 5.2 78.086
9.4 10.8 -15.637
-6.6 8 49.236
4.2 -7.6 -62.283
-5.8 3.6 84.289
6.6 -6.8 -51.853
13 6.8 68.913
5 -3.6 -23.179
-4.2 10.8 -19.763
13 11.6 13.223
10.2 5.6 32.487
9.4 -5.2 -16.101
6.2 1.2 11.24
4.2 -1.6 -14.461
10.2 -5.2 -4.0065
6.2 8.4 -26.42
7.4 -0.4 3.02
-1.8 10.4 -40.257
3 8.4 -39.679
-5.8 9.2 26.086
5.8 12 -71.413
-3 9.6 -15.181
-5.4 8.8 20.803
-1 0.4 22.162
2.6 -6.4 -52.818
-1.4 -4.8 -7.5371
7.8 -1.6 3.0557
6.6 2.4 4.6994
-0.2 10 -35.718
6.2 2.8 10.092
12.6 -1.6 61.452
-6.6 -6 40.39
3 -6 -47.63
5 2.8 3.4678
-5.8 0.4 81.328
6.2 -7.6 -67.8
13 4.8 75.089
2.2 2.4 -5.3944
0.6 11.2 -56.748
10.6 12 -26.254
-6.6 -4.8 59.032
3.4 0 -1.5491
10.6 7.2 33.406
9.8 -7.6 -51.911
-1.4 -0.8 16.498
12.6 -7.2 -2.3731
8.2 -4.8 -20.767
-2.6 -1.6 20.051
1.4 -1.2 6.2675
4.2 -7.2 -57.378
-2.2 4.8 24.206
11.8 8.8 41.44
-0.2 6.8 -5.3793
-2.2 -2 13.945
13 0 74.609
1 7.2 -16.01
3.4 11.2 -64.43
-6.2 10.4 15.522
1.4 -4.4 -25.448
-5 6 35.578
-3.8 4.8 43.108
-2.6 11.2 -41.555
-5.8 -2.8 72.953
0.2 -6.4 -44.571
-5.4 -7.6 -1.14
7.4 7.2 -3.6496
10.6 -0.4 31.936
10.2 -4.4 3.3922
2.6 7.2 -21.765
10.6 4 40.322
4.6 -6.4 -50.62
-2.2 10 -27.203
7.4 6 1.8396
3 1.2 -1.1519
-1.4 1.6 17.255
-2.2 3.2 32.282
3 -4 -32.321
-3.4 -2.4 26.668
9.8 -1.2 20.313
5.4 12 -76.946
8.2 2.4 12.854
9.8 7.2 31.915
1.8 0.8 -0.30506
12.2 -6.8 -1.5191
5.4 -4.4 -31.714
5.8 6.4 -6.0882
11.8 4.8 60.982
3 0.8 -2.8291
6.2 -6.8 -53.034
-1.4 -6.4 -25.955
3.8 -4 -30.095
-5 -1.2 50.517
-4.2 -2 36.652
2.2 12 -83.73
-3 0.4 35.937
-5.4 3.2 70.473
11.8 7.6 49.732
11 -4.8 12.048
3.8 3.6 4.1878
-6.2 7.2 57.606
2.2 1.2 -3.1698
-3 -5.2 -5.1359
3.8 -7.2 -69.172
13 -6.4 15.135
11 -0.4 44.993
-1 -3.2 -17.087
6.2 -2 -8.7727
-4.6 -3.6 39.29
2.2 10.8 -63.013
7.4 -7.2 -57.094
9.4 -4.4 -5.9406
12.2 -4.8 20.986
-4.2 -6 14.571
-0.6 11.2 -58.842
-3.8 8.4 6.022
8.2 3.2 16.213
9 9.6 -14.129
-2.2 8.4 -8.1026
1.8 1.2 0.74852
-6.6 2.8 92.63
10.6 4.4 47.575
2.6 1.6 -2.3634
11.8 -6 2.9142
2.2 11.6 -65.985
8.2 10.4 -32.332
0.2 -3.2 -6.8734
11.4 -7.6 -31.957
11.4 5.6 43.499
7 4.8 15.138
3.4 4 -4.1709
-1.4 10.4 -35.491
-0.2 8.8 -28.884
3.8 10 -54.232
5 -2.8 -23.903
-2.6 -6.4 -12.256
1 8.4 -35.806
-2.6 10.4 -28.173
11.4 12 -11.577
13 -2.8 63.557
7.8 -3.2 -4.7998
2.2 0.4 1.806
8.2 -2.4 -3.2406
-3 2.4 43.451
5.8 -4.8 -40.827
6.6 2.8 5.6635
3 2.8 -11.753
-3.8 2.8 53.728
12.2 6 55.966
3.4 -7.6 -70.722
-6.6 -2 78.249
10.6 2 38.67
-6.6 0.4 84.84
-2.2 7.6 0.67338
4.2 -0.4 -5.0416
7.4 1.6 18.405
-3 -0.4 29.605
4.6 5.2 -8.1514
2.6 -1.6 -6.406
5 -1.6 -11.565
4.6 1.2 2.6317
-3 5.2 24.473
0.6 3.2 7.0678
13 3.2 86.518
-3 -2.8 31.068
4.6 9.2 -29.699
10.6 -2.4 29.509
2.6 8.4 -22.406
0.2 4.4 7.6791
8.6 4.4 23.481
4.2 -6.8 -69.972
9.8 -2 15.807
7.8 11.6 -46.774
7.8 -5.2 -28.548
1.8 -7.6 -58.641
13 8.4 50.986
9.4 6 25.836
-1 -3.6 -12.531
-1.4 9.6 -30.388
3.4 -5.6 -35.857
-5 6.4 40.802
6.6 0.8 7.9147
0.6 -6.8 -51.069
9.8 10.4 -16.44
8.6 -1.6 12.842
-6.2 -5.2 51.879
5 4.4 -0.26851
11 7.2 34.414
1 9.2 -43.654
9 4 32.13
11.4 -6.4 -5.6482
-2.6 3.2 35.779
-3.8 -6.4 2.751
-5.4 0.4 62.926
-3.4 2.4 38.269
-5.8 1.6 69.467
1.4 0.8 2.9624
-1 2 22.014
-1 10 -26.276
10.6 -0.8 41.469
9 -4.4 -6.5293
3.8 8 -32.615
-5.4 -0.8 62.832
4.2 -5.6 -43.027
-5.8 -3.6 52.146
-0.2 -5.6 -33.397
9.4 -3.6 10.589
2.2 3.2 0.76084
-5.8 6.8 50.909
6.2 -0.8 1.339
7.4 9.2 -25.916
-2.6 9.6 -26.862
4.6 9.6 -54.875
-6.6 9.6 34.155
1.8 2 11.211
11.8 2.8 59.374
0.6 8.8 -28.202
3.8 6.8 -17.199
1.4 5.6 3.8676
3 -5.2 -39.73
3.4 -1.2 -14.443
0.6 9.2 -37.249
-5.8 -5.2 42.188
-4.2 9.2 12.467
12.2 12 2.703
7 11.2 -63.954
-6.2 11.6 -0.68529
4.6 -1.6 -6.5992
-2.6 6.8 13.895
7 4 0.63148
1.4 -2.8 -18.902
-6.6 2 85.969
11.4 -4.4 18.064
7.8 -7.2 -57.078
-4.2 0.4 56.715
7.4 -6 -36.54
4.6 5.6 -2.8904
7 4.4 -4.6296
-5.4 1.6 63.139
-0.2 5.6 -5.1606
-4.6 8.8 -1.6313
1.4 9.2 -37.41
4.2 2 -3.3755
8.6 5.2 16.282
7 2.4 12
2.2 -1.6 -15.675
-1.8 -5.2 -13.689
2.6 -1.2 -8.4575
-5 0 68.486
5.4 -4.8 -43.45
8.6 11.6 -44.132
13 9.6 49.245
8.6 -5.2 -22.884
-3.8 -0.4 37.743
6.2 6.8 -3.5765
4.6 -2.4 -13.24
3.4 10.4 -57.12
5.8 1.6 -1.9333
-4.6 1.6 58.226
13 -5.6 25.837
3.8 4.4 -9.2117
9.8 6.4 36.711
6.6 5.6 -4.8197
-3.8 9.2 3.4826
5.4 -2.8 -14.11
8.6 -3.2 -1.1014
-5 2.4 62.2
10.2 11.2 -22.115
-5.4 4.8 60.698
7.4 5.6 -5.2625
0.2 10.8 -54.005
-3.4 -4 13.582
-2.6 -5.6 -5.2271
7.8 1.2 22.36
-5.4 11.2 -2.1273
-3 -5.6 -6.6044
7 7.6 -5.1245
-3.4 11.6 -31.827
10.2 -6.8 -20.052
7.8 12 -60.455
12.2 1.6 63.111
9 -4 0.77637
2.2 6 -6.5921
4.6 -5.2 -37.846
-5 9.6 8.6224
-5.4 5.2 49.84
3 -2.8 -19.911
1 4 12.044
-4.6 -0.8 56.169
5 1.2 -0.40376
-3.4 -4.8 17.378
-2.2 3.6 24.544
-5 -4 34.575
7 11.6 -58.649
10.6 5.6 40.921
2.6 4.8 -6.4653
5.8 -3.2 -17.135
-3 3.2 34.185
-4.2 2 52.618
2.2 -2 -11.415
12.6 -2.4 60.861
11 0 40.126
2.2 2 1.1104
8.2 8.8 -16.735
10.6 10.8 -12.801
9.4 -4.8 -0.71311
0.2 3.2 8.5843
-1.4 5.2 23.886
-3.8 -5.2 9.6688
7 2.8 15.081
8.6 0.8 25.7
-0.6 9.6 -36.628
8.6 2.8 22.462
3.4 -0.8 -11.152
-3.8 10 -7.9428
-1.4 0 10.778
7.4 -4 -21.499
-1.8 0.8 17.05
-6.6 4.4 88.066
5.4 -1.6 -9.8515
11 10 0.49001
6.2 6.4 -3.1635
-5.8 12 -22.204
5.4 10.8 -58.612
-6.6 -5.6 49.077
-2.2 -4 3.1478
1.8 -4.8 -31.505
11.4 -1.2 50.096
0.6 1.6 14.189
-5 -0.4 59.966
13 -7.6 11.282
10.6 9.6 7.3754
-3.4 11.2 -34.912
-1.8 12 -63.297
6.2 12 -73.434
5.4 4 2.9759
-1.8 3.2 24.809
11.4 3.2 47.616
3.8 -0.8 -6.8052
-5.8 3.2 72.944
11.8 -2.4 36.015
11 10.8 -6.5677
3.4 9.6 -40.07
7.8 -4 -20.129
6.2 3.2 -10.49
2.6 -4 -31.681
10.2 8.8 8.5041
5.8 -2 -9.4162
10.2 -1.2 32.826
-5.8 10.4 6.9435
8.6 -5.6 -23.275
-3.8 -2 30.74
9.8 9.2 -7.8825
10.6 1.2 44.868
1.4 4.8 -17.199
5.4 -7.6 -66.839
-6.6 8.8 38.518
9.8 -4.4 -11.196
-1 5.6 12.538
-5 -1.6 55.036
9 7.2 4.6277
7.8 -6.8 -48.957
10.6 -5.6 -3.5708
9.8 3.2 30.776
7.4 -2.4 -3.3166
7.4 -6.8 -54.672
11.8 9.2 31.408
-5.8 2.8 65.907
1 11.2 -58.198
4.2 -1.2 -4.1738
10.6 9.2 18.477
5.8 -2.8 -14.399
12.2 7.6 43.992
11.8 6 50.506
3.4 3.2 4.2529
-5.4 -3.6 49.983
-6.2 5.6 70.478
-6.6 4 75.044
2.6 -3.6 -28.851
0.6 2 11.87
10.2 3.6 38.413
7 -2 -6.2288
-5.8 -6.4 20.374
11 -6.8 -19.237
10.6 0.4 46.282
-6.2 -2.8 65.778
9.8 0.8 46.642
10.2 8.4 14.748
6.2 0 0.27088
-0.6 -7.6 -53.139
9.4 -2.4 18.241
1.4 -3.6 -22.615
-3.8 -2.4 34.559
-0.6 -7.2 -41.412
3 3.2 7.1473
5 -6 -55.642
-2.2 -1.2 25.86
7.4 1.2 12.823
-2.2 1.2 31.655
2.6 -0.4 6.1561
-6.2 8 48.208
-2.6 12 -51.699
-5 7.6 32.677
-5 7.2 35.773
3.8 6.4 -15.186
9 1.2 22.974
1.8 7.2 -24.257
1 -6 -46.127
5 -5.6 -40.19
-3.4 3.6 32.384
1.4 -5.2 -37.284
-5.4 1.2 72.51
13 9.2 44.492
4.2 2.8 -6.0671
1.8 5.6 -9.5614
-2.2 -0.8 27.699
12.2 2.8 68.504
-1.8 1.6 15.858
-4.6 -6.4 12.559
-2.6 8 -1.8464
1.4 -7.6 -74.133
-3.4 6 26.342
-5.8 11.2 -5.2375
1 -0.8 4.0383
-1 2.4 20.634
0.6 10.4 -44.006
0.6 -3.6 -27.273
8.2 3.6 16.493
