-1.4158 -0.39507
-0.49536 0.54681
1.1667 -2.0364
1.4942 3.2314
0.94324 -1.989
1.1501 0.67491
1.5393 1.3806
0.4398 -3.129
0.7094 1.2119
-3.0921 -2.9816
-2.7139 3.6038
-1.9671 -3.1195
-3.2002 -1.0505
-1.8566 -0.51183
0.31854 -0.82461
-0.31359 -2.582
0.065607 -0.19657
-0.82024 1.3516
-5.1506 -4.2829
-5.2415 0.28454
-0.40946 -3.3542
4.046 1.5622
4.285 2.1809
-0.48668 -1.4021
0.066673 -1.0002
1.0425 -1.3544
-4.0637 -0.95579
1.9343 1.846
-0.74688 0.71478
-0.68053 -0.77877
-0.35903 1.3047
-2.3673 -2.7989
1.5758 0.92171
-1.425 -0.9994
0.52306 1.205
-1.9599 0.40027
-1.7657 2.472
2.5011 0.47767
0.4534 -2.9569
1.6256 -2.3823
-0.96939 0.21378
1.3282 -0.8429
0.97252 -5.1596
0.67958 2.0311
-0.40631 2.0583
1.3152 -1.1481
1.587 -0.66774
-0.7887 1.7481
1.5009 0.44125
-0.30817 -0.16756
-2.2997 -1.0757
-2.8539 2.2614
-1.7755 -3.487
0.21366 2.7152
0.24085 2.912
1.0976 1.7999
-3.2785 -1.3697
0.99086 -0.81181
-1.9165 2.2724
2.5404 -1.0228
2.1651 -1.9319
1.9252 -3.6184
2.2262 -1.5534
-0.57187 -0.804
-0.34702 -2.7478
0.70615 -1.2262
0.081593 -2.1896
2.1613 -1.0813
-2.3944 -3.2972
-0.7441 -0.75934
-1.7377 -3.6078
-1.1644 0.59505
-1.0901 1.5325
1.71 1.8748
-0.86621 -0.92426
-1.0351 -1.9183
2.7529 1.9954
1.3778 0.89314
3.1381 4.8064
-1.5696 1.2173
3.6536 0.6241
-0.011652 -0.96516
1.5588 1.9024
-1.3438 0.30378
-4.8256 1.4426
-0.50901 0.2063
0.6641 0.79108
3.7167 -1.1958
1.9858 -2.0109
-0.80603 1.3662
-0.68757 -2.6984
-0.47328 0.63094
-0.93386 -2.1907
-2.3034 0.041302
1.5442 0.99158
1.2424 -0.38688
0.8667 -0.22888
-1.4872 -1.5708
-1.2517 -1.9732
1.214 -0.73673
0.21044 2.3611
2.557 0.26313
1.4918 1.1711
-1.119 -0.67005
-0.0076691 -0.015389
0.92139 1.7939
1.2448 -1.8194
-1.1769 -0.76191
0.40836 2.1913
1.8615 0.067284
1.8892 3.3424
-0.13133 -2.8881
1.9293 -1.9631
-2.8194 -1.2098
-5.0826 -1.0247
0.55197 -1.9791
-1.1555 -0.57739
-2.5065 -0.67882
3.4248 2.0524
-1.8432 0.434
1.4901 2.4227
-3.7954 0.11338
-0.80822 -0.31398
1.3615 -2.1256
-1.0968 1.0346
0.0091271 3.368
-0.018894 -2.7335
-0.22249 2.1694
0.036554 4.3575
-0.4952 3.9326
2.7586 2.014
-0.66055 -0.80586
-0.52744 -1.3165
-3.5276 1.0231
-2.6265 -2.7767
2.2623 1.2525
0.49311 -1.4222
-0.9822 -2.8755
2.1569 0.10337
1.5516 3.4429
0.042189 0.17626
-1.4075 1.6629
0.58531 2.3687
1.415 2.444
1.5501 3.8388
-3.3239 0.61426
-2.4234 0.068136
-0.923 -0.9805
-0.7426 -0.21556
2.2604 2.0136
1.7902 5.9017
2.8463 0.35688
-0.4298 1.8171
0.82568 0.3291
-2.5689 -0.65051
3.0637 1.9968
1.1635 -1.8334
3.1657 -1.9884
1.538 0.74154
-0.35932 -1.5126
-0.68099 -0.030875
-1.842 0.078186
0.36609 0.67113
1.4847 -0.22659
-2.0233 2.2297
1.3075 1.1305
0.88887 -1.9564
-2.8665 0.89606
-0.98605 2.1161
-2.3016 1.9696
-1.2027 0.75866
2.9538 0.94985
-3.4638 -3.6738
-0.94266 1.7418
7.4687 5.5042
0.10365 -0.52315
-0.2559 0.076677
-1.1221 -0.93199
0.068615 0.13584
1.0346 -0.11865
0.071892 0.08158
1.436 -0.10249
-0.62398 0.27515
0.16184 1.0663
-1.6086 -0.57332
0.3884 3.8042
1.5635 -0.052967
-5.6752 -2.5519
4.6777 -0.36875
1.2623 -1.1033
-0.41661 -1.8227
0.039572 1.1011
-1.7354 2.8642
2.7215 4.7869
-5.4763 -3.8694
2.5727 2.237
2.4564 2.8192
1.1142 -0.020835
2.176 3.8903
-1.5723 3.3742
-0.12458 -5.181
1.5163 0.82143
2.2753 0.036898
-1.1144 3.4637
-2.419 0.66417
-1.192 0.55018
0.059944 2.7084
0.76036 -0.52376
-2.4536 1.5268
1.433 0.63377
-3.0662 -1.8867
-0.11544 2.0029
-2.1907 -3.652
2.4883 0.57255
-2.0269 -2.7112
1.1284 -2.2574
-2.559 -0.89946
-3.8514 -1.879
2.5155 1.5133
0.20355 2.3755
0.017288 0.073186
0.64122 -0.85634
2.8293 0.61997
-0.39772 0.012429
0.10167 -0.8676
-0.91466 -1.3859
-2.6806 0.054378
0.2961 -1.7067
0.21782 2.1947
-1.1855 -0.22107
2.111 -1.4932
-0.20295 -1.8272
1.9765 2.3484
-1.1917 -1.7163
1.9055 -0.99028
-1.2994 0.13991
0.26088 3.7332
-1.6946 -3.7531
1.1907 0.10764
-3.4536 0.68384
3.5221 -3.2634
2.7808 0.60307
3.6606 2.2867
-0.10223 1.1381
0.84791 0.10464
1.1777 -1.0828
-0.35115 -3.2366
0.92238 0.38635
3.4324 0.29834
-0.083 -1.5259
