-1.4814 7.3105
-1.3651 8.9159
-1.8841 5.9649
-1.5857 9.0101
-3.5703 9.181
-3.7552 6.4679
-0.79083 7.49
-4.652 7.3831
-3.4352 8.3339
-5.7483 5.2815
-3.847 7.7688
-0.75772 8.5571
-2.0825 8.6651
-0.28893 7.6529
-4.56 7.048
0.79317 8.2474
-0.82934 7.7871
-2.1062 4.1213
-4.2938 8.8694
-1.2473 5.8868
-4.5824 8.4631
1.7389 5.6533
-2.4707 8.5288
-1.4964 4.0007
-4.3904 8.1241
-5.5875 7.3856
2.5088 5.3898
-0.11147 5.1411
0.52511 5.5859
-3.2489 10.981
-4.1003 7.2208
-1.7118 8.0496
-2.8031 6.5272
-5.1591 9.6331
1.4311 6.9996
-5.312 8.2067
-1.3842 5.8506
-3.9787 9.9175
0.5947 2.863
-1.4303 8.3487
-1.5206 6.6187
-0.39824 4.531
-0.60261 6.2778
-2.5631 9.2469
-2.6128 8.9967
-2.8309 6.1621
-0.78323 7.2998
-2.2953 7.6362
-4.0709 9.1733
-6.7804 13.414
-0.62002 2.9328
2.8279 4.4291
-2.4062 5.6829
-5.7735 7.1333
-1.2193 4.2111
-2.9367 10.903
-2.096 6.7059
-4.5123 8.2363
-1.9326 7.5289
-1.9068 9.116
-1.5448 8.7961
-0.43688 2.973
1.6622 9.7574
-1.8279 4.9853
-0.84212 7.8882
-0.58447 8.754
-2.4033 6.8932
-5.8154 6.0246
0.97437 3.3074
0.54798 5.7121
-1.2165 5.9482
-2.6892 5.6188
0.37964 4.2421
2.5789 7.7928
-0.89337 5.3688
-4.7911 8.1782
-3.4842 8.8325
-0.62681 6.9674
-0.47564 7.2795
-2.1201 5.6363
-3.0206 9.9585
-3.6447 8.5002
-4.6155 7.4212
-1.9874 4.9218
-1.855 4.6963
0.65374 8.4242
-1.205 2.3048
-2.5721 6.7092
-2.2908 9.4861
-3.2215 11.128
-4.6258 8.6829
-0.91692 6.7335
-4.1263 9.6818
-3.9736 8.2723
-1.7585 8.2142
2.3279 3.0948
-3.4147 9.3387
-2.2457 7.2387
-6.57 10.325
-3.4994 6.8118
-2.9403 7.9734
-0.69759 8.4268
-0.54821 4.7691
0.37976 4.0036
-1.8686 6.4259
-1.9238 6.4973
-3.1557 4.1663
-1.9048 7.1335
-2.4453 4.503
-6.2638 10.998
-3.6165 8.534
-4.5731 6.4851
-1.5509 7.498
-3.5721 8.6189
-0.81374 3.2377
-6.4697 7.7943
-0.53844 7.4176
-1.2041 6.0933
-2.7977 6.9702
-4.8825 4.7907
-2.1868 7.3702
-1.0619 7.4295
0.86867 4.3665
-3.0005 8.2666
-2.6526 4.5083
-0.70951 9.0734
-1.7831 8.6221
-1.8995 7.0845
-1.8362 5.9686
-7.5054 8.9709
-0.32983 2.8105
-0.42839 6.5882
-2.3796 7.0442
-2.8979 8.8186
-1.1223 7.4693
-0.37599 6.2835
-2.8484 9.8538
-3.1399 6.2069
-5.1489 9.3816
-3.0797 8.3313
-3.5676 6.1365
-0.93588 6.6303
-3.0718 7.7539
-3.5757 7.3274
1.1194 7.3405
-3.3485 5.7872
-4.7306 8.9474
-4.0772 6.2007
-1.9055 8.0973
-1.0826 7.6701
-2.1349 5.7214
-5.2732 9.1309
-0.30566 2.7115
-1.0262 6.0085
-2.5681 7.9674
2.0105 6.2496
-1.4736 9.1755
-4.1424 7.675
0.28865 7.5881
0.35707 4.1481
-1.0827 7.5186
-0.36929 5.9337
-4.5487 8.6903
1.3469 6.6978
0.089473 4.4819
1.5957 4.1708
1.6958 4.7228
-0.0057212 4.4066
-3.4766 8.0603
-0.96735 5.2457
-4.5796 8.8432
-3.0007 7.6617
0.24919 5.3675
0.42211 4.0625
-0.33103 7.7381
-4.7722 9.6066
0.10656 1.8696
-0.40913 7.3073
2.1322 6.7
-1.5499 6.4692
-2.8531 6.7614
-3.2668 7.8411
-4.7201 10.965
-5.3814 10.977
-0.928 5.2598
-2.6118 6.9135
-1.9915 8.3298
-0.013103 6.8269
-1.4156 6.9292
-1.9137 6.8727
1.4062 8.1216
-4.2844 7.1921
-1.8897 7.1663
-3.8272 4.724
-1.5888 8.2931
-3.4899 3.9433
-3.2254 7.3692
-4.5802 9.3444
-1.6004 8.5441
2.6899 5.9888
-2.9692 8.269
-3.8482 6.8056
-4.7472 9.5751
-1.3226 7.2209
2.1496 3.2474
-0.077214 4.2741
-3.2277 5.3826
0.73099 4.3101
-0.38996 5.7248
-4.0901 7.2168
-2.8376 11.161
-2.1322 7.8337
-1.8578 8.2675
-0.37066 10.023
-1.8691 7.017
-4.7523 7.86
-2.4068 5.8987
-3.9868 8.0987
-0.081859 8.1387
-3.6405 5.7745
-3.409 5.9964
-4.4378 7.8024
-3.3304 7.4876
-3.442 6.8997
-0.63123 4.2836
-1.0826 3.7424
-5.0976 10.855
-2.2435 9.1293
-2.1849 6.8465
-3.7881 7.3715
0.99764 2.975
1.8487 4.0934
-1.2357 6.2718
-3.8885 6.4777
-3.4428 7.6328
-2.8957 3.4535
-3.1437 5.4832
1.1239 5.5312
-3.8429 7.0258
-3.3273 7.9751
0.75486 7.3474
-2.8619 8.806
-3.8649 4.418
-5.0693 5.9356
-4.4756 8.7484
-0.5724 8.9417
0.075441 7.5229
-0.25846 6.6268
0.4139 4.4204
-4.6829 8.1233
