-0.26451 0.021953
-2.8385 0.65622
-0.27485 -4.4096
0.61344 0.62846
-2.1959 -0.14339
0.20765 1.1844
3.2261 0.34383
1.5699 2.1215
-1.6244 1.6783
0.15231 -2.304
1.875 1.4333
1.7632 1.4897
-2.1728 -0.14905
2.4425 -2.2466
2.3889 2.382
-1.359 -0.59817
-0.54776 -1.3356
0.29359 1.4715
1.5299 0.025661
-1.8056 -0.63773
-1.0267 2.6153
-0.14156 -1.6741
-0.28747 -2.1054
0.74924 -0.23239
-1.0748 0.40029
-0.46724 1.6833
-0.93992 1.6944
2.0973 1.2231
0.47716 -0.092985
-1.011 -1.812
-1.8021 2.1967
-0.89115 -1.0019
-0.15749 -0.53208
0.36867 2.3011
3.1244 -2.2052
-1.3905 1.471
-1.2337 4.3584
-1.0917 1.5926
0.17853 -1.1188
-1.3817 2.8428
0.69614 2.7134
0.69508 -0.096024
-0.60486 -1.4836
0.43072 1.7752
-1.6996 -0.36753
-0.01994 0.82023
0.38182 -0.77904
-0.48606 2.7645
-0.81849 -3.5798
-0.71347 1.3706
-1.2862 -0.071457
0.37791 -0.79189
-0.36001 1.476
0.63965 -3.9375
-0.38026 0.29521
0.18323 -3.5535
0.087194 -0.035534
-1.4348 -1.0967
-1.976 2.5693
1.1877 0.49342
2.1266 -0.42854
-0.65147 2.0996
-0.44804 0.26254
0.10456 1.2015
-0.50866 2.8215
-0.40939 1.0322
1.1779 0.28998
-2.5722 -1.081
0.0028569 -1.4452
0.288 -0.38342
0.20846 -0.56324
-0.88146 0.94903
1.6044 -1.1681
-0.54742 1.9498
0.67628 -0.66669
-3.373 -0.22995
1.2453 -2.7426
0.46154 0.25385
-1.0892 -1.6476
-1.8077 0.10409
-0.038294 -0.92492
-0.53531 -1.4615
-1.7306 -0.74339
1.1319 -2.585
0.10176 2.1705
2.623 0.66375
1.0242 4.1561
1.4299 -2.5239
-0.9101 -1.8463
1.0679 -1.101
1.6678 -1.1671
0.065464 0.83216
0.46694 -1.2241
0.96476 1.9177
-0.20987 2.9179
-3.223 -1.0784
-2.8934 -1.0717
-0.43451 -0.28322
-1.5114 1.7367
-0.61649 -1.9922
1.8094 3.3188
-1.5315 0.5289
-3.0522 -3.0609
0.72728 -1.3125
-1.622 -2.773
0.62779 -3.342
-0.17302 -0.29044
0.24112 -0.301
-1.3714 -0.091035
2.3275 3.1858
-0.65097 -0.74151
-1.2478 0.2422
2.7578 0.8159
-1.8635 -0.076618
-0.033724 1.5192
-0.69764 2.4436
1.858 -3.6517
0.25653 1.2987
0.7299 -0.062494
0.50822 1.5622
2.867 -0.88975
0.95549 0.78595
-0.16548 -2.0894
0.8376 -2.5481
-1.1305 -0.087791
-1.5862 1.799
-0.06653 2.3937
2.2238 -2.3272
-0.84881 0.56541
-1.354 0.30167
-0.8474 -0.70147
0.86534 0.5847
1.4573 -1.7391
-1.2397 -1.9003
1.5847 0.5341
2.9545 -2.6187
-1.2597 -0.7691
2.3842 0.3378
-0.050762 2.3635
2.0386 -0.14354
-0.53938 1.159
-0.49933 -1.9809
-0.94757 -1.6277
-0.096048 -0.88865
-1.1502 -1.2708
0.37434 1.3134
-0.33931 1.6132
2.1948 -0.53403
-1.1594 -4.149
0.13382 -1.1762
-1.0679 -0.93368
-0.57364 1.5926
-0.52298 2.209
0.62136 1.5891
2.0202 -2.2309
-0.99216 -1.9082
1.7324 -0.4867
-0.39435 0.6075
-0.055401 -2.2182
2.4385 1.2286
2.2188 0.017885
1.46 -1.7168
-0.14227 -1.6028
1.4301 -2.1613
-2.9633 -0.53888
-1.4123 0.29729
-1.552 -0.18852
2.2024 -0.7326
0.29274 -3.8511
2.7218 -0.62198
-1.6211 -0.86768
-3.2283 1.3284
0.50768 -1.285
1.5034 -0.6747
-0.19776 -0.0060649
-0.11485 -0.74728
0.2675 0.44475
1.6203 0.12966
-1.3251 -0.60729
-3.559 -2.0711
1.6619 -0.75103
-1.2807 -1.1216
1.0822 -3.8471
0.35029 -1.2033
0.85358 -1.7889
0.11009 1.772
0.4055 0.46115
-1.9194 0.49302
-1.7327 0.088638
0.70887 0.6881
1.0829 0.16994
1.7044 -2.0267
1.094 -1.4815
0.93269 3.9212
-0.94181 -1.6223
0.029683 -0.88412
-0.77695 -1.081
0.23636 -0.36933
-1.5501 -0.29398
1.055 1.2849
0.046491 0.12812
-2.3647 -0.45556
-0.24174 -0.91578
-0.40537 -0.88439
-1.0653 1.1984
1.8978 -0.6955
-0.69329 -0.18918
-3.004 0.51566
-0.77407 -0.43123
-1.5315 -1.5489
-1.3697 -0.75843
-0.83685 2.7836
-0.67518 -1.769
-2.542 -2.3537
0.49013 -0.14724
-0.20841 -2.7894
-0.72936 -0.039688
0.79042 3.2295
0.72063 -0.46205
0.60931 0.031302
-0.96869 1.6331
-1.0891 0.81762
1.1378 -0.62494
-1.9629 0.48102
0.69425 2.4913
-0.31087 1.1586
-0.76286 -1.5737
-1.2695 -1.7464
0.52347 -0.2607
3.0205 1.9546
-1.109 0.79734
-1.2839 -0.12511
2.2414 -3.3776
0.28249 -1.793
-0.28005 -0.050446
0.11013 -0.38072
-1.5916 1.4524
-1.5304 -1.1051
-0.88164 -1.2268
-0.78128 0.028692
-0.058554 -1.8528
-1.8064 1.836
1.6008 1.0585
1.7822 -1.0721
0.63107 3.4992
0.15911 -2.464
1.8461 0.47394
0.43198 2.0473
-0.93993 -0.305
0.46989 -0.79608
