6.0263 7.9005
13.792 11.692
11.477 8.8042
10.332 10.621
7.9677 10.603
13.128 12.518
12.375 12.001
12.615 13.495
9.781 8.8098
9.2228 10.072
7.7377 9.6073
12.034 10.298
12.631 11.943
11.59 11.749
9.2446 9.7638
11.75 13.662
9.2027 9.3564
10.508 10.131
11.62 10.608
10.81 11.656
12.141 9.5979
8.4259 7.2501
11.566 14.215
8.5158 12.095
12.48 11.866
8.7215 8.8626
10.413 8.89
13.247 12.624
13.474 12.848
13.364 12.318
8.8944 9.8474
10.789 9.8496
11.307 12.94
7.7828 7.1915
13.81 13.404
12.587 9.7616
9.356 8.7806
13.69 10.599
14.858 14.695
11.931 10.751
9.3203 10.699
9.6192 9.8718
8.7158 8.7174
12.337 11.286
11.818 11.519
11.529 13.481
8.6616 9.7307
10.338 8.4373
12.135 10.869
11.848 11.795
11.181 11.068
8.4421 8.8832
11.213 10.621
7.8081 9.4472
10.389 11.629
11.598 11.413
10.013 11.723
7.3178 7.3452
9.3011 9.1014
9.7373 9.1139
8.1031 8.0774
13.112 11.862
8.8641 8.0803
14.685 14.743
11.675 10.116
12.028 10.782
9.9581 11.193
15.837 15.061
9.6349 11.315
11.055 10.769
12.952 12.489
7.3142 6.2716
12.149 12.753
11.812 9.4582
10.175 7.6493
10.559 8.5815
9.4529 10.713
8.0072 9.793
16.586 15.75
9.3504 10.547
9.582 9.8679
8.4947 9.0196
8.9403 9.3535
14.767 13.333
10.324 8.9118
9.542 9.9219
8.3689 10.623
11.102 13.198
7.3238 7.2571
10.334 10.795
10.541 10.954
10.744 8.9361
12.202 9.9319
9.3162 9.4419
12.35 12.078
10.199 11.488
14.094 14.125
13.126 9.2429
10.274 9.3431
12.308 12.548
14.61 13.905
12.571 10.249
9.9837 10.52
9.8302 7.7553
13.292 11.647
11.295 13.13
8.1619 9.6191
10.45 10.527
8.6409 9.2693
8.8337 7.151
10.109 9.1525
9.7799 11.288
13.664 10.688
13.657 15.212
7.7839 7.2429
10.796 12.41
13.84 10.324
12.795 11.926
12.199 11.109
7.693 9.0633
12.645 12.184
11.607 9.6252
11.963 10.403
11.292 11.123
8.8728 12.104
11.839 12.148
7.7012 8.0328
10.247 12.412
8.9304 8.0194
12.084 12.702
13.555 10.184
12.135 12.104
7.3178 6.579
10.975 11.723
12.28 12.339
13.548 11.131
9.5881 8.0019
7.7482 8.0325
12.503 10.227
10.388 13.77
12.882 11.487
10.235 10.308
13.416 13.882
8.6678 10.866
13.587 14.646
8.5758 7.1429
9.9638 12.25
13.885 14.83
10.266 10.988
9.6927 11.243
12.98 11.463
8.9584 8.7138
11.475 12.167
9.1497 8.9359
12.757 12.56
8.0107 8.6772
14.534 13.498
9.6889 8.7136
9.399 9.6304
9.1802 7.9527
8.3552 7.2383
12.618 13.497
10.004 11.415
12.76 13.607
9.136 8.7738
14.204 12.46
8.6748 9.2095
6.3645 7.2292
9.8366 9.973
11.321 11.794
11.584 12.096
8.509 10.238
8.6198 9.3735
10.975 11.841
8.6484 9.7923
11.067 11.384
10.267 10.324
10.563 11.007
8.557 8.8771
11.888 10.778
8.2718 9.5235
11.204 10.411
13.501 11.577
8.7212 8.1116
13.585 15.061
8.0029 10.348
7.6344 9.0772
11.123 10.32
11.352 8.4839
8.872 7.7685
12.216 13.58
8.8987 9.6983
12.499 12.003
10.616 10.108
10.79 12.835
9.7066 9.5098
10.156 11.659
8.2327 9.0385
11.659 12.801
9.4493 8.6674
11.534 10.348
8.3853 9.6272
11.221 11.287
6.2758 7.4523
8.0724 8.1919
9.8707 9.4882
8.8139 7.589
11.911 9.1733
11.173 10.974
10.184 10.483
10.276 8.3171
10.476 10.104
10.425 10.88
9.9989 8.5282
8.1183 6.6124
9.873 8.0882
12.385 13.135
8.3404 8.9903
7.8961 9.5138
11.489 11.349
9.3168 8.4481
8.6382 9.2739
10.906 9.0599
11.688 10.405
8.6655 8.2794
8.4099 8.3408
11.003 11.779
12.279 13.289
8.3598 9.8226
7.6611 12.77
10.884 12.517
9.4357 10.406
9.6953 9.7841
6.8513 7.2296
13.886 12.989
11.155 11.494
11.893 10.19
9.326 10.177
12.396 12.969
11.376 11.06
9.0822 9.2794
10.238 9.4153
10.495 9.0113
8.3572 10.061
10.861 12.523
11.117 9.2269
10.116 11.781
12.116 13.639
7.9366 4.4557
8.8983 11.991
