-2.6 2.8 28.488
1.4 1.6 0.37375
13 7.2 37.501
3.8 0 5.6673
13 -5.2 148.99
3.8 -6.4 44.793
11 -3.2 84.667
1 5.2 12.6
7.8 5.6 -3.3237
-5.4 -3.2 43.035
8.2 -6.4 97.017
2.6 5.6 8.452
1.8 7.6 21.065
8.2 -1.6 40.764
6.6 1.2 14.353
10.2 7.2 17.808
-4.2 8.8 94.156
1 -0.4 2.0503
0.2 2.4 12.378
6.2 -5.2 52.829
2.6 2.4 2.4447
9.4 4.8 9.1055
5.4 9.6 12.297
1 -3.2 12.554
-5.8 -0.4 59.637
-1.8 4.4 39.318
-4.6 3.6 57.512
-1.4 -1.6 14.528
10.6 6 19.681
-5 12 151.61
3 6.8 7.6575
-0.2 -4 13.881
1.8 -1.6 9.6888
11.8 6.4 17.449
9.8 1.2 31.788
3 10.8 34.166
7 -6.4 69.76
-2.6 -2.8 33.697
-4.2 6.4 68.41
-0.6 -1.2 23.79
2.6 0.8 1.7276
1 8 27.759
9.8 4.8 15.761
3 10 25.15
-5.4 8 107.75
-4.2 3.2 47.679
2.6 9.2 5.1825
-0.6 -0.8 28.996
-3.4 7.6 82.397
5 4 3.4982
9.4 8 -2.562
12.6 -2.8 118.39
7 5.6 0.24578
0.6 2.8 10.584
9 6.8 5.5299
2.2 -3.2 19.234
-0.6 4 21.49
4.2 -6.4 44.235
4.6 3.2 -8.7438
5.4 0.4 2.9991
10.6 -6.8 134.76
7.4 2.4 5.8015
8.6 9.6 -6.8535
-2.6 4.4 37.743
10.2 3.2 41.886
3.4 0.4 1.6773
11.8 12 26.93
6.2 -2.8 32.1
1 -5.2 24.99
0.6 3.6 12.993
1.4 -2 3.3834
3 4.4 5.6036
4.6 4.8 8.9159
10.2 4 20.809
3.4 -7.2 45.281
1.8 0.4 -2.7361
12.6 2.4 70.009
8.2 -7.6 97.701
-5 -2 44.294
-1.8 10.8 85.179
1 2 11.199
8.6 7.6 5.5531
-1 11.6 71.687
8.6 3.2 14.25
2.6 3.6 -6.4469
6.2 4.4 8.8039
1.4 -1.6 -0.49713
-0.6 -2.4 7.2259
4.6 -0.8 2.3898
9.8 -6.4 120.92
10.2 8 16.584
3.8 -6.8 41.861
5.8 4.4 -6.5056
5.4 -2.4 26.488
7 0 12.299
-2.2 -6.8 33.207
1.8 6 13.156
-0.6 2.8 15.677
-6.2 -6 41.217
9.4 -7.6 125.2
-2.6 2.8 28.488
1.4 1.6 0.37375
13 7.2 37.501
3.8 0 5.6673
-1.8 4 16.522
-0.2 12 66.062
1 -2.8 16.12
9 -2.8 53.084
-5.4 3.6 80.649
10.2 -2.4 75.952
10.2 -3.2 81.795
-5.8 2 64.337
-3 -3.2 11.986
-0.6 6 33.921
0.2 2 -2.2908
-0.6 -2.8 9.2706
10.2 0 58.977
1 -1.2 -0.65398
6.6 -0.8 19.676
8.6 1.6 24.28
7.8 -4.4 55.737
8.2 1.6 20.281
7.4 3.2 10.014
-3.4 1.2 34
-1.4 12 87.344
-2.2 -6.4 25.038
9.8 -3.6 65.531
-4.6 -4.4 30.972
-2.2 0 28.856
5 2 -1.8895
6.2 8.8 5.695
4.2 3.6 1.7415
-2.2 2.4 30.024
3 11.6 26.479
9.8 5.2 19.085
12.6 -4.8 139.39
11.4 0.8 60.463
7.4 -3.2 45.609
2.2 -1.2 2.564
0.2 0.8 -1.7115
12.6 0.4 80.891
-0.6 10.8 61.74
8.2 -6.8 86.304
7 -6 73.892
-1 6.8 35.953
11.4 10 22.18
-1 4 22.006
-1.8 4.8 32.893
-4.2 -6.4 23.193
-3.8 10.4 108.25
5.8 7.2 3.5945
-1.8 11.6 93.541
-4.6 4 58.254
11.4 6.4 32.249
3.4 12 37.577
5 3.2 -13.72
-0.2 -3.6 17.884
4.6 4 -4.633
10.2 12 14.61
-1.4 4 20.488
1.8 -4 23.198
5 6.4 6.6617
-1.4 11.6 88.388
-6.2 3.2 70.412
-6.6 3.2 94.273
-6.2 0 62.115
7.8 8.4 -0.12074
7.8 1.6 15.258
13 8.8 30.184
-4.6 9.6 119.34
7.4 -5.2 58.485
-5.8 8 116.68
3 -6.4 31.392
1 9.6 32.102
3 12 39.707
7 3.2 13.784
8.2 7.2 2.0865
-3.4 -1.2 35.369
-5.4 4.4 84.043
9.8 -6.8 125.78
6.2 -0.4 9.9329
-6.2 -7.6 56.696
9 -3.2 71.449
5 6 -2.73
-2.6 -4.8 26.046
10.6 -2 77.343
11.8 -3.6 116.48
12.6 4 50.06
-5.8 0.8 72.356
0.6 4.4 9.1128
-0.6 0 4.6476
4.6 -7.6 58.079
-1 -2 15.932
-5.8 11.6 162.01
0.2 -2.8 -4.3639
5.8 8.8 2.0147
5.8 8.4 -3.6357
-4.6 -1.2 43.278
-3.4 10 95.674
-4.2 12 142.21
1.4 10.4 33.523
1 4.8 14.022
-5.8 4.8 90.859
-1 5.2 35.336
-3.4 -5.6 30.417
11.4 -1.6 72.726
-3.4 5.6 57.814
11.4 8 21.834
-3.8 -4.4 32.744
-3.4 -3.6 25.565
7 -2.8 42.5
-1.8 -1.6 24.303
10.2 -2 67.083
8.2 8.4 0.21649
3.4 -1.6 13.691
-6.6 -4 52.468
1.4 0 0.45831
11.4 6.8 27.877
-1.4 3.2 18.31
2.2 4.4 4.5376
11.8 -2 93.125
8.6 5.6 12.795
7 8.4 8.9494
11.4 3.6 35.995
-5 0.4 43.188
-3.8 3.2 39.837
-3.4 0.4 28.316
-0.6 -4.4 15.807
6.6 1.6 19.154
-3.8 -5.6 12.746
3.4 -3.2 15.017
11 8 28.991
-1.4 2 16.98
9 4.8 18.158
-4.2 -0.4 36.105
6.6 4 -5.8259
-2.6 0.4 14.725
6.2 2.4 -3.3201
3.8 7.6 7.2969
1.8 6.4 11.736
-2.6 0.8 13.319
-6.6 6 116.45
6.6 2 9.4774
-0.2 9.2 51.564
8.6 6.4 4.1566
9.8 8.8 2.8242
0.2 1.6 12.152
-4.2 -6.8 43.453
12.6 7.2 30.183
6.6 8 8.3565
-2.2 0.8 21.539
2.6 -5.6 15.26
-5 5.2 74.741
-2.6 1.2 16.363
1.4 2.8 -1.9348
12.6 8 28.901
-3.8 8.8 97.814
13 -4.8 150.15
0.6 -3.2 11.321
7 -4.4 45.009
0.2 5.6 26.75
-6.2 0.8 73.381
8.6 -0.8 28.111
-3 11.2 101.18
-6.2 -1.2 60.236
1.4 2.4 6.221
9.8 -2.4 67.25
-4.2 -7.2 39.228
3.4 2.8 -1.0489
3.4 -4.4 27.368
-1.4 -5.2 10.558
5 8 10.219
9.4 4 23.431
2.6 -3.2 16.223
-5 11.2 142.05
1.8 4 0.10672
7.4 10 14.555
-1.4 -2.8 19.925
6.6 -7.6 77.254
3.4 2.4 -6.0077
6.2 2 6.7337
-2.2 12 89.173
7.4 6.8 3.2874
-1 10.4 64.904
-3 8 81.319
-0.2 5.2 18.215
-0.6 3.2 21.706
10.6 8.4 13.002
9 5.6 8.9723
4.2 0.4 8.3806
-3.4 -6.4 36.707
5.4 9.2 2.2765
8.2 -0.4 39.508
10.6 -1.6 60.179
12.6 -6.8 166.52
-6.6 12 183.1
8.6 -4.8 74.008
11.4 4.8 34.934
12.2 -2.4 115.5
0.6 -2 8.1964
5 0 12
11.8 -3.2 100.75
12.2 2.4 58.472
2.2 5.6 11.844
4.2 10.8 6.117
9.8 10 4.7724
7.4 8.4 -1.5901
1.4 -0.4 0.93305
0.6 -7.6 26.456
3.4 -4.8 36.781
8.6 -4 54.016
-4.2 5.2 72.739
-0.2 -2.4 0.54187
9 10.4 16.435
10.2 2 35.037
3 9.2 5.9805
4.2 5.2 -9.7988
2.6 10 24.583
6.2 -3.6 43.977
5.4 6 3.8088
-3.8 -0.8 27.373
7.8 8 7.1893
7.8 -2.4 46.945
10.6 0 55.447
4.6 -2.8 5.1625
6.6 0 25.384
-6.6 -1.2 62.186
12.6 -0.8 80.948
8.2 -2.8 52.339
1.8 9.2 22.422
6.2 -2.4 34.001
8.6 0.4 39.607
10.6 2.4 41.004
9.8 6 13.42
-2.6 7.2 56.985
-1.4 11.2 77.38
-6.2 1.6 64.834
-0.6 11.6 68.046
5.4 -5.2 52.369
-3 -6.4 27.702
-1.8 1.2 22.711
3.8 3.2 -0.84284
10.2 1.6 37.661
11 -4.4 104.1
7.8 0.4 30.038
-1.4 -6 22.725
-6.2 6.4 110.12
2.2 10.4 29.926
9.8 2.8 28.76
0.2 7.2 45.071
0.6 -0.4 14.376
-3 -4.4 19.033
-6.2 -6.8 54.127
0.2 -6.8 30.711
1.8 3.6 8.7355
4.6 7.6 4.6269
-1 0 18.712
-0.2 -5.2 21.901
1.8 8.4 18.809
-3.8 4 54.835
6.6 10.4 4.9587
11.8 -2.8 98.305
-5.8 -6.8 48.229
-6.2 6 115.34
-3 11.6 115.96
10.2 9.2 22.189
6.2 -7.2 77.18
2.2 -5.2 13.718
-5 -3.2 35.307
-5.4 -2.4 36.659
1 -5.6 23.066
0.6 6.4 30.502
13 -3.2 119.88
5 -0.4 14.681
11 -1.6 77.009
-6.2 -3.2 55.341
5 8.4 12.547
-4.6 5.6 71.858
-5.4 0 56.768
4.2 1.2 -0.3151
12.2 4.4 43.529
-0.6 2 9.3727
-5.4 2.8 64.763
11.8 5.2 35.93
0.2 -0.4 5.1167
11.8 -4 113.35
-6.6 -2.8 61.577
5.8 -2.4 24.882
-3.8 1.2 41.423
9 6 13.684
3 0 8.3941
3.4 8 0.49633
0.2 2.8 19.576
2.2 8.8 9.65
-2.6 -3.2 29.407
0.6 5.6 20.9
-5.8 2.4 68.102
-3.8 11.6 122.13
13 0.4 85.253
-6.6 11.6 188.44
11.8 10.4 20.706
-0.2 -4.4 27.88
-2.2 -6 29.499
6.2 -1.6 24.066
2.2 -7.6 38.246
13 1.6 73.069
-3.8 10.8 116.66
3.4 -6.8 30.615
-5.4 2 66.62
-2.6 -2 29.33
-1.8 8 60.479
-0.6 5.6 24.191
-5.4 -2 33.785
5 5.6 -1.2041
11.4 -3.6 111.52
11.4 0 62.895
-2.2 -3.6 22.594
6.6 -4.8 49.552
-0.6 3.6 11.349
3.4 5.6 -2.8994
5.4 1.2 4.7076
-3 -4.8 25.849
3.4 2 -5.874
-5.4 8.4 126.6
-6.2 9.2 135.74
11.4 -2 87.29
-1.4 10 70.009
-4.2 4 45.909
9 1.6 22.568
9 3.6 9.0853
4.6 -7.2 47.142
1 6 14.643
5.4 2.4 5.3741
1.4 0.4 5.313
4.2 -4.8 27.14
-6.2 2 65.402
-0.6 -4.8 7.2622
-1 12 71.424
0.6 10 31.908
6.6 -6.4 62.378
-3 9.2 73.74
-1 -6.4 23.869
-1.4 4.8 27.072
8.2 10.8 -3.9645
5.8 10.4 -4.9731
-5.8 -0.8 52.831
6.6 0.4 11.192
10.6 11.6 12.723
-6.6 -0.4 61.9
-2.2 6.4 52.63
13 8 34.77
1 -4 14.112
-4.6 12 141.64
11.8 10.8 14.646
5 5.2 -7.627
-5.4 -1.6 37.243
0.6 0.8 1.2733
-4.6 10.4 123.85
1.4 -6.8 15.391
-1 3.6 18.683
12.6 5.2 53.47
11.8 1.6 60.027
6.2 -4.8 42.205
9 10.8 7.7338
6.6 -2 34.32
12.6 0.8 91.49
4.2 8 12.379
-6.6 0 67.258
5 0.4 -0.45826
-4.2 1.2 51.149
7 3.6 1.8483
0.2 0.4 6.3694
9 -1.2 52.783
-4.6 8 92.544
10.2 -7.2 123.14
12.6 -6.4 163.74
-0.6 7.2 28.572
-5.4 -6.8 43.4
-2.6 4 34.067
10.2 -4 78.871
-4.2 -7.6 33.677
6.6 -3.6 46.402
-5.8 4.4 95.743
9.4 12 10.665
-1.4 -4 29.18
0.6 -5.2 19.319
-1 7.6 56.114
11 1.2 59.252
-6.6 -1.6 65.843
11 4 29.705
4.2 9.6 4.3355
-3.4 -7.2 20.081
10.2 2.8 26.909
-4.2 4.8 69.277
11 7.6 8.7018
0.6 6.8 11.147
-4.2 -5.2 28.733
-5.8 4 89.886
-3 2.8 37.952
1 2.4 10.268
-5.4 -4 40.627
-1.8 6.4 41.613
-3 5.6 41.05
-3 -3.6 20.216
11 -5.2 124.61
-2.6 -0.4 28.754
1 10.8 38.669
12.2 3.6 48.27
-6.6 4.8 107.72
-4.2 5.6 73.537
12.2 -7.2 157.42
-0.2 6 15.378
13 -0.4 85.234
12.2 0.8 66.686
-5.4 -2.8 48.417
9.4 8.8 2.1763
-5 -4.4 44.839
11 11.2 26.88
2.2 -5.6 20.451
3.8 5.6 -1.5965
4.2 12 30.86
4.6 3.6 3.2063
-5 -6.4 30.014
11 9.2 10.065
9.8 -3.2 71.129
9 -6.8 98.294
-2.2 2 21.215
9.8 8 2.7916
10.2 4.8 13.413
-6.6 8.4 131.79
6.6 11.6 15.332
1 -3.6 4.6558
-6.2 8.4 138.85
4.6 6.8 3.8113
10.6 6.8 19.078
12.2 6.8 36.496
-6.2 -4.4 37.788
11 -6.4 125.05
1.8 -7.2 40.707
3 4 -2.7539
9.4 6.8 -0.39851
12.6 10.4 28.607
1.4 -6 29.244
3.8 8.8 3.4291
-0.2 9.6 41.702
9.8 -7.2 115.92
0.2 4.8 16.094
-2.2 -4.8 24.846
11.4 -0.8 66.856
1.4 -2.4 6.5812
1 5.6 25.966
5 -2.4 19.381
-2.2 -5.6 9.1287
0.6 -2.8 12.243
-1 6.4 42.651
-3 8.4 77.852
-6.6 -7.6 52.305
-1 -4.4 18.013
4.6 0.4 -5.9862
4.6 6.4 -5.4385
10.6 -4.8 101.12
6.6 -4 38.358
8.2 4.8 12.689
5.4 7.2 -7.9403
-1 7.2 40.037
9 8 13.401
-3 0.8 32.103
0.6 -4.4 11.643
1 2.8 4.6189
3.4 4.8 1.9376
-4.6 -2.4 31.432
-1.8 2.8 21.582
11 -0.8 62.934
-6.6 5.2 108.71
9.4 10.8 8.5402
-6.6 8 128.39
4.2 -7.6 55.418
-5.8 3.6 83.322
6.6 -6.8 62.233
13 6.8 39.18
5 -3.6 32.002
-4.2 10.8 115.98
13 11.6 26.293
10.2 5.6 25.24
9.4 -5.2 83.592
6.2 1.2 8.5138
4.2 -1.6 9.8718
10.2 -5.2 106.66
6.2 8.4 -10.344
7.4 -0.4 32.945
-1.8 10.4 67.678
3 8.4 11.498
-5.8 9.2 131.96
5.8 12 11.283
-3 9.6 92.701
-5.4 8.8 121.47
-1 0.4 13.964
2.6 -6.4 24.366
-1.4 -4.8 30.401
7.8 -1.6 42.085
6.6 2.4 6.085
-0.2 10 52.254
6.2 2.8 2.4406
12.6 -1.6 98.408
-6.6 -6 68.096
3 -6 35.654
5 2.8 0.93612
-5.8 0.4 54.494
6.2 -7.6 70.158
13 4.8 46.862
2.2 2.4 -11.156
0.6 11.2 47.284
10.6 12 26.796
-6.6 -4.8 56.031
3.4 0 5.4047
10.6 7.2 20.023
9.8 -7.6 135.87
-1.4 -0.8 15.22
12.6 -7.2 184.15
8.2 -4.8 59.94
-2.6 -1.6 17.703
1.4 -1.2 7.7765
4.2 -7.2 57.017
-2.2 4.8 33.498
11.8 8.8 24.621
-0.2 6.8 30.593
-2.2 -2 22.988
13 0 99.363
1 7.2 20.575
3.4 11.2 21.171
-6.2 10.4 158.34
1.4 -4.4 18.473
-5 6 94.638
-3.8 4.8 63.186
-2.6 11.2 84.51
-5.8 -2.8 44.913
0.2 -6.4 24.517
-5.4 -7.6 55.174
7.4 7.2 -4.2479
10.6 -0.4 54.578
10.2 -4.4 98.622
2.6 7.2 11.026
10.6 4 34.611
4.6 -6.4 45.427
-2.2 10 78.11
7.4 6 -10.336
3 1.2 -3.8155
-1.4 1.6 10.678
-2.2 3.2 34.414
3 -4 17.89
-3.4 -2.4 22.208
9.8 -1.2 46.222
5.4 12 17.739
8.2 2.4 2.9555
9.8 7.2 3.1449
1.8 0.8 7.2025
12.2 -6.8 174.26
5.4 -4.4 39.381
5.8 6.4 -11.439
11.8 4.8 40.884
3 0.8 -0.85841
6.2 -6.8 72.419
-1.4 -6.4 22.657
3.8 -4 19.541
-5 -1.2 39.345
-4.2 -2 22.546
2.2 12 47.852
-3 0.4 26.585
-5.4 3.2 68.067
11.8 7.6 29.689
11 -4.8 118.83
3.8 3.6 -0.96677
-6.2 7.2 126.53
2.2 1.2 5.536
-3 -5.2 12.386
3.8 -7.2 40.768
13 -6.4 173.37
11 -0.4 66.427
-1 -3.2 9.1313
6.2 -2 20.231
-4.6 -3.6 28.596
2.2 10.8 26.353
7.4 -7.2 89.46
9.4 -4.4 82.133
12.2 -4.8 137.15
-4.2 -6 34.104
-0.6 11.2 64.501
-3.8 8.4 88.026
8.2 3.2 -1.5716
9 9.6 0.91714
-2.2 8.4 67.217
1.8 1.2 -6.8971
-6.6 2.8 88.199
10.6 4.4 37.328
2.6 1.6 -10.524
11.8 -6 151.67
2.2 11.6 39.771
8.2 10.4 9.0938
0.2 -3.2 -2.503
11.4 -7.6 160.46
11.4 5.6 33.114
7 4.8 -1.7427
3.4 4 -1.4541
-1.4 10.4 75.292
-0.2 8.8 43.762
3.8 10 10.855
5 -2.8 7.043
-2.6 -6.4 25.707
1 8.4 28.538
-2.6 10.4 91.444
11.4 12 27.293
13 -2.8 109.85
7.8 -3.2 51.585
2.2 0.4 9.2909
8.2 -2.4 51.708
-3 2.4 36.922
5.8 -4.8 38.213
6.6 2.8 -0.40178
3 2.8 -5.922
-3.8 2.8 47.473
12.2 6 43.818
3.4 -7.6 47.157
-6.6 -2 66.239
10.6 2 46.251
-6.6 0.4 77.718
-2.2 7.6 60.046
4.2 -0.4 1.9875
7.4 1.6 5.5885
-3 -0.4 33.102
4.6 5.2 -2.9288
2.6 -1.6 18.777
5 -1.6 11.719
4.6 1.2 6.3521
-3 5.2 44.793
0.6 3.2 27.029
13 3.2 54.442
-3 -2.8 22.603
4.6 9.2 10.905
10.6 -2.4 59.19
2.6 8.4 20.674
0.2 4.4 4.9153
8.6 4.4 20.209
4.2 -6.8 51.655
9.8 -2 62.317
7.8 11.6 15.411
7.8 -5.2 53.326
1.8 -7.6 40.595
13 8.4 37.168
9.4 6 16.947
-1 -3.6 8.8057
-1.4 9.6 63.126
3.4 -5.6 24.768
-5 6.4 94.813
6.6 0.8 13.99
0.6 -6.8 24.976
9.8 10.4 9.861
8.6 -1.6 47.099
-6.2 -5.2 41.343
5 4.4 -2.5297
11 7.2 16.345
1 9.2 29.597
9 4 17.997
11.4 -6.4 144.84
-2.6 3.2 38.93
-3.8 -6.4 29.105
-5.4 0.4 54.323
-3.4 2.4 29.78
-5.8 1.6 74.106
1.4 0.8 2.5136
-1 2 20.882
-1 10 65.945
10.6 -0.8 61.615
9 -4.4 72.979
3.8 8 3.6797
-5.4 -0.8 53.305
4.2 -5.6 28.603
-5.8 -3.6 47.647
-0.2 -5.6 15.859
9.4 -3.6 84.747
2.2 3.2 -6.3395
-5.8 6.8 105.39
6.2 -0.8 17.335
7.4 9.2 -1.7381
-2.6 9.6 83.673
4.6 9.6 11.915
-6.6 9.6 162.56
1.8 2 -4.7349
11.8 2.8 51.433
0.6 8.8 40.354
3.8 6.8 3.7448
1.4 5.6 18.072
3 -5.2 25.817
3.4 -1.2 8.9505
0.6 9.2 31.229
-5.8 -5.2 34.805
-4.2 9.2 108.09
12.2 12 23.699
7 11.2 8.4269
-6.2 11.6 169.46
4.6 -1.6 5.3776
-2.6 6.8 55.344
7 4 13.251
1.4 -2.8 14.237
-6.6 2 81.685
11.4 -4.4 123.14
7.8 -7.2 84.439
-4.2 0.4 52.137
7.4 -6 81.874
4.6 5.6 -13.769
7 4.4 8.4117
-5.4 1.6 59.034
-0.2 5.6 23.851
-4.6 8.8 117.65
1.4 9.2 32.623
4.2 2 -2.4829
8.6 5.2 27.957
7 2.4 10.737
2.2 -1.6 -2.4895
-1.8 -5.2 19.733
2.6 -1.2 8.3789
-5 0 56.446
5.4 -4.8 35.876
8.6 11.6 10.022
13 9.6 36.689
8.6 -5.2 74.489
-3.8 -0.4 27.764
6.2 6.8 4.461
4.6 -2.4 17.422
3.4 10.4 14.96
5.8 1.6 2.5681
-4.6 1.6 48.904
13 -5.6 160.83
3.8 4.4 -8.1378
9.8 6.4 13.77
6.6 5.6 2.3351
-3.8 9.2 90.097
5.4 -2.8 28.424
8.6 -3.2 71.911
-5 2.4 55.388
10.2 11.2 14.814
-5.4 4.8 69.839
7.4 5.6 3.1245
0.2 10.8 41.038
-3.4 -4 18.248
-2.6 -5.6 31.728
7.8 1.2 27.347
-5.4 11.2 151.69
-3 -5.6 23.624
7 7.6 8.2925
-3.4 11.6 112.28
10.2 -6.8 125.18
7.8 12 4.3556
12.2 1.6 61.134
9 -4 73.761
2.2 6 1.7808
4.6 -5.2 26.413
-5 9.6 125.58
-5.4 5.2 84.666
3 -2.8 10.281
1 4 3.427
-4.6 -0.8 40.586
5 1.2 -0.79176
-3.4 -4.8 27.271
-2.2 3.6 19.771
-5 -4 42.527
7 11.6 15.207
10.6 5.6 13.537
2.6 4.8 1.1151
5.8 -3.2 22.852
-3 3.2 34.527
-4.2 2 36.13
2.2 -2 10.272
12.6 -2.4 108.69
11 0 63.013
2.2 2 1.6327
8.2 8.8 25.393
10.6 10.8 9.3998
9.4 -4.8 88.058
0.2 3.2 14.39
-1.4 5.2 19.748
-3.8 -5.2 28.713
7 2.8 14.394
8.6 0.8 35.232
-0.6 9.6 37.962
8.6 2.8 26.708
3.4 -0.8 10.989
-3.8 10 114.18
-1.4 0 15.571
7.4 -4 51.884
-1.8 0.8 16.065
-6.6 4.4 99.16
5.4 -1.6 11.255
11 10 5.6529
6.2 6.4 -7.762
-5.8 12 169.16
5.4 10.8 8.2325
-6.6 -5.6 53.842
-2.2 -4 19.635
1.8 -4.8 9.8961
11.4 -1.2 67.112
0.6 1.6 -0.10797
-5 -0.4 52.01
13 -7.6 184.78
10.6 9.6 9.7662
-3.4 11.2 103.29
-1.8 12 98.044
6.2 12 8.4187
5.4 4 -4.0503
-1.8 3.2 32.78
11.4 3.2 39.982
3.8 -0.8 14.711
-5.8 3.2 70.136
11.8 -2.4 105.68
11 10.8 15.961
3.4 9.6 24.032
7.8 -4 58.007
6.2 3.2 3.0075
2.6 -4 17.045
10.2 8.8 15.707
5.8 -2 24.726
10.2 -1.2 64.921
-5.8 10.4 151.43
8.6 -5.6 83.652
-3.8 -2 22.781
9.8 9.2 5.0903
10.6 1.2 52.737
1.4 4.8 6.9441
5.4 -7.6 64.758
-6.6 8.8 148.12
9.8 -4.4 82.478
-1 5.6 26.813
-5 -1.6 34.62
9 7.2 9.8325
7.8 -6.8 83.987
10.6 -5.6 114.93
9.8 3.2 24.228
7.4 -2.4 38.752
7.4 -6.8 75.807
11.8 9.2 28.609
-5.8 2.8 71.058
1 11.2 54.589
4.2 -1.2 20.019
10.6 9.2 8.9948
5.8 -2.8 23.32
12.2 7.6 27.464
11.8 6 29.554
3.4 3.2 -4.8526
-5.4 -3.6 40.798
-6.2 5.6 93.712
-6.6 4 96.757
2.6 -3.6 29.095
0.6 2 6.9876
10.2 3.6 24.824
7 -2 26.356
-5.8 -6.4 46.552
11 -6.8 131
10.6 0.4 42.593
-6.2 -2.8 51.51
9.8 0.8 47.714
10.2 8.4 11.657
6.2 0 9.0956
-0.6 -7.6 25.346
9.4 -2.4 52.461
1.4 -3.6 23.948
-3.8 -2.4 32.929
-0.6 -7.2 26.228
3 3.2 6.8986
5 -6 56.544
-2.2 -1.2 8.9034
7.4 1.2 10.047
-2.2 1.2 25.2
2.6 -0.4 11.773
-6.2 8 123.55
-2.6 12 98.973
-5 7.6 97.071
-5 7.2 95.609
3.8 6.4 9.0452
9 1.2 23.594
1.8 7.2 14.922
1 -6 15.852
5 -5.6 27.828
-3.4 3.6 36.679
1.4 -5.2 17.789
-5.4 1.2 56.168
13 9.2 29.24
4.2 2.8 -0.24015
1.8 5.6 10.304
-2.2 -0.8 15.349
12.2 2.8 56.394
-1.8 1.6 21.631
-4.6 -6.4 30.231
-2.6 8 63.526
1.4 -7.6 38.284
-3.4 6 59.105
-5.8 11.2 162.39
1 -0.8 13.668
-1 2.4 25.872
0.6 10.4 45.165
0.6 -3.6 14.616
8.2 3.6 4.8616
