-0.73882 -0.089952
0.90475 -0.76189
-1.7881 -3.0734
2.2248 0.23499
0.093336 -0.75105
-0.73619 -1.5295
0.52259 -1.6834
-1.2648 0.81942
0.80924 -0.071909
-0.36673 0.51459
1.4341 -1.4111
0.018897 0.37829
-0.21861 0.21393
-0.74948 0.36223
1.2897 0.25779
-0.016189 0.7241
1.4623 -1.6148
0.7443 -2.4881
-0.51628 0.59683
-0.34042 -0.062047
1.1749 -2.6536
-1.5416 2.5311
-2.0992 0.3206
-0.1092 -2.0872
1.2326 -1.9354
-0.93854 -1.5054
-2.8388 0.58133
1.4296 -0.046764
-3.4668 2.9957
2.53 -2.2324
-2.5213 1.8687
0.37913 1.5477
1.4566 -1.59
-1.0763 -0.59113
0.87999 -1.9591
-2.1162 2.2635
-1.476 1.6277
3.8627 1.3103
2.9893 0.10276
-0.2328 -1.1355
0.11589 -0.082567
0.91203 0.28846
1.14 -2.6202
0.88657 -2.2713
-3.0842 1.5408
1.4735 -1.054
0.22566 -1.5855
3.0247 -3.1606
0.81691 0.71374
0.62416 -1.4025
2.3221 -1.6123
0.83059 0.23006
-1.8878 0.3651
-4.0594 3.1255
4.2635 -4.2237
2.6445 -1.0769
-0.43514 -0.16182
0.51806 2.5483
-0.66689 -0.56723
-1.4271 1.2203
-0.26652 0.79366
-1.637 0.37083
-2.0232 1.5542
1.3385 1.4294
1.87 0.46349
1.9407 -0.87952
1.2478 0.20679
1.5712 -1.0365
-0.91351 -0.29203
1.437 -1.3034
1.0866 0.37251
-1.0449 1.4226
-0.31175 0.56737
3.5821 -1.8775
2.3399 -0.85184
0.50871 0.64457
4.255 -1.9223
-5.6623 3.2912
-1.3462 1.9092
-1.2049 0.65169
1.6986 -0.043245
-0.60199 0.89644
2.0427 -0.50478
-0.32573 0.91401
-1.9912 0.062167
-1.5436 -0.10377
0.65007 -1.3287
0.15745 -1.1178
-1.1035 1.1645
3.095 -1.8463
-2.3502 0.32911
1.7887 -0.60191
-4.026 1.1318
-2.4378 0.34751
1.6486 0.57858
-3.1738 2.3138
2.5764 -3.4672
-1.0752 -0.94375
0.080135 -2.4906
-1.7777 1.3916
-1.1589 -0.60859
-2.4187 1.9154
-1.5689 -0.080092
-0.83562 1.2216
2.416 -0.8482
3.0746 -0.39152
0.18689 0.93606
-1.1915 0.86386
-1.4496 1.5834
-3.8597 -0.33695
-2.4147 1.1317
-1.2242 -0.80947
-0.57186 1.1406
-0.45109 -1.8077
0.50947 -0.26906
1.1089 0.035763
-1.9256 2.7516
-0.0062749 -2.6457
-2.9201 2.5559
1.4197 -0.92706
2.2609 -1.1464
2.3421 -0.33866
0.23991 1.2389
1.7562 -1.1599
-0.2986 3.2443
1.6609 -1.3558
-0.0050745 1.1503
-1.1093 0.20088
-1.6144 0.085408
-0.8591 1.0475
-1.4638 1.8593
1.2399 -0.68451
-0.14738 -1.5711
3.0814 -1.6579
4.193 -3.7223
0.19576 0.0093306
0.31593 -0.97938
-0.9881 0.71857
-0.8202 2.7345
1.3016 -1.6403
3.2154 -0.1651
-0.41489 0.77079
-0.86699 -0.74075
-0.068252 -1.8735
4.3693 -1.1772
3.4212 -2.6076
-2.7482 0.86637
0.14087 0.51114
-2.1217 0.17088
2.8627 -0.67777
-0.3112 1.4856
0.43669 1.291
3.7602 -0.78003
-2.8579 1.7547
-1.1581 -0.61958
1.9951 -1.5589
-2.4607 1.8655
4.0867 -3.1257
-0.29345 1.6773
0.64255 0.11474
0.68532 0.070298
-2.6008 2.905
1.4592 -0.86244
1.8158 -0.33606
-1.3581 0.2382
-1.5757 1.1872
0.89405 -0.33841
-1.2092 1.1348
1.5693 -0.99653
1.1692 -1.2024
-0.76247 2.0085
2.3381 -1.1005
2.2023 -0.83452
0.32118 -1.2894
-2.7036 0.55113
-0.15387 -1.5022
-0.2164 -0.33898
0.22921 -1.5169
1.1525 -0.65593
-5.3278 2.1198
0.70035 -1.647
-3.2087 2.6664
1.0434 1.5701
2.8435 -2.2234
-3.132 1.473
0.048488 1.0039
-1.0411 0.85007
-0.51826 2.4112
1.0745 -0.63215
0.84435 -1.1747
1.8764 0.64757
2.1874 -0.11101
-3.3213 1.0567
0.93522 -1.461
2.9409 -1.178
1.3326 -0.78301
1.0009 1.2638
-3.039 1.2509
3.5967 -1.4288
-1.4596 0.3095
1.2365 -2.2388
-0.9285 -0.71995
1.4436 0.44647
-0.68355 1.8425
-1.3202 2.0031
-0.54368 -0.63534
-0.67168 1.8182
1.1228 -0.4346
1.8942 -1.2551
-0.68884 0.6122
-0.34618 -2.2752
-0.25106 0.36476
2.2029 -1.7299
0.21957 -1.1458
-1.9109 1.346
-2.6381 -0.0065383
2.4389 -0.73789
-1.0637 0.80998
-4.3721 1.5089
1.6481 -1.1356
-2.5749 1.3961
-0.36616 0.86315
4.0109 -1.9957
1.1959 -1.3447
-2.0735 -0.093747
-3.5977 3.4046
-2.0405 1.3988
-3.2746 2.4436
3.1613 -0.71414
-1.8215 1.1228
0.29167 9.1508e-05
-2.5999 2.2156
0.62612 -0.56697
-1.2116 0.3634
-3.7833 2.1557
5.1159 -3.1707
-2.1817 1.6479
-1.3071 1.214
2.0243 -0.4188
-0.22691 -0.22664
0.64904 0.39712
-0.56804 -0.91993
3.934 -2.6023
1.7649 -1.7965
-1.2057 -0.071771
-0.70841 0.29743
3.7425 -1.4145
-2.0956 1.1072
-2.3689 -0.36547
-2.7398 3.0273
