3.6743 5.889
5.544 7.0236
7.2519 1.9244
4.0458 6.4992
7.4783 3.0385
6.8476 5.1169
7.2902 3.2303
4.903 7.2026
6.5694 5.177
4.7269 4.9072
7.3396 5.2741
7.5534 5.3541
1.8607 8.7118
3.8711 6.56
7.5682 5.2531
8.755 4.5955
2.7929 5.3767
2.3237 7.9194
5.0239 5.6047
1.9635 7.7728
9.7115 0.22626
4.4808 4.6396
5.3732 7.8556
4.7541 6.2557
6.1057 5.7558
5.3362 3.9993
2.8316 6.2484
3.0609 5.0037
3.9078 8.9077
2.4551 6.0284
4.6753 6.8832
8.1369 1.9236
5.6203 3.7653
3.5202 3.4571
4.2417 5.9683
7.0636 6.6269
5.836 6.5902
7.7073 3.7764
3.5336 5.7487
4.9634 6.6788
9.8076 2.3661
4.6724 5.3912
5.18 5.3873
8.0836 2.8742
2.7183 5.5035
3.9577 4.8877
4.6128 6.6015
3.366 8.2526
1.3958 9.9904
6.7517 3.9614
5.564 5.6366
5.3749 6.1313
5.1533 7.0884
9.4322 2.3512
4.0285 6.6616
5.5618 8.1247
3.6507 4.667
6.6197 6.0408
5.1767 7.4978
7.6355 5.0899
7.3196 4.1348
7.4048 2.669
6.273 5.4261
5.2732 4.7143
10.203 2.9985
3.549 5.8015
6.7864 4.2985
5.3149 5.062
4.5898 6.6817
2.7662 7.3177
8.5227 3.9342
5.1331 6.3573
4.9458 7.4489
3.9812 7.8374
9.0349 2.3115
7.9617 4.7393
7.4022 3.4676
6.9435 3.6759
5.0027 5.3632
4.5814 7.61
3.4594 5.8112
0.98932 8.3803
6.0308 4.148
8.1617 3.709
6.1378 5.1779
7.4997 5.5345
8.541 2.7655
3.524 6.712
6.2844 4.2417
5.0934 7.1284
7.9647 5.5358
4.2297 8.9216
5.0855 7.0336
3.7394 5.6125
5.3973 6.6826
7.1031 2.2564
6.5959 6.0594
8.0735 1.9399
6.8225 5.5073
7.1573 4.0913
2.9377 6.3523
6.7946 4.6289
6.2667 4.8074
4.9317 4.7099
5.7651 4.7352
7.2618 3.7894
5.0742 4.8955
5.1832 7.1865
4.5087 4.8165
7.8095 4.063
5.8049 6.3624
3.5176 6.9573
5.114 2.6823
9.0847 4.0712
5.8015 3.9259
8.4596 3.0937
4.1538 8.3884
5.2972 5.6913
6.7437 3.3763
5.472 5.5893
7.3637 5.9071
3.8315 7.3868
9.118 5.3627
4.247 3.3813
5.597 6.876
2.3137 6.2552
6.301 7.2696
5.6376 3.7448
5.6742 6.7466
4.7303 3.9468
4.0263 6.7722
9.1853 2.6069
4.1051 6.3171
4.9011 6.0539
5.4538 4.4394
6.9508 4.9343
6.5637 5.9472
1.7933 7.5956
6.4654 6.7777
3.7445 9.3653
6.4254 3.7382
5.2518 5.6685
5.8151 4.9705
4.8591 7.6348
4.6879 5.05
6.4747 3.1752
4.1527 5.2939
6.7066 4.7657
5.2961 5.3839
3.4382 5.5398
5.7298 6.9003
3.485 7.2843
4.2377 6.0195
6.445 6.5711
4.4663 8.1743
5.6169 8.3016
5.3542 6.2281
5.2324 6.1273
6.7419 3.2965
7.7813 5.2096
8.4737 3.1456
4.1354 4.9866
5.3854 6.4899
7.8114 2.3903
7.4758 5.0468
4.4927 5.5556
7.4402 4.8313
8.7997 5.0706
7.1583 3.0386
3.8457 6.7417
3.0992 6.0789
5.7729 9.6468
5.8001 5.2178
5.9223 3.0021
3.4295 5.628
5.6051 5.0862
7.1204 4.969
8.4495 2.8884
4.6167 6.8764
5.8021 2.8859
6.8505 4.2416
4.5211 7.2469
5.1704 5.5802
7.1032 2.7224
5.7033 5.0186
6.7665 5.5485
6.8666 5.907
4.0059 7.5253
4.7177 7.5903
5.8115 8.4576
4.2262 6.7646
6.4226 5.6107
7.7672 4.1807
5.7842 4.7624
7.8423 4.1929
4.8358 5.4635
4.4543 5.4962
5.2293 6.7307
6.7297 5.3162
4.5816 6.9438
1.5384 7.6049
8.735 2.9597
7.6329 5.1269
7.6951 4.9307
5.4253 4.3738
7.2803 3.2749
4.3762 5.6493
4.8508 8.2785
3.9358 5.4521
5.8756 5.7474
8.3386 1.762
7.0181 4.9918
5.9173 5.5755
5.5349 4.8868
3.9909 7.0315
3.9767 7.7034
6.0594 5.1543
5.268 6.4005
6.2954 4.7167
7.1019 5.6743
7.8443 0.91435
5.2415 4.7621
6.5668 2.7987
8.0522 2.6002
5.3464 6.3165
5.3595 6.3375
7.088 5.8445
2.0214 8.0897
4.8697 3.2824
5.0108 5.3642
4.4584 5.7866
5.7772 5.365
3.8755 5.2758
4.1088 6.0736
7.8642 2.2406
10.269 2.4991
5.7063 3.8752
6.8449 5.0406
6.297 5.4697
5.7927 3.2399
6.5996 6.6639
4.9159 9.577
4.592 7.7529
7.0031 5.3795
6.8025 4.4862
5.298 6.3882
7.646 2.8163
1.8481 7.1968
3.3934 5.106
4.4379 5.3029
