1.4313 6.0999
0.97462 5.1822
1.5212 6.959
-1.1627 3.5227
-0.13974 4.9092
-0.96181 6.7032
-0.084206 4.8036
4.745 9.8531
0.24147 3.584
1.5696 5.9925
1.2524 7.7662
0.3273 3.3556
-3.5054 4.5119
0.97751 4.1841
-2.7335 4.6381
2.5555 6.4269
1.7729 4.5823
2.1321 6.7068
0.64535 4.5803
3.2738 6.4493
-0.067877 6.3689
-0.57338 4.6637
-3.9917 1.8015
0.63519 1.7629
-2.3274 5.15
4.2766 7.7542
2.9565 4.9185
-1.6196 3.5282
0.82645 4.8808
2.0297 4.672
-0.14855 3.6761
-0.8642 4.2426
-4.9139 0.060373
-3.049 3.3459
-1.126 3.6458
0.032939 5.7023
1.2875 7.2539
-0.47056 5.9723
3.1832 8.4468
-0.47441 3.119
-1.0794 4.1669
1.2639 6.9677
0.77155 4.354
-2.5982 3.362
-1.5147 3.8414
2.223 8.2364
-1.0581 5.493
-1.0499 4.8768
-0.38907 4.7782
0.24098 2.5561
-0.42852 4.7489
-1.1958 4.3464
-1.3859 5.0294
0.84099 7.0774
0.99291 5.1646
1.5283 6.2093
0.051504 2.7557
0.072232 6.5937
-0.4758 3.4272
-0.18263 4.9875
1.5201 4.9604
-2.2226 3.7679
1.3981 6.5311
-0.18644 3.9748
-1.5864 4.7151
-0.6202 4.3571
-0.090154 4.565
-1.7644 7.1427
1.263 7.3961
-1.0964 5.0858
1.8461 4.6709
1.5255 6.8657
1.6256 5.0621
2.092 6.3042
-3.8945 2.32
2.3415 8.0714
-3.4122 2.287
0.21096 3.8639
-3.164 1.188
3.0784 7.4837
-0.19467 4.1846
-1.1591 4.7439
1.1249 6.0105
-0.40384 5.7419
1.5243 6.5629
1.6179 7.222
-2.2705 -0.29044
0.71226 3.2554
-0.40185 4.1777
1.139 3.8204
-0.094449 5.0664
-0.56156 4.3207
0.88973 4.0651
-3.9344 1.2983
-1.0198 2.0015
4.1666 6.2255
-0.18329 3.3001
0.12267 3.7865
0.44642 5.0769
-2.2116 3.6926
-1.1485 3.4374
2.1321 6.3598
1.549 6.383
1.1258 6.9158
2.6618 8.212
-0.27215 4.516
-1.6386 4.0723
1.7754 5.5533
-3.7821 2.8271
1.9082 8.3075
2.9016 6.7151
-1.2814 7.2273
0.22307 7.5914
-1.5947 2.6325
-2.1354 3.3305
-1.3305 0.84033
2.1444 5.2788
-3.6774 4.7821
-3.4925 1.9224
1.1984 5.6299
0.84091 5.1285
-0.80728 5.3137
-0.031623 6.1412
1.6049 7.9159
-3.4862 3.6974
-1.4534 4.0663
3.6747 6.9314
-0.4733 2.2991
-0.043239 3.7823
0.84658 6.2975
1.733 7.1538
0.16286 4.6596
-2.8279 3.0697
3.0169 9.1285
-3.2883 2.8474
1.7735 5.8952
2.2408 8.1725
1.5928 6.9007
-0.35748 2.0526
-1.058 4.9436
-1.0553 1.1022
-3.465 0.8366
6.5997 12.801
3.2892 5.552
-0.1676 2.899
2.6835 7.811
-0.35277 5.0438
0.71514 5.9188
1.4114 7.0802
-0.61428 3.5184
0.44264 2.9167
-0.9801 2.6729
1.6417 6.3582
3.7278 7.0297
1.0117 3.8849
0.0086161 6.4963
0.16126 6.1256
-0.45701 4.7297
-0.29189 3.8697
0.46556 5.7743
-3.9609 2.2459
-1.5164 5.6252
1.5431 5.8658
-0.16339 4.0027
0.44006 6.6325
2.5533 5.326
2.721 5.8478
0.38422 6.497
1.543 7.0651
0.64361 4.0373
2.368 6.9763
0.25786 5.6232
5.6625 8.7283
-2.685 1.9951
-3.3974 2.3469
1.0602 6.5849
-1.946 1.8618
1.0019 7.2924
2.1519 6.9156
0.86932 6.4822
-0.1426 3.1755
-3.9528 0.69375
-3.4274 0.57984
-1.7189 3.6343
-1.1664 3.4291
-1.7097 3.364
1.549 4.2787
-1.1225 3.6818
-0.26038 4.409
-2.2362 1.5732
1.6975 6.1316
4.5788 8.4908
-3.8296 1.4938
-0.31962 4.1919
2.8926 7.0903
1.2844 6.0196
2.7113 8.868
-3.7712 0.2306
-1.8647 4.4171
-0.60506 4.7382
-0.16796 6.2582
-2.3345 2.7303
0.76383 6.0455
2.7852 6.8874
0.21117 6.0495
-2.1776 2.315
-0.98634 4.2699
-1.725 6.1951
1.7967 4.0518
-2.2101 3.1761
0.96077 5.0766
-1.1665 4.34
0.55507 5.4496
0.38856 4.7928
-0.91706 5.1579
2.8866 8.1095
-0.64894 3.4877
-3.9711 2.1659
-3.2173 3.0856
-2.8378 1.7958
1.9753 5.1575
-0.93067 5.0955
-0.73375 3.9998
2.0042 7.4071
0.31441 3.5019
-0.24923 4.4732
5.0295 8.4964
-0.98051 3.4521
3.6638 6.6171
1.1971 7.219
2.0128 5.523
-1.5948 3.7802
2.4414 6.3673
-0.94492 3.5156
1.2342 5.4997
-2.908 3.6003
0.21438 4.4628
1.2686 7.0865
1.174 5.4851
0.40596 2.6437
0.21818 4.079
-0.19798 7.6291
0.69618 7.0983
-0.85021 4.297
2.7672 8.8135
0.58261 5.1908
-0.30521 3.0809
-0.59321 5.6481
1.4292 5.113
1.7589 6.8112
