9.8349 10.979
7.9256 9.4856
12.327 10.615
4.4246 12.35
9.8077 8.7589
11.581 9.2979
4.2195 8.4131
9.6178 11.842
13.123 11.066
10.421 11.458
8.7931 11.989
4.1444 10.935
7.6683 11.21
5.761 11.113
9.7732 11.569
14.525 10.083
11.175 10.11
9.9058 11.054
12.084 12.568
10.636 7.485
6.4244 11.552
10.721 10.393
14.147 10.211
7.779 12.293
10.433 9.2611
12.028 11.678
11.62 10.64
12.771 10.727
14.497 10.371
7.6562 12.084
12.451 10.799
11.652 10.961
11.991 9.429
12.47 9.9585
6.3704 10.199
13.648 12.016
10.661 9.9866
12.513 9.2345
11.195 10.386
10.489 9.9388
14.1 9.5358
13.814 10.327
13.072 10.546
13.167 9.0778
11.617 10.947
10.853 10.976
11.817 10.301
10.187 10.553
14.676 10.268
11.689 11.015
11.608 10.5
13.344 10.93
9.8537 9.0129
9.3884 11.236
9.1198 10.119
10.83 9.6131
16.039 10.689
9.1682 8.8132
12.139 9.7768
12.184 11.813
8.7664 10.708
7.1042 10.305
13.047 8.9181
6.9919 9.0361
12.14 10.102
12.537 9.8801
10.64 11.045
9.7939 11.828
6.0882 11.645
11.962 10.911
10.785 10.126
13.963 11.11
15.191 9.2826
11.89 10.207
12.461 9.8386
9.1435 11.228
8.4859 10.863
8.0577 10.644
12.483 11.865
13.939 11.156
14.036 10.361
10.655 8.9143
10.261 10.201
8.6537 9.6934
5.878 10.717
9.9435 9.5353
11.22 9.9145
12.41 11.072
8.7821 10.394
12.089 10.915
14.008 10.4
15.172 9.8462
10.965 10.456
6.7856 10.926
9.2877 10.795
9.5786 10.566
8.8495 10.692
12.909 11.687
13.14 10.513
9.0007 10.331
10.924 10.311
9.2012 10.784
15.778 8.7345
6.6678 11.057
15.408 10.166
10.411 12.74
8.8391 10.142
11.053 9.7158
8.8472 8.6412
12.752 10.171
15.961 10.539
12.029 9.5654
10.102 9.5956
9.8198 12.351
7.5811 11.398
12.867 11.963
12.338 9.1648
8.6358 10.216
6.5364 10.435
10.339 10.576
7.8966 10.774
7.7499 10.939
7.6322 11.739
11.24 11.602
18 9.9819
13.797 10.389
6.3667 9.9332
12.892 11.239
8.9167 9.9329
8.9392 9.4195
8.5092 9.2272
5.3083 11.802
7.3602 10.604
12.316 9.5877
15.199 11.099
11.65 11.081
9.1246 9.2856
10.625 10.168
11.295 10.842
11.979 9.4337
9.6275 11.374
9.1178 10.457
11.689 11.696
13.558 9.0454
12.31 10.1
9.0538 11.002
5.2995 10.845
10.709 10.945
10.173 10.964
10.314 9.242
11.72 10.576
7.373 11.222
8.2826 12.007
4.575 9.7482
8.9903 10.47
10.926 11.375
12.625 10.265
10.857 10.566
8.1195 10.245
9.2906 10.604
11.479 10.871
11.922 11.148
8.0043 12.312
12.132 11.209
10.393 10.188
14.284 10.481
10.833 11.974
10.833 10.6
9.8914 9.253
12.201 9.6182
7.9592 9.9793
7.0002 10.567
9.358 11.378
10.482 11.85
8.798 11.35
10.552 11.789
12.261 11.886
14.474 11.363
5.0509 9.5177
6.4163 9.9245
12.033 11.109
9.9106 9.5807
8.0581 8.4755
9.7329 9.6109
10.643 9.5285
11.286 9.7283
9.8965 11.034
6.9177 10.442
8.606 8.9749
11.896 10.42
11.933 11.076
14.227 10.868
10.252 7.6641
11.41 10.609
12.22 9.2181
13.051 11.247
9.203 12.199
10.352 11.005
14.893 9.0688
9.6128 9.3596
10.945 10.829
7.3874 11.092
5.8281 9.7857
12.276 11.914
10.322 10.795
7.6458 10.467
6.8589 11.264
6.7983 9.5977
14.272 8.4779
10.66 11.262
11.015 9.6097
6.9433 10.844
9.2315 10.56
13.371 8.1023
12.539 11.272
12.197 10.104
10.021 11.744
10.584 11.061
15.661 12.122
10.139 10.472
8.3288 11.171
9.3306 10.53
9.7559 9.8463
12.257 9.5156
9.84 9.1441
9.0776 10.592
12.593 9.9402
11.56 11.39
9.3173 10.734
8.3528 9.4122
8.8762 13.135
13.027 10.825
7.3155 9.8723
8.3898 11.856
8.3188 9.5975
10.582 11.021
10.965 11.332
7.8404 10.407
12.123 12.452
12.913 9.6932
11.934 9.8552
11.621 11.104
15.919 10.08
9.859 10.71
10.432 8.8382
10.476 10.662
12.541 11.316
11.772 11.218
8.1077 9.1742
7.8831 8.5255
