-3 7.2 14.334
13 -5.2 31.283
3.8 -6.4 -55.266
11 -3.2 26.692
1 5.2 -0.26118
7.8 5.6 15.962
-5.4 -3.2 56.149
8.2 -6.4 -42.929
2.6 5.6 -4.2799
1.8 7.6 -26.963
8.2 -1.6 2.4422
6.6 1.2 5.1603
10.2 7.2 26.392
-4.2 8.8 3.3645
1 -0.4 1.6849
0.2 2.4 2.9433
6.2 -5.2 -46.535
2.6 2.4 -0.21692
9.4 4.8 32.751
5.4 9.6 -44.887
1 -3.2 -14.86
-5.8 -0.4 68.579
-1.8 4.4 14.555
-4.6 3.6 48.257
-1.4 -1.6 17.633
10.6 6 36.539
-5 12 -23.963
3 6.8 -19.081
-0.2 -4 -11.08
1.8 -1.6 -12.056
11.8 6.4 51.315
9.8 1.2 36.924
3 10.8 -71.121
7 -6.4 -42.411
-2.6 -2.8 13.789
-4.2 6.4 37.289
-0.6 -1.2 5.5406
2.6 0.8 5.6875
1 8 -23.288
9.8 4.8 32.29
3 10 -50.809
-5.4 8 41.744
-4.2 3.2 53.117
2.6 9.2 -45.712
-0.6 -0.8 4.9076
-3.4 7.6 12.226
5 4 3.1156
9.4 8 7.9952
12.6 -2.8 46.242
7 5.6 7.527
0.6 2.8 1.098
9 6.8 12.243
2.2 -3.2 -19.846
-0.6 4 3.2819
4.2 -6.4 -57.49
4.6 3.2 -2.9734
5.4 0.4 -8.333
10.6 -6.8 -21.001
7.4 2.4 19.875
8.6 9.6 -11.292
-2.6 4.4 27.456
10.2 3.2 44.292
3.4 0.4 -12.338
11.8 12 -19.348
6.2 -2.8 -12.136
1 -5.2 -40.072
0.6 3.6 8.9285
1.4 -2 -10.751
3 4.4 2.9846
4.6 4.8 -6.1997
10.2 4 51.102
3.4 -7.2 -70.427
1.8 0.4 7.177
12.6 2.4 78.856
8.2 -7.6 -49.442
-5 -2 44.673
-1.8 10.8 -43.134
1 2 7.402
8.6 7.6 1.5463
-1 11.6 -62.675
8.6 3.2 29.399
2.6 3.6 7.532
6.2 4.4 1.5463
1.4 -1.6 -5.0095
-0.6 -2.4 -2.449
4.6 -0.8 1.0755
9.8 -6.4 -27.062
10.2 8 16.198
3.8 -6.8 -60.106
5.8 4.4 2.7706
5.4 -2.4 -8.7952
7 0 4.5225
-2.2 -6.8 -26.436
1.8 6 1.7214
-0.6 2.8 10.674
-6.2 -6 44.399
9.4 -7.6 -44.368
-2.6 2.8 32.94
1.4 1.6 8.6953
13 7.2 58.281
3.8 0 -3.7227
-1.8 4 14.598
-0.2 12 -84.994
1 -2.8 -12.552
9 -2.8 6.1353
-5.4 3.6 56.432
10.2 -2.4 15.371
10.2 -3.2 17.796
-5.8 2 75.239
-3 -3.2 17.562
-0.6 6 3.7953
0.2 2 16.351
-0.6 -2.8 -9.7135
10.2 0 37.158
1 -1.2 -2.7928
6.6 -0.8 4.8481
8.6 1.6 25.67
7.8 -4.4 -3.9017
8.2 1.6 26.563
7.4 3.2 20.87
-3.4 1.2 31.845
-1.4 12 -59.03
-2.2 -6.4 -31.228
9.8 -3.6 11.708
-4.6 -4.4 36.04
-2.2 0 26.616
5 2 6.7604
6.2 8.8 -19.212
4.2 3.6 -8.0533
-2.2 2.4 27.686
3 11.6 -68.403
9.8 5.2 33.016
12.6 -4.8 24.083
11.4 0.8 56.653
7.4 -3.2 -4.1867
2.2 -1.2 3.19
0.2 0.8 9.5067
12.6 0.4 57.687
-0.6 10.8 -44.755
8.2 -6.8 -44.55
7 -6 -36.393
-1 6.8 -0.42157
11.4 10 11.468
-1 4 12.519
-1.8 4.8 15.606
-4.2 -6.4 1.063
-3.8 10.4 -20.69
5.8 7.2 -17.882
-1.8 11.6 -61.726
-4.6 4 48.315
11.4 6.4 51.38
3.4 12 -73.156
5 3.2 6.9407
-0.2 -3.6 -0.31917
4.6 4 -3.726
10.2 12 -37.687
-1.4 4 24.163
1.8 -4 -29.576
5 6.4 -15.246
-1.4 11.6 -57.72
-6.2 3.2 83.662
-6.6 3.2 82.383
-6.2 0 84.1
7.8 8.4 -12.303
7.8 1.6 21.763
13 8.8 45.498
-4.6 9.6 0.57931
7.4 -5.2 -27.32
-5.8 8 34.493
3 -6.4 -56.502
1 9.6 -38.007
3 12 -74.167
7 3.2 15.411
8.2 7.2 13.321
-3.4 -1.2 37.315
-5.4 4.4 66.736
9.8 -6.8 -28.544
6.2 -0.4 5.8798
-6.2 -7.6 12.712
9 -3.2 0.72967
5 6 -10.662
-2.6 -4.8 -4.5666
10.6 -2 23.879
11.8 -3.6 36.693
12.6 4 72.837
-5.8 0.8 82.435
0.6 4.4 12.027
-0.6 0 12.346
4.6 -7.6 -72.252
-1 -2 22.183
-5.8 11.6 -14.514
0.2 -2.8 3.9225
5.8 8.8 -29.108
5.8 8.4 -18.136
-4.6 -1.2 47.099
-3.4 10 -18.127
-4.2 12 -34.558
1.4 10.4 -58.122
1 4.8 4.3742
-5.8 4.8 75.545
-1 5.2 6.774
-3.4 -5.6 7.0251
11.4 -1.6 37.536
-3.4 5.6 32.569
11.4 8 33.391
-3.8 -4.4 15.688
-3.4 -3.6 17.313
7 -2.8 -5.9936
-1.8 -1.6 12.576
10.2 -2 17.051
8.2 8.4 -15.338
3.4 -1.6 -0.89637
-6.6 -4 66.451
1.4 0 4.5539
11.4 6.8 44.055
-1.4 3.2 25.457
2.2 4.4 4.6772
11.8 -2 49.769
8.6 5.6 18.457
7 8.4 -22.577
11.4 3.6 52.158
-5 0.4 61.366
-3.8 3.2 42.37
-3.4 0.4 46.198
-0.6 -4.4 -10.779
6.6 1.6 11.036
-3.8 -5.6 0.25251
3.4 -3.2 -17.843
11 8 33.063
-1.4 2 25.218
9 4.8 20.368
-4.2 -0.4 50.508
6.6 4 4.4406
-2.6 0.4 31.125
6.2 2.4 13.881
3.8 7.6 -26.496
1.8 6.4 -9.2675
-2.6 0.8 37.21
-6.6 6 77.62
6.6 2 15.69
-0.2 9.2 -36.157
8.6 6.4 12.626
9.8 8.8 10.571
0.2 1.6 13.653
-4.2 -6.8 -0.50941
12.6 7.2 59.267
6.6 8 -26.711
-2.2 0.8 30.095
2.6 -5.6 -40.685
-5 5.2 45.868
-2.6 1.2 27.685
1.4 2.8 -2.6759
12.6 8 46.403
-3.8 8.8 5.8096
13 -4.8 35.372
0.6 -3.2 -6.7317
7 -4.4 -18.957
0.2 5.6 -3.4856
-6.2 0.8 86.218
8.6 -0.8 2.0406
-3 11.2 -38.375
-6.2 -1.2 79.001
1.4 2.4 0.62333
9.8 -2.4 11.93
-4.2 -7.2 -2.0641
3.4 2.8 4.8007
3.4 -4.4 -34.587
-1.4 -5.2 -17.704
5 8 -22.868
9.4 4 26.729
2.6 -3.2 -27.239
-5 11.2 -19.989
1.8 4 -2.0579
7.4 10 -35.164
-1.4 -2.8 -2.7054
6.6 -7.6 -62.202
3.4 2.4 -1.3477
6.2 2 5.6064
-2.2 12 -53.836
7.4 6.8 -4.0882
-1 10.4 -44.114
-3 8 4.1101
-0.2 5.2 -2.1966
-0.6 3.2 5.362
10.6 8.4 15.65
9 5.6 18.656
4.2 0.4 -0.83097
-3.4 -6.4 -14.426
5.4 9.2 -36.762
8.2 -0.4 15.38
10.6 -1.6 37.032
12.6 -6.8 6.8572
-6.6 12 -0.92159
8.6 -4.8 -16.242
11.4 4.8 55.933
12.2 -2.4 44.949
0.6 -2 -3.4739
5 0 -9.6259
11.8 -3.2 34.558
12.2 2.4 58.555
2.2 5.6 -11.637
4.2 10.8 -53.562
9.8 10 -17.043
7.4 8.4 -19.346
1.4 -0.4 1.5733
0.6 -7.6 -56.785
3.4 -4.8 -33.264
8.6 -4 -10.283
-4.2 5.2 43.044
-0.2 -2.4 -1.7074
9 10.4 -23.407
10.2 2 38.494
3 9.2 -42.362
4.2 5.2 -12.653
2.6 10 -49.433
6.2 -3.6 -25.4
5.4 6 -11.799
-3.8 -0.8 38.454
7.8 8 -9.9576
7.8 -2.4 -9.0414
10.6 0 39.352
4.6 -2.8 -8.3421
6.6 0 0.85625
-6.6 -1.2 82.476
12.6 -0.8 64.572
8.2 -2.8 -0.6333
1.8 9.2 -32.064
6.2 -2.4 -11.59
8.6 0.4 23.062
10.6 2.4 36.928
9.8 6 25.965
-2.6 7.2 1.2679
-1.4 11.2 -38.919
-6.2 1.6 83.176
-0.6 11.6 -63.881
5.4 -5.2 -41.937
-3 -6.4 -20.431
-1.8 1.2 19.099
3.8 3.2 -8.2774
10.2 1.6 37.352
11 -4.4 4.8543
7.8 0.4 17.998
-1.4 -6 -17.956
-6.2 6.4 54.154
2.2 10.4 -61.052
9.8 2.8 29.683
0.2 7.2 -7.043
0.6 -0.4 6.8275
-3 -4.4 15.475
-6.2 -6.8 38.607
0.2 -6.8 -45.267
1.8 3.6 2.8651
4.6 7.6 -17.574
-1 0 16.506
-0.2 -5.2 -22.555
1.8 8.4 -35.924
-3.8 4 28.068
6.6 10.4 -43.135
11.8 -2.8 34.431
-5.8 -6.8 26.256
-6.2 6 65.343
-3 11.6 -44.369
10.2 9.2 3.4542
6.2 -7.2 -67.75
2.2 -5.2 -42.782
-5 -3.2 43.931
-5.4 -2.4 55.032
1 -5.6 -35.342
0.6 6.4 -25.209
13 -3.2 54.802
5 -0.4 -2.0638
11 -1.6 40.705
-6.2 -3.2 68.869
5 8.4 -27.768
-4.6 5.6 39.01
-5.4 0 73.757
4.2 1.2 1.9246
12.2 4.4 59.65
-0.6 2 15.012
-5.4 2.8 61.272
11.8 5.2 45.186
0.2 -0.4 3.0009
11.8 -4 28.879
-6.6 -2.8 73.861
5.8 -2.4 -10.426
-3.8 1.2 60.465
9 6 24.448
3 0 1.0835
3.4 8 -21.81
0.2 2.8 7.2082
2.2 8.8 -27.656
-2.6 -3.2 16.718
0.6 5.6 1.9422
-5.8 2.4 68.278
-3.8 11.6 -39.3
13 0.4 82.048
-6.6 11.6 8.3412
11.8 10.4 11.628
-0.2 -4.4 -23.403
-2.2 -6 -21.339
6.2 -1.6 -0.43338
2.2 -7.6 -74.491
13 1.6 72.382
-3.8 10.8 -16.845
3.4 -6.8 -53.405
-5.4 2 70.609
-2.6 -2 23.94
-1.8 8 -10.356
-0.6 5.6 -2.5938
-5.4 -2 55.791
5 5.6 3.3972
11.4 -3.6 14.491
11.4 0 60.374
-2.2 -3.6 11.752
6.6 -4.8 -25.662
-0.6 3.6 10.274
3.4 5.6 -11.57
5.4 1.2 -5.6779
-3 -4.8 0.75795
3.4 2 -7.0644
-5.4 8.4 31.846
-6.2 9.2 37.301
11.4 -2 30.209
-1.4 10 -31.1
-4.2 4 49.135
9 1.6 24.996
9 3.6 20.478
4.6 -7.2 -72.681
1 6 -6.6716
5.4 2.4 -1.9186
1.4 0.4 9.7758
4.2 -4.8 -32.069
-6.2 2 81.644
-0.6 -4.8 -12.473
-1 12 -67.979
0.6 10 -47.268
6.6 -6.4 -52.225
-3 9.2 -11.599
-1 -6.4 -20.638
-1.4 4.8 13.593
8.2 10.8 -37.813
5.8 10.4 -39.335
-5.8 -0.8 74.368
6.6 0.4 2.6334
10.6 11.6 -24.427
-6.6 -0.4 90.314
-2.2 6.4 4.4838
13 8 55.033
1 -4 -12.892
-4.6 12 -30.001
11.8 10.8 3.0542
5 5.2 -6.9838
-5.4 -1.6 53.49
0.6 0.8 5.9071
-4.6 10.4 -17.536
1.4 -6.8 -52.528
-1 3.6 6.3223
12.6 5.2 65.727
11.8 1.6 62.038
6.2 -4.8 -31.411
9 10.8 -18.552
6.6 -2 -13.758
12.6 0.8 75.411
4.2 8 -22.824
-6.6 0 94.588
5 0.4 6.6356
-4.2 1.2 45.892
7 3.6 5.3035
0.2 0.4 3.2146
9 -1.2 12.801
-4.6 8 21.256
10.2 -7.2 -38.322
12.6 -6.4 18.765
-0.6 7.2 -1.2905
-5.4 -6.8 21.215
-2.6 4 32.166
10.2 -4 10.089
-4.2 -7.6 -19.014
6.6 -3.6 -23.325
-5.8 4.4 68.35
9.4 12 -42.169
-1.4 -4 -12.793
0.6 -5.2 -34.703
-1 7.6 -20.519
11 1.2 46.706
-6.6 -1.6 84.577
11 4 42.232
4.2 9.6 -31.866
-3.4 -7.2 -24.041
10.2 2.8 44.53
-4.2 4.8 49.058
11 7.6 27.764
0.6 6.8 -16.448
-4.2 -5.2 6.5047
-5.8 4 74.685
-3 2.8 33.117
1 2.4 12.896
-5.4 -4 39.649
-1.8 6.4 6.2638
-3 5.6 31.657
-3 -3.6 24.971
11 -5.2 3.0608
-2.6 -0.4 28.839
1 10.8 -42.078
12.2 3.6 62.908
-6.6 4.8 75.196
-4.2 5.6 32.893
12.2 -7.2 -11.527
-0.2 6 11.434
13 -0.4 68.807
12.2 0.8 60.099
-5.4 -2.8 50.194
9.4 8.8 1.7112
-5 -4.4 35.815
11 11.2 -2.4142
2.2 -5.6 -42.428
3.8 5.6 -6.5461
4.2 12 -75.686
4.6 3.6 0.84283
-5 -6.4 12.72
11 9.2 21.281
9.8 -3.2 7.3324
9 -6.8 -43.985
-2.2 2 20.169
9.8 8 3.8818
10.2 4.8 43.2
-6.6 8.4 53.897
6.6 11.6 -55.482
1 -3.6 0.10977
-6.2 8.4 53.033
4.6 6.8 -18.031
10.6 6.8 33.698
12.2 6.8 52.38
-6.2 -4.4 62.004
11 -6.4 2.6116
1.8 -7.2 -62.327
3 4 -7.4077
9.4 6.8 13.67
12.6 10.4 20.744
1.4 -6 -41.798
3.8 8.8 -33.955
-0.2 9.6 -31.796
9.8 -7.2 -37.094
0.2 4.8 -2.1591
-2.2 -4.8 -11.065
11.4 -0.8 42.309
1.4 -2.4 -7.7879
1 5.6 -20.282
5 -2.4 -17.648
-2.2 -5.6 -17.066
0.6 -2.8 -11.319
-1 6.4 0.3982
-3 8.4 -1.208
-6.6 -7.6 34.814
-1 -4.4 -16.327
4.6 0.4 -0.081952
4.6 6.4 -11.879
10.6 -4.8 -0.85876
6.6 -4 -24.562
8.2 4.8 10.606
5.4 7.2 -17.647
-1 7.2 -4.9453
9 8 3.5326
-3 0.8 39.723
0.6 -4.4 -22.377
1 2.8 -0.058491
3.4 4.8 -6.9482
-4.6 -2.4 55.552
-1.8 2.8 24.446
11 -0.8 42.778
-6.6 5.2 78.086
9.4 10.8 -15.637
-6.6 8 49.236
4.2 -7.6 -62.283
-5.8 3.6 84.289
6.6 -6.8 -51.853
13 6.8 68.913
5 -3.6 -23.179
-4.2 10.8 -19.763
13 11.6 13.223
10.2 5.6 32.487
9.4 -5.2 -16.101
6.2 1.2 11.24
4.2 -1.6 -14.461
10.2 -5.2 -4.0065
6.2 8.4 -26.42
7.4 -0.4 3.02
-1.8 10.4 -40.257
3 8.4 -39.679
-5.8 9.2 26.086
5.8 12 -71.413
-3 9.6 -15.181
-5.4 8.8 20.803
-1 0.4 22.162
2.6 -6.4 -52.818
-1.4 -4.8 -7.5371
7.8 -1.6 3.0557
6.6 2.4 4.6994
-0.2 10 -35.718
6.2 2.8 10.092
12.6 -1.6 61.452
-6.6 -6 40.39
3 -6 -47.63
5 2.8 3.4678
-5.8 0.4 81.328
6.2 -7.6 -67.8
13 4.8 75.089
2.2 2.4 -5.3944
0.6 11.2 -56.748
10.6 12 -26.254
-6.6 -4.8 59.032
3.4 0 -1.5491
10.6 7.2 33.406
9.8 -7.6 -51.911
-1.4 -0.8 16.498
12.6 -7.2 -2.3731
8.2 -4.8 -20.767
-2.6 -1.6 20.051
1.4 -1.2 6.2675
4.2 -7.2 -57.378
-2.2 4.8 24.206
11.8 8.8 41.44
-0.2 6.8 -5.3793
-2.2 -2 13.945
13 0 74.609
1 7.2 -16.01
3.4 11.2 -64.43
-6.2 10.4 15.522
1.4 -4.4 -25.448
-5 6 35.578
-3.8 4.8 43.108
-2.6 11.2 -41.555
-5.8 -2.8 72.953
0.2 -6.4 -44.571
-5.4 -7.6 -1.14
7.4 7.2 -3.6496
10.6 -0.4 31.936
10.2 -4.4 3.3922
2.6 7.2 -21.765
10.6 4 40.322
4.6 -6.4 -50.62
-2.2 10 -27.203
7.4 6 1.8396
3 1.2 -1.1519
-1.4 1.6 17.255
-2.2 3.2 32.282
3 -4 -32.321
-3.4 -2.4 26.668
9.8 -1.2 20.313
5.4 12 -76.946
8.2 2.4 12.854
9.8 7.2 31.915
1.8 0.8 -0.30506
12.2 -6.8 -1.5191
5.4 -4.4 -31.714
5.8 6.4 -6.0882
11.8 4.8 60.982
3 0.8 -2.8291
6.2 -6.8 -53.034
-1.4 -6.4 -25.955
3.8 -4 -30.095
-5 -1.2 50.517
-4.2 -2 36.652
2.2 12 -83.73
-3 0.4 35.937
-5.4 3.2 70.473
11.8 7.6 49.732
11 -4.8 12.048
3.8 3.6 4.1878
-6.2 7.2 57.606
2.2 1.2 -3.1698
-3 -5.2 -5.1359
3.8 -7.2 -69.172
13 -6.4 15.135
11 -0.4 44.993
-1 -3.2 -17.087
6.2 -2 -8.7727
-4.6 -3.6 39.29
2.2 10.8 -63.013
7.4 -7.2 -57.094
9.4 -4.4 -5.9406
12.2 -4.8 20.986
-4.2 -6 14.571
-0.6 11.2 -58.842
-3.8 8.4 6.022
8.2 3.2 16.213
9 9.6 -14.129
-2.2 8.4 -8.1026
1.8 1.2 0.74852
-6.6 2.8 92.63
10.6 4.4 47.575
2.6 1.6 -2.3634
11.8 -6 2.9142
2.2 11.6 -65.985
8.2 10.4 -32.332
0.2 -3.2 -6.8734
11.4 -7.6 -31.957
11.4 5.6 43.499
7 4.8 15.138
3.4 4 -4.1709
-1.4 10.4 -35.491
-0.2 8.8 -28.884
3.8 10 -54.232
5 -2.8 -23.903
-2.6 -6.4 -12.256
1 8.4 -35.806
-2.6 10.4 -28.173
11.4 12 -11.577
13 -2.8 63.557
7.8 -3.2 -4.7998
2.2 0.4 1.806
8.2 -2.4 -3.2406
-3 2.4 43.451
5.8 -4.8 -40.827
6.6 2.8 5.6635
3 2.8 -11.753
-3.8 2.8 53.728
12.2 6 55.966
3.4 -7.6 -70.722
-6.6 -2 78.249
10.6 2 38.67
-6.6 0.4 84.84
-2.2 7.6 0.67338
4.2 -0.4 -5.0416
7.4 1.6 18.405
-3 -0.4 29.605
4.6 5.2 -8.1514
2.6 -1.6 -6.406
5 -1.6 -11.565
4.6 1.2 2.6317
-3 5.2 24.473
0.6 3.2 7.0678
13 3.2 86.518
-3 -2.8 31.068
4.6 9.2 -29.699
10.6 -2.4 29.509
2.6 8.4 -22.406
0.2 4.4 7.6791
8.6 4.4 23.481
4.2 -6.8 -69.972
9.8 -2 15.807
7.8 11.6 -46.774
7.8 -5.2 -28.548
1.8 -7.6 -58.641
13 8.4 50.986
9.4 6 25.836
-1 -3.6 -12.531
-1.4 9.6 -30.388
3.4 -5.6 -35.857
-5 6.4 40.802
6.6 0.8 7.9147
0.6 -6.8 -51.069
9.8 10.4 -16.44
8.6 -1.6 12.842
-6.2 -5.2 51.879
5 4.4 -0.26851
11 7.2 34.414
1 9.2 -43.654
9 4 32.13
11.4 -6.4 -5.6482
-2.6 3.2 35.779
-3.8 -6.4 2.751
-5.4 0.4 62.926
-3.4 2.4 38.269
-5.8 1.6 69.467
1.4 0.8 2.9624
-1 2 22.014
-1 10 -26.276
10.6 -0.8 41.469
9 -4.4 -6.5293
3.8 8 -32.615
-5.4 -0.8 62.832
4.2 -5.6 -43.027
-5.8 -3.6 52.146
-0.2 -5.6 -33.397
9.4 -3.6 10.589
2.2 3.2 0.76084
-5.8 6.8 50.909
6.2 -0.8 1.339
7.4 9.2 -25.916
-2.6 9.6 -26.862
4.6 9.6 -54.875
-6.6 9.6 34.155
1.8 2 11.211
11.8 2.8 59.374
0.6 8.8 -28.202
3.8 6.8 -17.199
1.4 5.6 3.8676
3 -5.2 -39.73
3.4 -1.2 -14.443
0.6 9.2 -37.249
-5.8 -5.2 42.188
-4.2 9.2 12.467
12.2 12 2.703
7 11.2 -63.954
-6.2 11.6 -0.68529
4.6 -1.6 -6.5992
-2.6 6.8 13.895
7 4 0.63148
1.4 -2.8 -18.902
-6.6 2 85.969
11.4 -4.4 18.064
7.8 -7.2 -57.078
-4.2 0.4 56.715
7.4 -6 -36.54
4.6 5.6 -2.8904
7 4.4 -4.6296
-5.4 1.6 63.139
-0.2 5.6 -5.1606
-4.6 8.8 -1.6313
1.4 9.2 -37.41
4.2 2 -3.3755
8.6 5.2 16.282
7 2.4 12
2.2 -1.6 -15.675
-1.8 -5.2 -13.689
2.6 -1.2 -8.4575
-5 0 68.486
5.4 -4.8 -43.45
8.6 11.6 -44.132
13 9.6 49.245
8.6 -5.2 -22.884
-3.8 -0.4 37.743
6.2 6.8 -3.5765
4.6 -2.4 -13.24
3.4 10.4 -57.12
5.8 1.6 -1.9333
-4.6 1.6 58.226
13 -5.6 25.837
3.8 4.4 -9.2117
9.8 6.4 36.711
6.6 5.6 -4.8197
-3.8 9.2 3.4826
5.4 -2.8 -14.11
8.6 -3.2 -1.1014
-5 2.4 62.2
10.2 11.2 -22.115
-5.4 4.8 60.698
7.4 5.6 -5.2625
0.2 10.8 -54.005
-3.4 -4 13.582
-2.6 -5.6 -5.2271
7.8 1.2 22.36
-5.4 11.2 -2.1273
-3 -5.6 -6.6044
7 7.6 -5.1245
-3.4 11.6 -31.827
10.2 -6.8 -20.052
7.8 12 -60.455
12.2 1.6 63.111
9 -4 0.77637
2.2 6 -6.5921
4.6 -5.2 -37.846
-5 9.6 8.6224
-5.4 5.2 49.84
3 -2.8 -19.911
1 4 12.044
-4.6 -0.8 56.169
5 1.2 -0.40376
-3.4 -4.8 17.378
-2.2 3.6 24.544
-5 -4 34.575
7 11.6 -58.649
10.6 5.6 40.921
2.6 4.8 -6.4653
5.8 -3.2 -17.135
-3 3.2 34.185
-4.2 2 52.618
2.2 -2 -11.415
12.6 -2.4 60.861
11 0 40.126
2.2 2 1.1104
8.2 8.8 -16.735
10.6 10.8 -12.801
9.4 -4.8 -0.71311
0.2 3.2 8.5843
-1.4 5.2 23.886
-3.8 -5.2 9.6688
7 2.8 15.081
8.6 0.8 25.7
-0.6 9.6 -36.628
8.6 2.8 22.462
3.4 -0.8 -11.152
-3.8 10 -7.9428
-1.4 0 10.778
7.4 -4 -21.499
-1.8 0.8 17.05
-6.6 4.4 88.066
5.4 -1.6 -9.8515
11 10 0.49001
6.2 6.4 -3.1635
-5.8 12 -22.204
5.4 10.8 -58.612
-6.6 -5.6 49.077
-2.2 -4 3.1478
1.8 -4.8 -31.505
11.4 -1.2 50.096
0.6 1.6 14.189
-5 -0.4 59.966
13 -7.6 11.282
10.6 9.6 7.3754
-3.4 11.2 -34.912
-1.8 12 -63.297
6.2 12 -73.434
5.4 4 2.9759
-1.8 3.2 24.809
11.4 3.2 47.616
3.8 -0.8 -6.8052
-5.8 3.2 72.944
11.8 -2.4 36.015
11 10.8 -6.5677
3.4 9.6 -40.07
7.8 -4 -20.129
6.2 3.2 -10.49
2.6 -4 -31.681
10.2 8.8 8.5041
5.8 -2 -9.4162
10.2 -1.2 32.826
-5.8 10.4 6.9435
8.6 -5.6 -23.275
-3.8 -2 30.74
9.8 9.2 -7.8825
10.6 1.2 44.868
1.4 4.8 -17.199
5.4 -7.6 -66.839
-6.6 8.8 38.518
9.8 -4.4 -11.196
-1 5.6 12.538
-5 -1.6 55.036
9 7.2 4.6277
7.8 -6.8 -48.957
10.6 -5.6 -3.5708
9.8 3.2 30.776
7.4 -2.4 -3.3166
7.4 -6.8 -54.672
11.8 9.2 31.408
-5.8 2.8 65.907
1 11.2 -58.198
4.2 -1.2 -4.1738
10.6 9.2 18.477
5.8 -2.8 -14.399
12.2 7.6 43.992
11.8 6 50.506
3.4 3.2 4.2529
-5.4 -3.6 49.983
-6.2 5.6 70.478
-6.6 4 75.044
2.6 -3.6 -28.851
0.6 2 11.87
10.2 3.6 38.413
7 -2 -6.2288
-5.8 -6.4 20.374
11 -6.8 -19.237
10.6 0.4 46.282
-6.2 -2.8 65.778
9.8 0.8 46.642
10.2 8.4 14.748
6.2 0 0.27088
-0.6 -7.6 -53.139
9.4 -2.4 18.241
1.4 -3.6 -22.615
-3.8 -2.4 34.559
-0.6 -7.2 -41.412
3 3.2 7.1473
5 -6 -55.642
-2.2 -1.2 25.86
7.4 1.2 12.823
-2.2 1.2 31.655
2.6 -0.4 6.1561
-6.2 8 48.208
-2.6 12 -51.699
-5 7.6 32.677
-5 7.2 35.773
3.8 6.4 -15.186
9 1.2 22.974
1.8 7.2 -24.257
1 -6 -46.127
5 -5.6 -40.19
-3.4 3.6 32.384
1.4 -5.2 -37.284
-5.4 1.2 72.51
13 9.2 44.492
4.2 2.8 -6.0671
1.8 5.6 -9.5614
-2.2 -0.8 27.699
12.2 2.8 68.504
-1.8 1.6 15.858
-4.6 -6.4 12.559
-2.6 8 -1.8464
1.4 -7.6 -74.133
-3.4 6 26.342
-5.8 11.2 -5.2375
1 -0.8 4.0383
-1 2.4 20.634
0.6 10.4 -44.006
0.6 -3.6 -27.273
8.2 3.6 16.493
0.6 -2.4 -5.4454
1.8 10.8 -61.882
10.6 -4 18.02
5.4 10.4 -35.631
-6.6 10 26.514
9.8 -4 -1.3117
-0.2 -4.8 -18.962
-5.8 -5.6 38.541
5.8 5.6 -3.2849
7.4 -4.4 -16.037
-3.8 -4 26.227
6.6 -2.8 -14.712
0.2 11.6 -63.97
11.8 1.2 57.584
-0.6 -6.4 -39.958
-0.6 8.4 -15.717
3.8 6 -13.361
7 10.4 -55.976
11.8 -5.6 -7.1678
-6.2 2.4 84.762
11 4.8 44.794
3 -6.8 -59.565
3.8 9.2 -39.563
5.8 2.8 -0.77662
11.4 -7.2 -14.212
-4.2 6.8 26.409
-0.2 -2 2.349
-4.2 7.2 27.969
-3.8 3.6 44.285
7 -4.8 -17.553
12.6 -3.2 47.181
8.2 5.6 13.854
-6.6 9.2 40.448
5.8 8 -22.161
3 9.6 -38.965
5.4 11.6 -66.968
-1.4 -7.2 -36.986
0.2 -7.6 -56.874
2.2 9.2 -33.096
7.8 5.2 4.9267
11.4 5.2 55.364
9.8 4.4 36.481
10.2 7.6 25.979
4.2 6.8 -18.37
9 9.2 -3.8048
-4.2 -2.8 38.771
7.8 7.6 -13.39
1.4 10.8 -59.742
3.8 -2.4 -12.44
8.6 8.4 -11.534
-1.8 -5.6 -19.023
7 6.4 5.3309
7.8 11.2 -42.229
11 -3.6 14.674
8.6 2.4 15.923
7 9.2 -20.545
8.6 -2.8 -1.561
2.6 1.2 5.8248
-6.6 7.2 66.458
-1 8.8 -27.261
-6.6 -5.2 53.271
-5 -0.8 58.593
4.2 7.6 -25.409
4.6 11.2 -62.624
1 12 -78.47
8.2 0.4 26.745
4.6 1.6 8.6865
-6.2 12 -7.5283
-0.6 1.6 19.913
6.2 0.8 4.0946
3.4 -2 -10.696
4.2 6 -15.742
4.6 -4.4 -35.003
5 -4.4 -30.011
0.2 8.4 -17.088
7.8 9.2 -19.18
2.6 2 0.20179
-5 -6.8 18.594
3.4 -5.2 -34.98
11.8 0.8 54.783
-3.4 6.4 24.442
3.8 2 2.1313
-1 6 2.2554
7 -7.2 -54.683
3.8 11.6 -64.599
-2.6 6 19.263
3.8 0.4 -1.7545
1 4.4 2.1513
-3 -6 -13.18
9.4 -1.6 17.796
12.2 -4 32.87
9.4 -4 -9.7956
9.8 4 31.828
7.8 -6 -24.949
-1.4 -2 13.11
6.6 11.2 -49.899
-3.8 -1.2 53.749
9.8 10.8 -18.182
8.2 -3.6 -19.966
8.6 10.4 -22.032
-6.6 3.6 83.048
2.2 -4 -23.962
11.4 2 45.144
9.4 8.4 -5.1359
-5.4 10 18.29
-2.2 8 -8.1892
9.4 7.6 16.373
7.8 -7.6 -60.833
-3.4 8.8 0.91013
-5.4 7.2 38.653
11 -7.6 -21.015
-6.2 -0.4 85.759
7.4 3.6 9.5712
-2.2 10.8 -41.341
-2.2 1.6 30.388
-2.2 4 29.708
-2.6 -6 -12.137
-3.4 -0.8 34.604
11 3.2 53.15
6.2 7.6 -13.782
3.4 -6.4 -56.42
1.8 -3.2 -11.661
7.4 6.4 -0.40278
-2.2 6.8 2.0775
10.6 -3.6 17.508
2.6 -7.2 -57.324
3 -0.8 -13.465
-0.6 -5.6 -27.991
9.4 6.4 16.717
13 2 87.392
-1.8 5.6 12.261
10.6 -6.4 -13.356
-1.8 2.4 23.723
7 -3.6 -10.913
9 -4.8 1.785
1.4 11.6 -68.475
9.4 11.2 -26.891
5.4 11.2 -62.942
3.8 -0.4 -5.3163
-1.4 3.6 19.815
7.4 2 16.354
7 6 -0.20717
6.2 1.6 2.3719
-1 -1.2 14.37
4.6 -2 -12.054
3.8 1.2 -9.2976
-5.4 -4.4 44.281
8.6 8.8 -7.3585
11 3.6 57.993
4.2 -3.6 -23.604
9.4 2 23.54
-5 3.2 71.93
3.8 -3.6 -23.38
12.6 7.6 58.677
-6.6 11.2 6.4971
9.8 5.6 23.555
4.2 6.4 -8.5101
-6.6 -2.4 70.637
-6.2 -2 77.881
11 -2 30.102
11 5.6 31.5
1.4 9.6 -39.679
9 11.6 -48.351
12.2 9.6 24.22
-6.2 -2.4 68.698
-4.2 -1.6 36.218
7.4 -7.6 -58.42
6.2 11.2 -63.511
-1 9.2 -24.809
-1.4 2.8 20.176
8.2 -3.2 -2.5404
7.4 8.8 -26.263
-1 -1.6 15.526
-6.2 7.6 45.29
8.6 11.2 -39.465
11.8 11.6 -3.6652
-4.6 -7.2 -0.14475
1.4 -5.6 -35.723
11.4 6 55.069
8.2 8 -0.45178
9 4.4 20.429
3 -4.4 -27.989
5 8.8 -36.83
11.4 2.4 53.969
-3 0 44.595
-1 -2.4 5.156
13 10.4 29.736
-1.4 -4.4 -8.7355
3 8.8 -38.378
-2.2 -3.2 14.729
4.6 -1.2 -11.095
3.8 -5.2 -43.729
-1 -6 -34.323
4.2 1.6 -9
-5 -2.8 64.846
11.4 2.8 57.684
-3.4 10.4 -16.412
7.4 7.6 -11.603
-4.6 6.4 36.768
-4.6 -2 43.339
8.6 6.8 9.4831
10.6 -1.2 26.53
3 0.4 -1.4713
0.6 -5.6 -38.595
-3 10.4 -12.784
-0.6 1.2 15.61
-3.4 0 43.8
-0.2 -6 -38.05
-3.8 2.4 44.278
-2.2 4.4 17.16
5 -4 -24.104
3.8 2.8 0.72128
1 7.6 -22.488
11.8 -1.2 45.855
8.6 -3.6 -0.01741
2.6 -2.4 -9.6284
9.4 4.4 28.335
-1.4 8 -13.178
6.6 6.8 -7.9144
2.2 6.8 -22.143
-4.6 7.2 36.314
1.8 6.8 -15.975
3.8 10.4 -51.12
-4.2 11.6 -30.869
-2.2 -4.4 8.3953
5.4 -6 -57.432
-3.8 -2.8 38.973
-3.8 5.6 36.875
5.4 3.6 -10.897
9.8 -0.4 30.043
12.2 6.4 57.706
13 2.8 82.695
-0.6 4.4 13.398
-3.4 5.2 21.6
8.2 9.6 -17.76
2.6 2.8 -1.3706
2.2 -2.4 -10.174
-4.6 8.4 18.013
-2.2 -2.8 1.3231
7.4 11.2 -44.201
8.6 0 12.528
11 2.4 56.527
-2.6 -2.4 22.326
-0.2 2 18.909
-0.2 0 2.6793
-3.4 9.2 -2.6949
1 -4.4 -25.845
6.2 6 -8.1319
5.8 9.2 -34.463
-5.8 -4.4 41.272
1 10 -48.63
7.4 -1.6 0.8585
-1 -4.8 -11.695
-0.6 7.6 -6.1389
-2.6 2.4 28.623
7.8 9.6 -18.944
9 -6.4 -36.337
5 -7.6 -74.732
5 11.2 -63.096
1 0.4 5.7318
-3.8 -6.8 -16.061
12.6 -3.6 54.061
3 5.2 -12.756
5 10 -42.101
-0.6 2.4 11.083
5.8 7.6 -23.114
11.4 7.2 34.513
3.4 11.6 -68.714
-6.6 1.2 87.92
8.2 6.8 5.7065
3.4 1.2 8.3127
-3.4 1.6 39.345
-5.4 -5.6 22.905
12.6 4.4 76.249
-2.6 5.6 26.405
5.4 8 -15.512
8.6 -7.6 -52.054
-2.2 0.4 33.226
9.8 11.6 -34.034
-2.2 5.6 26.47
12.6 6.4 61.956
7.4 2.8 22.93
-3.4 4.8 32.298
4.6 8.4 -32.161
-6.2 5.2 66.592
12.6 6 62.292
10.2 0.4 45.056
0.6 11.6 -74.217
7.8 10 -27.046
8.6 4.8 21.703
12.2 5.2 73.162
1.4 6.4 -11.658
2.2 -6.4 -49.081
-2.6 -7.2 -32.539
-0.6 8 -16.155
10.6 5.2 36.584
-3 -2.4 22.636
11.4 -5.2 7.5934
6.6 -1.2 0.77192
-6.2 10.8 18.017
-6.2 -1.6 71.646
-1.8 -4 2.7614
1.4 7.2 -18.976
-4.2 3.6 49.217
-5.8 9.6 25.724
9.4 10.4 -25.06
5 -3.2 -17.195
-6.2 11.2 4.7932
-4.6 -4.8 28.198
8.6 -6 -38.252
12.6 3.2 78.723
-3.8 6 37.202
10.2 -3.6 4.9359
-0.2 10.8 -52.656
7 1.2 19.752
1.8 -6.4 -51.536
6.2 -4.4 -26.306
3 7.6 -24.714
9.4 -2.8 9.3954
10.6 -7.2 -29.876
4.2 -2.8 -7.4786
9 8.4 -0.59202
3 11.2 -60.229
1.4 6 -16.646
2.6 12 -88.704
-3.4 -3.2 20.865
5.8 4.8 2.239
-6.2 1.2 77.105
0.2 -5.6 -41.351
12.2 0 59.972
1.8 -0.4 -7.4331
6.2 8 -15.545
0.6 -4.8 -28.067
7.8 -1.2 0.61062
-0.2 0.8 15.418
0.2 7.6 -22.222
-6.2 -3.6 67.181
0.2 -5.2 -27.375
5.8 3.2 9.5719
-5.8 7.2 44.209
-4.6 2.8 42.997
-2.6 4.8 20.088
6.6 4.8 3.3437
9.4 -0.4 27.383
3.8 5.2 -11
5 2.4 5.2278
1.8 -2.8 -15.677
13 1.2 78.448
5 11.6 -67.279
11.8 8 39.333
7.4 4.4 6.4284
-5 -2.4 53.65
8.2 4.4 25.674
9 -7.2 -43.282
11.8 -6.4 -4.9864
-6.6 -3.2 59.422
9 0.4 14.306
11 5.2 40.885
-3 10.8 -23.876
2.2 9.6 -51.56
2.6 11.2 -65.043
12.2 -2 54.388
1 11.6 -72.623
12.6 1.2 68.527
5.8 -4 -34.415
-2.6 0 26.479
-3 12 -41.99
-3.4 -2.8 33.188
0.2 5.2 3.4156
-4.6 4.8 45.078
-0.6 4.8 8.235
12.6 9.6 40.79
4.2 -3.2 -25.358
10.6 4.8 45.636
5.8 -1.2 -8.6275
9.8 -6 -13.674
9 -3.6 -4.327
7.4 -2 -15.501
-6.2 4 76.145
5.8 -4.4 -20.767
2.6 10.4 -46.699
-4.6 11.6 -28.901
0.2 12 -69.191
3.4 5.2 -4.1178
-1.8 7.2 1.4668
9.8 9.6 -3.2712
-0.2 8 -24.69
-1.8 -4.4 -2.5457
-0.6 -4 5.2033
4.6 2.8 9.4033
3.8 -5.6 -49.982
-5 8 32.277
6.6 -0.4 -0.072788
7.4 -6.4 -42.563
9.4 1.2 26.49
5 6.8 -18.847
-1.8 -3.6 -4.5578
-5.8 -7.6 17.023
-3.4 4.4 36.779
1.8 3.2 2.9365
1 10.4 -46.804
8.2 -7.2 -53.005
-1.4 6 1.7537
-3.8 1.6 36.203
3.4 -6 -59.636
3.4 6.4 -12.931
-6.6 -6.8 32.901
1 1.2 7.2918
11.4 9.6 13.735
-5.8 6.4 53.091
-4.6 -5.2 28.42
9.8 11.2 -26.524
-5 11.6 -15.487
8.2 7.6 -5.1893
1.4 10 -59.728
5.4 7.6 -21.026
-4.2 -3.6 37
2.6 -2.8 -16.832
4.6 -3.2 -17.166
7 0.4 12.815
-5.4 10.8 -2.6631
3.4 7.2 -15.193
-1.8 -6.4 -34.609
11 6.8 36.258
6.2 -6 -48.19
-4.6 2.4 56.596
2.2 7.6 -26.894
0.2 11.2 -53.39
-0.6 12 -65.915
7.8 0 16.652
-0.6 -3.2 5.3487
3.8 10.8 -59.639
9 -5.6 -17.736
-5.4 9.2 26.91
9 3.2 27.463
5.4 -6.4 -50.934
-4.2 9.6 -5.1322
9 -2.4 3.2096
8.6 -2.4 1.1926
-5 -7.2 10.404
11 11.6 -17.538
-5.8 7.6 48.639
-6.6 10.8 13.686
6.2 10 -43.82
12.2 10.8 14.793
11.8 3.6 60.892
7.4 5.2 8.3295
-2.6 6.4 13.455
-0.6 6.8 -0.78211
-2.2 -0.4 31.116
8.6 -1.2 8.5404
-5.4 -6.4 21.559
5.8 -7.2 -63.65
0.2 6.8 -13.146
10.2 2.4 41.475
2.6 0 -2.0857
-3.4 4 39.229
4.6 -4.8 -30.933
11 -2.4 20.363
7.8 -0.8 12.927
11.8 7.2 36.473
1.8 -2 -13.918
2.6 4.4 3.4552
10.2 1.2 37.238
4.6 2.4 3.1224
3.8 12 -67.222
6.2 -6.4 -45.956
5.8 5.2 -2.4352
5.4 8.4 -27.886
-5.4 4 69.326
-1.8 0.4 31.744
13 2.4 78.346
1.8 10 -54.744
5 9.6 -44.505
9.8 -5.2 -5.8865
-2.6 5.2 13.497
12.2 -1.6 49.645
-0.2 -0.4 7.671
11.4 -2.4 38.624
3 -3.2 -25.861
1.8 12 -78.825
7 -4 -15.718
1.8 -3.6 -22.225
0.2 -1.2 0.26401
7 9.6 -28.35
11.4 -6 -8.3647
11.4 11.6 -13.279
13 -3.6 38.381
5.4 0.8 7.4421
1.4 -4 -23.553
-0.2 7.6 -29.959
-0.6 -6.8 -37.186
4.6 10.8 -60.835
8.6 10 -20.956
9.4 10 -13.555
-3.8 -7.6 -18.786
4.6 -6.8 -62.87
-3 4.8 24.743
12.6 8.8 45.904
9.8 -1.6 34.77
-3.4 -5.2 6.7947
-0.6 9.2 -31.152
4.6 -3.6 -12.451
1 -1.6 4.5765
12.6 1.6 73.956
0.2 -4.8 -14.569
-0.6 0.8 12.775
12.2 -5.6 17.418
11.8 -0.8 58.806
1.4 12 -83.225
-1.4 1.2 22.369
-5 8.8 14.822
11.8 3.2 52.974
10.2 10.8 -20.903
7.8 6.4 -0.60122
0.2 -2 1.3328
10.2 -0.4 33.787
10.6 -5.2 -0.28308
10.6 10.4 -7.826
5.4 2.8 -4.9757
2.6 -0.8 -3.2036
-4.6 0.4 62.066
7.8 8.8 -14.013
-2.6 3.6 16.776
3.4 4.4 -1.4784
9.4 -3.2 6.9461
4.6 11.6 -68.625
1.8 10.4 -63.762
12.6 10 35.083
2.6 8 -20.534
9 0.8 20.486
-2.6 -4 14.237
11.8 4.4 55.076
-6.6 0.8 87.677
12.2 -0.8 63.704
3.4 3.6 -7.5436
9.4 9.2 -5.7751
4.2 2.4 -7.2271
7.8 6 6.8815
4.2 7.2 -15.801
7 12 -67.191
-5 5.6 57.708
0.2 -3.6 -5.5728
-5.8 -7.2 21.591
12.2 -5.2 20.726
6.2 9.6 -44.06
-0.2 -7.6 -57.36
9 0 24.966
10.6 2.8 46.48
5 7.6 -25.028
-0.2 -7.2 -42.393
-1 0.8 12.885
5 -6.8 -61.602
-3.4 -0.4 41.871
-5 1.6 61.066
5.8 10.8 -46.837
9.8 -2.8 14.916
0.2 6 -12.023
13 5.6 68.047
-3.4 9.6 -16.664
6.2 -3.2 -14.593
3.8 9.6 -48.612
5.8 9.6 -41.489
13 3.6 74.072
0.6 -6 -45.349
11.4 1.6 62.588
1.4 1.2 2.6577
-3.4 6.8 16.266
1.4 4 -3.9236
0.6 5.2 -4.1578
9 10 -29.046
12.2 1.2 66.718
-5.4 12 -21.266
5.8 -3.6 -17.366
-3 8.8 -12.366
12.6 11.6 12.416
-5.4 -0.4 66.373
-3.4 8.4 8.8012
10.2 -5.6 -8.077
10.2 -4.8 1.779
-2.2 -7.6 -37.124
1.8 4.4 -15.641
1.4 8.4 -20.577
4.2 -4.4 -34.66
-1.8 -0.8 20.048
8.6 -7.2 -40.114
7.4 8 -11.358
-4.6 5.2 49.26
1 1.6 -2.6598
-3 6 18.266
2.2 -0.4 0.41528
13 -7.2 9.8137
-1.4 -2.4 6.5632
12.6 9.2 41.886
1.4 3.2 3.2
-3 -1.6 19.961
1.8 -6 -46.104
8.2 0 13.609
7.4 11.6 -63.214
5.8 -6 -46.37
11 0.4 42.035
-3 -0.8 33.194
-1.8 6 11.727
2.2 6.4 -13.56
-3.8 8 13.269
-4.6 6.8 44.145
-1 4.4 11.506
11.4 -4.8 14.768
2.6 9.6 -44.06
11.4 4.4 52.889
-3.8 9.6 -5.4505
12.6 -4 35.319
2.6 6.8 -15.514
4.2 -6 -54.285
-6.2 -6.4 25.775
9.8 -0.8 34.6
-2.6 -0.8 31.748
-3.8 7.2 20.772
5.4 2 6.9466
-1.8 -6 -23.64
5.8 -0.8 3.0619
7.8 4 18.881
-1.4 -0.4 12.059
-3.4 -7.6 -17.493
12.6 5.6 67.426
12.2 9.2 32.413
3.8 -4.4 -29.208
6.6 3.6 7.6759
5.8 -0.4 -4.2487
-3.4 -6 5.6155
0.2 -0.8 5.6028
11.4 9.2 24.398
8.6 1.2 15.71
4.6 12 -78.308
2.2 -4.4 -27.124
-3.8 0.8 40.362
8.6 -0.4 13.989
2.2 -7.2 -63.53
4.6 6 -2.7732
-1 9.6 -27.887
-5 -6 24.309
10.6 10 -7.2267
11.4 11.2 -15.475
5.4 -7.2 -64.865
3.4 -3.6 -31.105
-4.6 -5.6 13.819
9.8 3.6 34.9
13 10.8 21.523
5 12 -76.237
11.8 -4.8 18.377
11.4 10.8 -3.48
12.6 0 73.683
5.4 -3.6 -25.245
0.6 -7.2 -53.706
3.8 -6 -50.315
-6.6 1.6 92.324
2.2 1.6 1.4889
-5.4 11.6 -17.797
7 -0.4 10.721
6.6 10 -39.554
-6.2 4.8 71.54
5.8 1.2 8.1836
11.8 -7.6 -17.355
10.2 10.4 -8.3427
7.8 -5.6 -35.159
12.2 -4.4 31.526
6.6 -6 -40.867
2.2 -0.8 -0.21588
12.6 6.8 58.176
-5.8 -4.8 52.46
11.4 8.4 25.325
-1.8 2 27.578
-6.6 2.4 87.024
3.4 8.8 -34.195
-5.8 -6 26.16
11.8 9.6 27.948
7.8 4.8 11.397
7 -1.2 1.1805
1.8 -4.4 -20.458
-4.2 -3.2 30.948
-5 4 50.828
5.4 -0.8 4.8707
11 -4 6.5768
8.6 -6.8 -40.184
5 -0.8 -2.6768
8.2 -1.2 11.664
9.4 0.4 35.856
1.4 4.4 1.7122
-4.6 -7.6 -25.729
3 2 5.824
13 -1.6 62.691
10.6 8.8 9.1552
-1.4 2.4 18.014
-5.4 2.4 61.064
12.2 10.4 31.645
6.6 5.2 1.8365
-3.8 0 53.88
10.6 -2.8 21.502
2.2 -3.6 -26.416
12.2 -7.6 -14.152
3 4.8 3.5078
-1 1.6 22.072
-4.6 10 -6.1206
7 7.2 -6.9933
3 -1.6 -4.5106
12.2 10 22.157
12.6 -5.6 24.938
5 0.8 -1.3327
-3 7.6 13.196
7.4 10.8 -37.218
2.2 10 -41.669
-0.2 10.4 -43.115
8.2 -6 -30.935
-1.8 7.6 3.169
5.8 6 -1.7161
-3.4 12 -48.146
-5.4 5.6 58.553
-1.8 -3.2 4.5006
-3 6.4 11.487
5.4 -5.6 -46.603
-4.2 0.8 51.736
12.6 3.6 67.908
2.2 3.6 -8.021
-0.2 -6.8 -46.964
-1 -2.8 9.6288
1.8 -6.8 -54.646
8.6 8 -8.2092
6.6 9.6 -33.191
-5 0.8 62.003
9.4 9.6 0.887
9 8.8 -8.2746
9.8 -5.6 -24.106
5.4 3.2 5.1055
7.8 0.8 21.858
7 -7.6 -65.798
5.8 -5.6 -37.567
-1 -0.4 14.863
13 -0.8 75.969
-4.6 1.2 55.764
8.2 1.2 21.171
1 -2.4 -11.632
-4.2 1.6 50.112
-0.6 10.4 -43.85
9 2.4 24.821
8.2 2.8 25.356
1.4 11.2 -64.761
3 -0.4 -6.0537
4.2 4.4 -3.4895
-2.2 7.2 0.19841
-6.6 7.6 59.252
-4.2 2.4 49.457
1.4 6.8 -12.309
1 6.8 -16.9
7 -6.8 -63.599
-6.2 0.4 92.36
1.8 -2.4 -18.982
3.8 -7.6 -72.763
2.6 -6.8 -45.612
-1 -0.8 10.727
5.4 4.4 -6.3731
0.2 -1.6 1.3409
1 -7.2 -51.133
7 10.8 -37.321
3 -2 -11.681
11.4 8.8 24.981
3 7.2 -16.854
9 2.8 36.329
-3 4 34.276
5.4 -2 -12.412
-5 -3.6 49.892
1 -4.8 -22.445
3.8 -3.2 -18.533
-3.4 3.2 37.023
-6.2 2.8 77.067
3.8 -1.2 -8.8081
-0.6 -0.4 4.013
-1 -6.8 -35.878
6.2 10.8 -52.761
10.2 -7.6 -38.025
-5.8 -2.4 60.778
2.2 4 -0.61911
12.2 4.8 56.957
4.2 4 -15.917
-2.6 -1.2 26.462
3.4 -2.8 -29.924
1 0.8 -0.079263
3.4 7.6 -29.408
7.4 -2.8 -0.18331
11.8 10 20.511
5.8 0.4 2.656
5.4 8.8 -21.976
2.2 7.2 -25.055
0.2 6.4 -12.375
2.6 4 -1.7717
8.2 0.8 7.0717
3.4 10 -49.131
-5.4 9.6 11.462
11.8 -1.6 39.725
-1.4 7.6 -2.9976
8.2 11.2 -39.825
-2.6 2 19.22
3.4 0.8 -3.0002
-5.4 -6 35.465
-1.8 -2 23.689
9.4 2.8 30.68
1.4 -0.8 0.91608
8.6 3.6 14.709
2.6 0.4 -0.13635
11.4 -0.4 50.308
1 -2 -8.419
0.6 0.4 8.5503
2.2 -4.8 -31.459
4.6 8.8 -42.539
8.2 10 -16.459
-1 1.2 16.203
-5 10 0.15028
-1 2.8 19.093
7.4 -4.8 -32.313
-2.2 6 11.125
-4.2 -4 24.485
7.8 3.2 8.527
9.4 -1.2 20.053
0.2 -7.2 -51.592
-1.4 5.6 -2.9292
10.6 8 26.806
-3 1.6 43.956
7.8 -0.4 11.043
5 10.4 -48.915
-0.6 6.4 -0.48988
6.6 12 -66.02
-1.8 10 -26.247
11.8 -7.2 -11.421
8.2 12 -62.955
-2.2 11.2 -43.721
-3 -1.2 29.52
3 -5.6 -43.569
-4.6 -0.4 72.048
-4.2 10.4 -15.206
-3 -7.2 -16.832
-4.2 0 42.747
6.6 3.2 11.388
7.8 10.4 -43.992
4.6 -4 -36.538
-6.6 6.8 54.549
-4.2 8 20.904
-2.6 -3.6 11.328
11.8 4 55.191
9 -0.4 28.88
-6.2 8.8 39.227
5 -4.8 -32.858
11 2.8 51.139
-2.2 2.8 29.347
1 3.2 5.4074
10.6 1.6 37.777
6.2 9.2 -33.387
8.6 4 17.065
6.6 -1.6 6.3232
-5 1.2 61.493
0.6 4 3.9958
-2.2 -1.6 20.366
7.4 -3.6 -13.036
1.4 7.6 -28.4
-5.4 6 50.22
12.6 -0.4 65.715
3 2.4 1.4479
-2.2 10.4 -36.081
-3.8 2 50.999
8.2 6.4 12.278
2.6 -2 -10.764
-3.8 6.8 22.2
6.2 7.2 2.5492
0.2 -4.4 -20.375
10.2 -0.8 23.692
-1.8 5.2 22.446
-5 4.4 54.054
-1.8 -4.8 -7.1359
9.4 -6.8 -37.917
-4.2 -4.8 26.729
-1.4 -5.6 -26.945
2.2 0.8 -3.7436
12.6 8.4 49.821
-5.8 -1.6 68.567
7.4 12 -60.544
11.4 10.4 9.7753
11 8.8 11.184
12.2 2 79.951
8.6 12 -48.683
-1 -7.6 -49.087
-6.2 9.6 31.8
12.6 -5.2 31.929
6.2 11.6 -66.301
-5 -4.8 42.112
13 -6.8 18.613
7 8.8 -22.711
12.2 8 41.021
-1.8 -7.6 -47.511
3.4 6 -15.999
-6.2 3.6 86.95
6.6 8.4 -13.892
4.6 7.2 -21.536
0.6 4.8 -0.76315
-1 -5.6 -19.927
0.2 10.4 -43.882
4.2 11.2 -59.457
-5.4 10.4 13.963
13 7.6 67.541
-3.8 6.4 29.515
6.6 4.4 5.1981
1.8 8 -24.766
8.2 2 21.942
10.2 -6 -16.418
5.8 11.2 -65.317
4.2 -2 -12.163
-1.8 9.2 -27.148
12.2 8.4 39.765
-3.8 4.4 47.713
6.6 6.4 -3.9532
9 -2 12.729
7.4 4 10.678
-1.4 8.8 -12.94
-3.8 5.2 43.441
-0.6 8.8 -23.728
-3.8 -7.2 -9.398
-4.6 -6 16.228
2.2 8.4 -32.52
-1.8 -2.8 7.5069
4.2 10.4 -53.949
2.6 6.4 -12.515
-3.8 -1.6 34.434
1.8 5.2 -5.0735
-5 2 60.343
0.6 7.6 -21.52
7.4 4.8 6.8185
3.8 2.4 2.6952
-5.4 -5.2 33.402
7.4 0.8 1.1293
11.4 -3.2 29.865
-4.6 -1.6 37.233
11.4 7.6 34.82
7.4 -0.8 4.0909
-4.6 2 54.598
7 8 -1.8814
9.4 5.2 24.821
10.6 7.6 25.494
-5 10.8 -13.231
13 -4.4 42.631
1.4 -4.8 -35.461
-3 -6.8 -32.799
11.8 -4.4 18.297
-5.8 10 26.156
-4.6 9.2 9.5303
9.4 -7.2 -37.885
-5.4 6.8 52.945
13 10 42.97
6.6 7.6 -17.985
8.2 -4 -8.8891
-1.4 -1.2 14.902
9.8 0.4 38.927
9.4 -6.4 -42.46
-1.8 -2.4 20.212
1.8 4.8 0.49869
4.6 -0.4 -3.2635
9.4 -0.8 17.694
5.8 -6.8 -56.552
6.6 -5.6 -39.575
5.8 6.8 -5.3948
3 -7.2 -61.892
11.8 -5.2 21.912
4.6 0.8 5.4904
-2.6 -7.6 -34.695
-3.4 2.8 30.498
-5 10.4 4.8601
-2.6 -4.4 15.931
4.2 5.6 -0.76449
7.8 -6.4 -42.425
-4.2 -5.6 2.2313
-3.4 8 21.039
10.2 -6.4 -20.267
5 -2 -12.75
0.6 1.2 -0.30559
3.8 4.8 -9.8271
4.2 4.8 -0.36131
10.2 9.6 5.0582
12.2 8.8 29.623
2.6 7.6 -26.284
0.6 -1.2 0.029059
11 2 49.809
6.2 -5.6 -43.279
9.8 7.6 20.67
3 3.6 2.8745
5.8 11.6 -62.487
-3.8 0.4 46.931
7 2 20.165
0.6 10.8 -54.057
-0.2 6.4 -0.31161
12.6 -6 13.818
-1.8 8.8 -12.632
5.4 6.8 -19.163
-3 3.6 35.658
-3 6.8 16.226
11 0.8 51.357
10.6 -7.6 -32.387
12.2 4 66.343
