10 -7.2 56.779
0.8 -8.4 9.8174
8 -5.2 33.222
-2 3.2 -2.0284
4.8 3.6 -18.111
-8.4 -5.2 -37.015
5.2 -8.4 42.271
-0.4 3.6 2.4602
-1.2 5.6 14.521
5.2 -3.6 9.1623
3.6 -0.8 -5.2923
7.2 5.2 -39.986
-7.2 6.8 48.134
-2 -2.4 -10.451
-2.8 0.4 1.812
3.2 -7.2 26.385
-0.4 0.4 -0.10888
6.4 2.8 -16.274
2.4 7.6 -6.4464
-2 -5.2 -0.52594
-8.8 -2.4 -14.781
-4.8 2.4 15.639
-7.6 1.6 9.5093
-4.4 -3.6 -9.0888
7.6 4 -30.007
-8 10 84.108
1.7764e-015 4.8 -4.5138
-3.2 -6 -7.1364
-1.2 -3.6 -2.9918
8.8 4.4 -40.819
6.8 -0.8 2.8624
1.7764e-015 8.8 8.3899
4 -8.4 30.698
-5.6 -4.8 -21.823
-7.2 4.4 34.369
-3.6 -3.2 -12.247
-0.4 -1.2 -6.8683
-2 6 13.339
6.8 2.8 -23.69
1.7764e-015 8 1.113
-8.4 6 44.919
-7.2 1.2 11.589
-0.4 7.2 16.068
-3.6 -2.8 -6.2954
-6.4 5.6 35.387
2 2 -0.80222
6.4 6 -38.762
9.6 -4.8 34.589
4 3.6 -14.948
-2.4 0.8 0.26124
6 4.8 -34.15
-0.8 -5.2 3.9632
-3.6 2 13.361
1.2 -8.4 22.651
1.6 1.2 -3.7761
2.4 -1.6 3.17
7.6 -8.8 62.062
4.4 0.4 -14.104
5.6 7.6 -33.541
-5.6 2.4 17.921
7.2 1.2 -20.017
0.4 -1.6 6.5918
8.8 10 -88.677
3.2 -4.8 13.776
-2 -7.2 -6.2445
-2.4 1.6 0.81937
-1.6 -4 -13.556
1.7764e-015 2.4 -2.3034
1.6 2.8 -6.4192
7.2 2 -17.552
0.4 -9.2 9.1291
-1.2 -1.6 -4.2502
9.6 0.4 -6.1648
5.2 -9.6 53.218
-8 -4 -23.977
-4.8 8.8 46.622
-2 1.7764e-015 -5.5614
5.6 5.6 -32.276
-4 9.6 46.444
5.6 1.2 -14.582
-0.4 1.6 -0.59476
3.2 2.4 -10.649
-1.6 -3.6 -1.8443
-3.6 -4.4 -9.0715
1.6 -2.8 6.5754
6.8 -8.4 52.612
7.2 6 -53.305
0.8 -8.8 16.161
2.8 2.4 -5.5561
2.4 -4.4 9.1904
4 -2 6.2059
-5.2 -8.8 -42.765
-1.2 4 14.082
-3.6 0.8 5.312
-9.2 -8 -66.037
6.4 -9.6 59.451
-5.6 0.8 1.9953
-1.6 -0.4 5.4335
10 5.2 -67.566
0.8 -2 -0.79824
-4.8 2 6.3541
-3.2 10 29.997
-2 -4.8 -14.629
6 -4.8 27.342
-8.4 1.6 1.6072
7.2 -4.4 28.106
7.2 -5.2 36.352
-8.8 1.7764e-015 1.3564
-6 -5.2 -26.005
-3.6 4 20.648
-2.8 1.7764e-015 -1.0061
-3.6 -4.8 -16.403
7.2 -2 -6.0999
-2 -3.2 -7.3387
3.6 -2.8 6.3778
5.6 -0.4 -10.748
4.8 -6.4 33.345
5.2 -0.4 -5.7966
4.4 1.2 -11.773
-6.4 -0.8 -9.1304
-4.4 10 58.388
-5.2 -8.4 -38.954
6.8 -5.6 39.24
-7.6 -6.4 -45.321
-5.2 -2 -3.812
2 1.7764e-015 3.1747
3.2 6.8 -12.297
1.2 1.6 -4.908
-5.2 0.4 0.64129
1.7764e-015 9.6 7.4569
6.8 3.2 -33.551
9.6 -6.8 49.29
8.4 -1.2 -4.7974
4.4 -5.2 18.922
-0.8 -3.2 3.5158
-2.8 -1.2 4.2988
9.6 -1.6 0.60048
-3.6 8.8 34.558
5.2 -8.8 42.501
4 -8 28.679
-4 4.8 25.99
8.4 8 -69.076
-4 2 3.6857
-4.8 2.8 11.506
-7.2 -8.4 -50.839
-6.8 8.4 52.837
2.8 5.2 -11.335
-4.8 9.6 50.467
-7.6 2 16.366
8.4 4.4 -44.123
0.4 10 9.3978
2 1.2 2.9821
-3.2 -5.6 -11.614
1.6 2 -8.9857
7.2 10 -62.205
-4.4 2 10.659
-1.2 -6 5.6257
2 4.4 -8.8628
-4.4 9.6 44.327
-9.2 1.2 4.8788
-9.6 1.2 0.35285
-9.2 -2 -26.975
4.8 6.4 -25.373
4.8 -0.4 -8.1053
10 6.8 -67.4
-7.6 7.6 58.45
4.4 -7.2 37.075
-8.8 6 58.888
1.7764e-015 -8.4 8.4249
-2 7.6 19.966
1.7764e-015 10 1.65
4 1.2 -8.887
5.2 5.2 -29.438
-6.4 -3.2 -13.869
-8.4 2.4 10.742
6.8 -8.8 60.331
3.2 -2.4 5.1303
-9.2 -9.6 -68.994
6 -5.2 25.182
2 4 -11.745
-5.6 -6.8 -34.002
7.6 -4 17.465
8.8 -5.6 40.088
9.6 2 -26.863
-8.8 -1.2 -10.764
-2.4 2.4 14.737
-3.6 -2 -9.9217
1.6 -9.6 30.637
-4 -4 -17.373
-8.8 9.6 78.658
-2.8 -4.8 -7.7788
2.8 6.8 -7.8162
2.8 6.4 -14.634
-7.6 -3.2 -24.561
-6.4 8 45.846
-7.2 10 77.013
-1.6 8.4 27.324
-2 2.8 3.9293
-8.8 2.8 18.774
-4 3.2 22.956
-6.4 -7.6 -35.332
8.4 -3.6 17.096
-6.4 3.6 28.966
8.4 6 -46.967
-6.8 -6.4 -36.837
-6.4 -5.6 -29.35
4 -4.8 20.448
-4.8 -3.6 -20.809
7.2 -4 30.921
5.2 6.4 -32.539
0.4 -3.6 5.9651
-9.6 -6 -60.289
-1.6 -2 -5.5101
8.4 4.8 -50.778
-4.4 1.2 3.621
-0.8 2.4 -2.5606
8.8 -4 35.827
5.6 3.6 -25.221
4 6.4 -19.955
8.4 1.6 -27.465
-8 -1.6 -12.392
-6.8 1.2 -1.005
-6.4 -1.6 -7.9824
-3.6 -6.4 -11.168
3.6 -0.4 -0.1932
-6.8 -7.6 -49.122
0.4 -5.2 11.502
8 6 -43.226
-4.4 1.7764e-015 -0.97764
6 2.8 -7.6093
-7.2 -2.4 -23.62
3.6 2 -19.103
-5.6 -1.6 -3.3201
3.2 0.4 1.6226
0.8 5.6 11.176
-1.2 4.4 9.7882
-5.6 -1.2 -7.996
-9.6 4 32.875
3.6 1.7764e-015 5.7226
-3.2 7.2 26.958
5.6 4.4 -18.213
6.8 6.8 -35.491
-2.8 -0.4 -2.9686
-7.2 -8.8 -51.123
9.6 5.2 -55.1
3.6 6 -11.207
-5.2 -1.2 -12.059
-0.4 -7.6 4.2083
-8 3.2 21.311
-5.6 -0.8 2.4068
-1.6 0.8 4.3934
9.6 6 -66.985
-6.8 6.8 45.749
10 -6.8 58.639
-2.4 -5.2 -15.777
4 -6.4 24.45
-2.8 3.6 13.221
-9.2 -1.2 -16.372
5.6 -2.8 12.68
-6 9.2 66.481
-9.2 -3.2 -28.773
-1.6 0.4 0.25001
6.8 -4.4 25.044
-7.2 -9.2 -52.581
0.4 0.8 -0.41248
0.4 -6.4 15.552
-4.4 -7.2 -27.621
2 6 -15.126
6.4 2 -16.425
-0.4 -5.2 0.92876
-8 9.2 74.041
-1.2 2 4.6195
4.4 8 -22.902
-4.4 -4.8 -20.032
3.6 -9.6 45.292
0.4 0.4 0.069864
3.2 1.7764e-015 -0.46512
-5.2 10 56.663
4.4 4.8 -16.174
-4 8.4 34.85
-6 6 36.496
-3.2 3.2 -3.0992
-3.6 1.2 -0.71316
7.6 6.4 -49.799
6 3.6 -16.612
1.2 -1.6 -8.5036
-6.4 -8.4 -41.196
2.4 7.2 -13.88
5.2 -2.4 -1.066
7.6 -3.6 19.103
9.6 -8.8 79.416
-9.6 10 98.886
5.6 -6.8 34.059
8.4 2.8 -32.047
9.2 -4.4 30.757
-2.4 -4 -0.35158
2 -2 4.3364
8.8 -5.2 37.128
9.2 0.4 -6.1409
-0.8 3.6 4.482
1.2 8.8 -7.4026
6.8 8 -53.042
4.4 6.4 -40.936
-1.6 -2.4 -8.664
-2.4 -9.6 -12.669
0.4 -6.8 8.9171
5.6 -6 24.4
-7.2 3.2 20.383
-3.2 -4.4 -10.628
6 8.4 -44.316
7.2 1.7764e-015 -6.1714
1.7764e-015 7.2 6.0018
1.2 3.2 -2.2921
-0.4 8 3.8776
3.2 -5.6 16.805
2.4 4 -4.5372
-6.8 -2.8 -21.213
4.8 6 -26.386
4.8 -4.4 20.057
7.6 -2 6.6193
1.6 -4.8 12.586
3.6 -2 1.927
-9.6 -3.2 -36.688
9.6 -2.8 9.7025
5.2 -4.8 16.484
-1.2 7.2 4.057
3.2 -4.4 19.341
5.6 -1.6 10.256
7.6 0.4 -8.4828
6.8 4 -36.168
-5.6 5.2 27.353
-4.4 9.2 41.93
-9.2 -0.4 -8.0355
-3.6 9.6 49.596
2.4 -7.2 20.507
-6 -8.4 -38.882
-4.8 -0.8 0.37909
0.8 1.2 -2.1552
7.2 -0.4 -1.5632
8 -6.4 46.061
4.8 -1.6 8.1442
-4.4 -8 -26.343
-9.2 4.4 28.334
-0.8 8.4 11.554
6.8 0.8 -8.2842
-2.8 5.2 20.514
-2.4 -2.4 0.46609
-6 -6.4 -38.279
-9.2 -8.8 -67.266
-2.8 -8.8 -6.7111
-1.2 1.6 -1.1873
1.6 5.6 -10.285
-4 -2 -7.0948
-3.2 -7.2 -16.559
-1.2 6.4 14.091
-6.8 2 13.772
3.6 8.4 -25.954
8.8 -4.8 31.389
-8.8 -8.8 -67.936
-9.2 4 37.568
-6 9.6 62.7
7.2 7.2 -43.659
3.2 -9.2 41.454
-0.8 -7.2 7.091
-8 -5.2 -31.196
-8.4 -4.4 -35.306
-2 -7.6 -11.101
-2.4 4.4 10.483
10 -5.2 38.492
2 -2.4 2.1817
8 -3.6 20.302
-9.2 -5.2 -54.184
2 6.4 -6.0564
-7.6 3.6 19.682
-8.4 -2 -12.122
1.2 -0.8 -0.97532
9.2 2.4 -33.479
-3.6 1.7764e-015 -5.2156
-8.4 0.8 0.72332
8.8 3.2 -30.249
-2.8 -2.4 -3.8046
8.8 -6 53.22
-9.6 -4.8 -43.142
2.8 -4.4 12.235
-6.8 -0.8 -0.46561
6 4 -28.567
1.7764e-015 -2 1.9645
0.4 6 10.015
-2.8 0.8 3.7014
-0.8 6.8 12.497
-5.6 -5.2 -8.051
-2.4 3.6 5.707
-8.8 0.4 2.4814
-6.8 9.6 63.393
10 -1.6 -1.9137
-9.6 9.6 88.221
8.8 8.4 -70.006
-3.2 -6.4 -12.762
-5.2 -8 -33.308
3.2 -3.6 3.8016
-0.8 -9.6 2.5811
10 -0.4 -11.009
-6.8 8.8 53.855
0.4 -8.8 11.509
-8.4 1.7764e-015 -1.8556
-5.6 -4 -33.4
-4.8 6 30.111
-3.6 3.6 13.974
-8.4 -4 -29.736
2 3.6 -1.0572
8.4 -5.6 46.24
8.4 -2 14.385
-5.2 -5.6 -23.577
3.6 -6.8 20.845
-3.6 1.6 2.0175
0.4 3.6 5.9292
2.4 -0.8 1.4298
-6 -6.8 -29.78
0.4 1.7764e-015 -6.3118
-8.4 6.4 47.944
-9.2 7.2 60.578
8.4 -4 28.829
-4.4 8 33.142
-7.2 2 5.2453
6 -0.4 -4.3442
6 1.6 -16.236
1.6 -9.2 28.374
-2 4 14.918
2.4 0.4 7.3564
-1.6 -1.6 8.6453
1.2 -6.8 9.3649
-9.2 1.7764e-015 -6.0175
-3.6 -6.8 -16.38
-4 10 41.213
-2.4 8 25.827
3.6 -8.4 26.177
-6 7.2 50.926
-4 -8.4 -19.83
-4.4 2.8 19.396
5.2 8.8 -41.916
2.8 8.4 -13.461
-8.8 -2.8 -30.051
3.6 -1.6 -3.5614
7.6 9.6 -60.39
-9.6 -2.4 -27.102
-5.2 4.4 20.584
10 6 -64.991
-2 -6 -10.09
-7.6 10 77.322
8.8 8.8 -66.243
2 3.2 -14.091
-8.4 -3.6 -35.581
-2.4 -1.2 -1.3286
-7.6 8.4 57.326
-1.6 -8.8 -1.849
-4 1.6 7.6592
9.6 3.2 -48.304
8.8 -0.4 -5.9793
3.2 -6.8 28.517
6 8.8 -61.476
3.6 -4 12.202
9.6 -1.2 8.0695
1.2 6 -7.8694
-9.6 -2 -14.105
2 -1.6 -2.7416
-7.2 -0.8 -1.922
4 1.6 -13.58
-2.8 -1.6 -13.482
6 -3.2 6.6858
-7.6 6 51.515
7.2 -9.2 68.519
9.6 -8.4 60.57
-3.6 5.2 25.236
-8.4 -8.8 -65.165
-5.6 2 11.084
7.2 -6 38.753
-7.2 -9.6 -54.076
3.6 -5.6 22.148
-8.8 2.4 10.935
6.4 10 -58.261
-4.4 -6 -20.986
-2.4 -7.2 -11.28
-4 5.6 25.35
8 -0.8 -1.5526
-9.6 -3.6 -33.224
8 2 -24.974
1.2 7.6 0.46876
-6.4 -9.2 -54.316
7.2 0.8 -21.177
-7.2 2.8 19.021
8 5.6 -51.419
-2.4 4.8 17.201
-7.2 -7.2 -46.82
-8.8 2 12.218
-6 0.8 -0.34444
-2 0.4 5.9341
-8.4 -6 -51.401
-4.8 4.4 23.085
-6 3.6 15.487
-6 -5.6 -32.099
8 -7.2 53.513
-5.6 -2.4 -12.792
-2 8.8 21.109
9.2 1.6 -28.913
-9.6 2.8 19.686
-7.2 3.6 23.566
9.2 -9.2 78.671
-3.2 4 6.7408
10 -2.4 17.451
9.2 -1.2 8.7505
-8.4 -4.8 -39.113
6.4 6.8 -43.265
-8 -6.4 -39.054
8 9.2 -66.009
-0.8 -7.6 3.7043
0.8 3.6 -6.8728
1.2 10 -3.2781
1.6 1.6 0.28356
-8 -8.4 -52.782
8 7.2 -44.643
6.8 -5.2 22.463
6 -8.8 52.778
-5.2 1.7764e-015 0.39499
6.8 6 -34.775
7.2 2.8 -21.183
-9.6 6.4 53.996
3.6 9.6 -31.431
-2 -5.6 -1.4063
-9.2 6.4 49.849
1.6 4.8 -10.805
7.6 4.8 -44.679
9.2 4.8 -60.182
-9.2 -6.4 -61.737
8 -8.4 54.2
-1.2 -9.2 -0.83605
1.7764e-015 2 -1.2961
6.4 4.8 -26.559
9.6 8.4 -76.8
-1.6 -8 -5.9861
0.8 6.8 -1.3234
-3.2 7.6 24.049
6.8 -9.2 67.512
-2.8 2.8 9.6861
-5.2 -6.8 -24.946
8.4 -2.8 15.286
-1.6 -4.4 -6.1319
-2 3.6 8.8096
2 -4.4 18.532
-5.2 -7.6 -24.641
-2.4 -4.8 -10.774
-4 4.4 26.836
-6 6.4 36.519
-9.6 -9.6 -86.102
-4 -6.4 -25.113
1.6 -1.6 -0.91375
1.6 4.4 -5.3049
7.6 -6.8 41.69
3.6 -6 25.378
5.2 2.8 -15.232
2.4 5.2 -7.2073
-4 5.2 16.413
6 6 -36.909
-6 -1.2 -5.4262
-2.4 -6.4 -16.687
-2 0.8 2.2413
0.4 2.8 3.8356
-7.6 -4.4 -33.631
-4.8 0.8 2.9551
8 -2.8 12.281
-9.6 3.2 19.413
6.4 8.8 -43.557
-9.6 6 55.96
1.2 -9.6 22.106
-8.8 1.6 16.161
3.6 -8.8 31.987
10 4.8 -50.209
2 -5.6 14.584
-7.2 8.8 60.07
10 9.6 -91.283
7.2 3.6 -37.885
6.4 -7.2 48.529
3.2 -0.8 -3.3604
1.2 -3.6 8.1561
7.2 -7.2 48.802
3.2 6.4 -15.274
4.4 -2.4 15.116
-4.8 8.4 35.462
1.7764e-015 6.4 0.77639
-8.8 7.2 60.86
2.8 10 -7.2545
-6 7.6 43.724
-8.4 6.8 53.868
-4 -1.6 6.062
-0.4 -8.4 1.3702
-4.4 -6.8 -15.618
4.8 -3.6 15.945
3.6 0.4 0.14145
-3.2 8 31.023
3.2 0.8 -13.216
9.6 -3.6 27.531
-9.6 -8 -70.629
1.7764e-015 -8 5.0232
2 0.8 -6.9779
-8.8 -1.6 -21.81
3.2 -9.6 43.661
10 2.8 -32.152
-0.8 0.4 2.6038
-2.4 9.2 30.314
7.6 10 -63.189
-9.6 -6.8 -65.725
0.4 -2 -0.49303
7.6 5.2 -41.153
6.8 -9.6 65.298
-4.4 -2.8 -11.096
9.6 -9.2 69.156
5.2 -6.8 34.508
-5.6 -3.6 -10.067
-1.6 -3.2 5.5487
1.2 -9.2 21.689
-5.2 2.8 3.5358
8.8 6.8 -61.026
-3.2 4.8 18.335
-5.2 -4 -11.157
10 -2 8.7644
-2 5.2 13.026
0.4 9.2 6.4716
-9.2 8.4 81.952
-1.6 -6.4 -1.2074
-8 4 24.302
-6.8 2.8 10.713
-5.6 9.2 47.861
-8.8 -4.8 -46.752
-2.8 -8.4 -11.855
-8.4 -9.6 -68.501
4.4 5.2 -18.317
7.6 -2.4 7.6028
7.2 -6.4 47.618
-0.4 5.2 -1.0197
7.6 2 -21.335
1.6 -8.4 19.569
-5.2 8 47.721
4.4 4 -17.726
1.7764e-015 -0.8 5.34
-4.4 -0.4 2.3818
-5.2 1.2 3.2799
1.7764e-015 -6 -2.5343
-6.4 -4.4 -21.917
6.8 -3.2 15.819
2.4 10 -14.637
5.2 0.4 3.0305
6.8 5.2 -42.588
-1.2 -1.2 -6.4081
9.2 -8.8 83.987
2.4 -6.4 21.171
2.8 4.4 -10.545
8.8 2.8 -39.126
1.7764e-015 -1.2 2.9414
3.2 -8.8 35.553
-4.4 -8.4 -24.302
0.8 -6 15.06
-8 -3.2 -29.185
-7.2 -4 -28.957
-0.8 10 13.083
-6 -1.6 -4.8925
-8.4 1.2 6.2794
8.8 5.6 -56.386
8 -6.8 46.567
0.8 1.6 5.9041
-9.2 5.2 34.351
-0.8 -0.8 2.8985
-6 -7.2 -39.968
0.8 -9.2 6.6601
10 -8.4 83.942
8 -2.4 4.1776
-4 -5.2 -13.606
3.2 -4 10.612
-7.6 -5.6 -44.93
-0.8 8.8 14.994
4.4 -9.2 45.102
6.4 -6.4 41.736
9.2 -6.8 65.13
-7.2 -8 -42.969
-3.6 9.2 38.54
-6.8 6.4 44.738
5.2 1.2 -3.4086
6 7.6 -42.83
-5.2 6.4 40.084
-1.2 -0.8 1.2775
-9.6 0.8 -2.006
7.6 2.4 -26.918
-0.4 -0.4 -11.616
8.8 -8 69.589
-0.8 9.6 14.221
5.2 8.4 -34.706
-2.8 -5.2 -13.316
8.4 -9.6 83.809
8.4 3.6 -33.253
4 2.8 -10.663
0.4 2 -13.02
-4.4 8.4 38.456
-3.2 6.8 20.139
0.8 8 -1.0705
2 -4.8 20.057
-5.6 -8.4 -34.205
-2 6.4 14.264
-5.6 8.4 46.304
8.4 10 -80.56
10 -4.8 42.111
4.8 -5.2 26.646
-0.8 -1.6 -3.6644
5.2 -4.4 18.151
-6 0.4 2.491
2.8 -6.8 21.097
3.6 0.8 -7.8954
1.7764e-015 0.8 1.3823
-6.8 0.8 -0.28383
9.2 4 -40.618
0.4 -9.6 4.6098
-9.6 -4 -45.447
7.6 1.7764e-015 -7.8237
-9.6 -1.6 -27.335
-5.2 5.6 27.693
1.2 -2.4 4.1649
4.4 -0.4 -6.4075
-6 -2.4 -6.65
1.6 3.2 -0.35025
-0.4 -3.6 1.7799
2 -3.6 6.0068
1.6 -0.8 5.2351
-6 3.2 9.8459
-2.4 1.2 -1.6957
10 1.2 -22.17
-6 -4.8 -30.54
1.6 7.2 4.2026
7.6 -4.4 22.489
-0.4 6.4 9.0781
-2.8 2.4 6.6146
5.6 2.4 -14.828
1.2 -8.8 17.845
6.8 -4 18.832
4.8 9.6 -35.679
4.8 -7.2 37.927
-1.2 -9.6 2.5329
10 6.4 -56.821
6.4 4 -19.473
-4 -5.6 -15.384
-4.4 7.6 32.047
0.4 -7.6 6.5528
-8 4.4 33.381
3.6 -1.2 2.8717
-2.4 -8.8 -8.935
6.8 8.4 -43.635
5.6 -3.6 5.9695
-9.2 -7.2 -62.213
2 2.4 -8.1392
8 5.2 -44.262
-2 7.2 22.631
6 2 -19.689
8.4 -8.4 61.244
-5.6 1.2 6.4649
-6.8 -8.4 -51.276
-8.4 -1.6 -13.733
-6.4 0.4 0.36529
-8.8 -0.4 -9.4772
-1.6 -1.2 -4.4583
-4 1.7764e-015 -4.8193
-4 8 36.094
7.6 -2.8 10.313
6 -6.4 42.125
0.8 6 4.1389
-8.4 -2.8 -29.544
1.2 -7.6 12.645
-8.8 -5.6 -51.184
-3.2 -7.6 -18.149
6.4 -5.6 29.254
-0.8 1.2 3.8247
-8.8 4.8 44.408
3.2 -2.8 10.864
4.4 7.2 -34.913
-5.6 7.6 45.25
1.6 7.6 -15.603
-9.6 7.6 64.673
-1.2 1.7764e-015 -5.5921
8.8 0.8 -8.5317
-2.4 6.8 25.617
0.8 4.8 -6.1424
-1.6 3.6 12.623
1.7764e-015 -7.2 3.987
0.4 -3.2 0.7704
-2.4 7.2 18.652
-8.8 -7.2 -58.944
-7.2 7.2 58.582
9.2 10 -89.282
4 9.2 -25.155
-9.2 9.6 86.207
1.6 -3.6 2.4151
-5.6 4.8 21.493
4 2 -4.1545
-1.6 -4.8 0.084276
-9.6 1.7764e-015 -11.01
8.4 -6.4 46.225
4.8 -9.2 50.058
-7.2 -1.6 -12.575
4.4 -8 44.961
1.6 3.6 4.2998
4 2.4 -10.342
-8.4 -0.4 -5.5408
-3.2 3.6 7.7607
-7.6 6.8 42.773
-1.6 7.2 19.531
1.2 1.7764e-015 -1.8822
5.6 3.2 -21.3
4 0.4 3.5127
-0.8 -3.6 0.4686
-4.8 -7.2 -29.56
-0.4 -3.2 8.8996
-8 -2 -12.935
2.4 -6.8 21.412
5.6 9.6 -45.31
10 7.6 -79.715
5.6 -7.2 33.869
-6.8 -2.4 -11.978
3.2 4.8 -19.015
1.6 -4.4 5.3068
0.4 8.4 -0.80713
2.8 -0.4 1.2966
-7.6 -0.4 -1.1531
10 -7.6 68.332
0.8 2.4 5.1157
6.8 4.4 -34.832
3.6 3.6 -11.319
-6.8 7.2 44.733
2.4 -4.8 8.4739
5.6 -5.2 31.577
-8 0.4 3.0646
7.2 9.2 -54.79
-8.4 2.8 26.778
4.4 3.6 -15.272
-2.8 8.8 26.634
-6.4 -6 -40.43
-5.6 -7.6 -38.043
4.8 -0.8 4.0051
-8.4 9.2 76.124
-6 -7.6 -45.21
4 5.6 -13.216
-6.4 9.6 62.57
7.2 -8.8 66.806
4.8 10 -45.06
9.2 -0.4 5.5125
6 -6 26.8
-0.8 4 -6.9263
1.6 -7.2 9.5905
-8 7.6 53.555
-8.4 3.2 24.211
1.7764e-015 -4.8 9.9166
-2 2 4.4445
-7.6 -2.8 -20.806
2 -0.8 -1.7194
-6.4 -6.8 -36.702
-5.2 1.6 0.90494
-8 -6 -39.828
4 9.6 -34.237
7.6 3.6 -31.877
-0.4 2.8 -3.9703
2.8 -5.2 24.261
-6 1.2 10.707
-7.2 1.7764e-015 4.0063
-0.8 -4 6.5962
9.6 -4.4 27.154
8 -2 15.886
-0.8 1.7764e-015 -0.20237
5.2 6.8 -35.18
7.6 8.8 -62.592
6.4 -6.8 39.831
-2.8 1.2 2.3962
-4.4 3.2 17.652
-6.8 -7.2 -49.173
4 0.8 -11.972
5.6 -1.2 -0.22618
-3.6 7.6 30.612
5.6 0.8 -12.206
0.4 -2.8 4.0476
-6.8 8 42.118
-4.4 -2 -6.9785
4.4 -6 20.722
-4.8 -1.2 -9.4249
-9.6 2.4 12.787
2.4 -3.6 10.027
8 8 -55.382
3.2 4.4 -8.3962
-8.8 10 87.343
2.4 8.8 -11.83
-9.6 -7.6 -68.046
-5.2 -6 -25.772
-1.2 -6.8 3.9846
8.4 -3.2 25.477
-2.4 -0.4 -1.8422
-8 -2.4 -19.782
10 -9.6 90.166
7.6 7.6 -55.242
-6.4 9.2 58.345
-4.8 10 51.689
3.2 10 -19.573
2.4 2 -6.3623
-4.8 1.2 7.8512
8.4 1.2 -26.152
0.8 -2.8 -1.5007
-8.8 1.2 11.608
8.8 -4.4 27.59
8 8.8 -71.988
0.4 7.6 3.4475
4.8 -6 14.832
3.2 1.2 -2.9644
-0.4 -6 6.1008
7.2 6.8 -55.202
2.8 -4 3.5231
7.2 -3.2 16.995
-8.8 8.4 74.916
5.6 -7.6 44.703
-6.8 -4 -24.536
6.8 7.2 -43.137
7.6 -0.8 -8.8295
-1.6 2.8 -4.7688
2.4 -9.6 44.165
-9.6 6.8 59.279
6.8 -6.4 48.317
-4 3.6 24.707
-8 -3.6 -25.748
6 5.2 -31.362
4.8 -8.8 55.331
7.6 -7.6 45.644
6.8 1.2 -14.132
4.4 -4.4 25.713
4.4 -8.8 45.472
8.8 7.2 -61.417
-8.8 0.8 -4.0194
-2 9.2 24.201
1.2 -3.2 -1.6024
7.6 7.2 -61.636
2.8 -4.8 7.4935
9.2 5.6 -51.383
8.8 4 -54.154
0.4 1.2 2.9044
-8.4 -5.6 -44.983
-9.2 3.6 27.01
-9.6 2 16.285
-0.4 -5.6 -7.3669
-2.4 1.7764e-015 -5.0212
7.2 1.6 -16.557
4 -4 16.229
-8.8 -8.4 -66.11
8 -8.8 60.771
7.6 -1.6 5.5138
-9.2 -4.8 -47.308
6.8 -1.2 0.88596
7.2 6.4 -46.992
3.2 -2 1.1424
-3.6 -9.6 -16.612
6.4 -4.4 25.782
-1.6 -5.6 -10.224
-6.8 -4.4 -21.423
-3.6 -9.2 -24.216
1.7764e-015 1.2 -2.9615
2 -8 16.107
-5.2 -3.2 -10.28
4.4 -0.8 0.70971
-5.2 -0.8 -4.4561
-0.4 -2.4 1.9136
-9.2 6 45.743
-5.6 10 54.558
-8 5.6 41.45
-8 5.2 38.88
0.8 4.4 -1.3812
6 -0.8 4.1812
-1.2 5.2 5.9631
-2 -8 -9.3144
2 -7.6 18.45
-6.4 1.6 -4.5256
-1.6 -7.2 -1.6254
-8.4 -0.8 -8.048
10 7.2 -73.738
1.2 0.8 2.7508
-1.2 3.6 17.104
-5.2 -2.8 -12.743
9.2 0.8 -9.1985
-4.8 -0.4 -4.5618
-7.6 -8.4 -48.395
-5.6 6 33.587
-1.6 -9.6 0.11166
-6.4 4 22.981
-8.8 9.2 79.136
-2 -2.8 1.176
-4 0.4 5.4292
-2.4 8.4 22.647
-2.4 -5.6 -13.265
5.2 1.6 -12.853
-2.4 -4.4 -8.8677
-1.2 8.8 20.811
7.6 -6 31.343
2.4 8.4 -17.669
