0.048798 0.37362
-0.18176 0.13342
-0.025269 -0.052231
0.74487 0.1391
0.077087 0.54539
-0.13315 0.3291
0.45613 0.010447
-0.52461 -0.39873
-0.30554 0.66477
0.50191 0.24643
-0.008582 0.58034
0.50379 -0.072649
0.082916 0.23686
0.041417 -0.1142
0.59959 0.18072
0.26701 0.62148
-0.007174 -0.27639
0.006958 0.34966
-0.30929 -0.16657
-0.467 0.42686
0.22353 -0.32724
0.16846 0.60166
-0.52383 -0.41898
-0.65764 -0.32844
0.66748 -0.17796
-0.77946 -0.10251
0.29121 0.29587
0.31335 0.46133
-0.2408 -0.29841
-0.12705 0.76616
0.76491 -0.039282
0.34436 -0.63845
0.23088 -0.12863
0.74275 -0.003214
-0.12445 0.76589
0.10637 0.3584
0.17323 0.38895
-0.66721 -0.25996
-0.054259 -0.27475
-0.27136 -0.29391
0.37758 0.62919
0.27072 0.059377
-0.64778 0.43597
-0.013401 0.19514
0.54527 -0.41972
-0.32649 0.34617
-0.48783 -0.62158
-0.37768 0.59953
0.39505 -0.20461
-0.30134 0.43118
0.2766 -0.29116
0.40052 0.02479
-0.40869 0.59308
0.084471 0.38531
0.45499 -0.63592
-0.34677 0.69027
-0.71158 0.021916
0.3164 0.072353
0.14379 0.69676
0.65773 -0.10113
-0.56816 -0.11965
0.48549 -0.37275
0.5216 0.11991
-0.11983 0.069111
-0.36704 -0.11486
-0.74579 -0.11393
0.47069 -0.39442
-0.7193 -0.12978
0.64795 0.43989
0.59745 -0.002191
0.1388 0.064412
-0.51348 0.039514
0.72133 0.23617
0.28865 0.22106
-0.23321 0.5257
-0.29356 0.066927
-0.52093 0.39788
0.041714 0.1823
-0.39558 0.19735
-0.73158 0.069435
-0.42908 -0.27658
0.27331 -0.47404
0.48426 -0.2155
0.49522 0.011499
0.1872 -0.60593
0.099999 0.58721
0.049936 0.010019
0.44187 0.22469
0.31064 0.72135
0.6255 -0.13216
0.15832 -0.59777
-0.72577 -0.18982
0.009681 -0.22529
0.12545 0.59311
-0.10042 0.36856
0.18817 0.56012
-0.30063 0.27696
0.56111 -0.32761
-0.5143 0.035582
-0.088332 0.12321
0.22137 0.14313
-0.45009 -0.018633
-0.74556 -0.18777
0.44688 -0.57176
-0.64444 -0.33893
-0.11148 -0.022079
-0.098063 0.66266
-0.45157 0.11613
-0.12127 0.17441
0.15438 -0.12671
0.20209 0.17254
-0.66119 -0.19824
-0.3629 0.61213
-0.11187 0.28741
-0.12587 -0.52461
0.5637 -0.14683
-0.13067 -0.75795
-0.32432 0.26537
0.043533 -0.33016
-0.36412 -0.49633
0.34762 0.061445
-0.073196 0.78336
0.40094 0.14281
-0.62952 0.18861
0.06879 0.46664
0.067823 0.71962
0.41337 0.57737
0.011882 0.72508
0.13778 -0.61761
0.67203 -0.14824
-0.51578 0.22426
0.68744 -0.39403
-0.77677 -0.044248
-0.20659 -0.44916
-0.28002 0.69328
-0.29177 -0.032117
0.78157 0.079417
-0.53917 -0.53968
-0.33935 0.50271
0.017647 0.29053
-0.1182 0.20219
-0.63606 -0.21346
-0.019131 0.022647
-0.19993 0.15841
-0.066751 0.19444
-0.3582 -0.53781
-0.67698 -0.10428
0.41109 0.19232
-0.33212 -0.7215
0.58044 0.26872
