2.9854 0.68723
-2.2608 -1.4912
3.1043 0.57452
-2.5302 1.4384
2.8565 -1.0506
1.524 -2.6643
-2.2591 -1.6079
2.4977 -1.1422
1.1886 2.7657
-0.66822 -2.6241
-2.3975 -2.0965
1.7881 -2.3876
1.303 2.3121
-1.7959 -1.911
-2.2198 1.6009
2.3997 -1.0853
1.0241 2.5159
2.7273 0.94984
2.8078 -0.037127
1.2032 2.4642
0.9446 3.0347
-2.168 -1.4957
-2.5649 1.237
1.5301 -2.2094
-1.7671 -2.0496
2.8063 -1.4309
3.127 -0.24411
2.6915 1.0729
1.1726 -2.5538
1.9524 -2.402
-2.731 0.50177
0.96814 -2.6848
2.7712 -1.0369
-0.34234 -2.643
-0.076061 -2.7205
1.4183 -2.5654
-0.78864 -2.9343
2.7551 -0.71242
1.9299 2.2018
2.3627 1.7213
2.391 -1.9817
-2.7452 -0.000659
2.9915 -0.43874
-1.6257 2.6719
-2.4605 0.85556
-2.4437 -1.1422
0.79621 -2.8732
1.1714 2.7285
-1.5971 -2.0785
-2.1696 -2.2565
3.1139 -0.17114
-0.45057 -3.0466
0.73089 -2.6324
-0.74166 -2.6807
-2.6373 -0.000665
2.6298 -1.5515
0.9171 2.5582
-1.5276 -2.2139
1.9771 1.9225
-2.6997 1.1822
-2.9766 0.63434
-2.8228 -1.1279
-2.2565 -1.3471
3.1415 0.13244
-2.6252 0.60344
1.8509 2.0623
2.1259 1.8019
1.4679 2.442
-3.054 -0.73242
1.4512 2.8068
2.8181 -0.12059
-0.25384 -2.9781
3.1096 0.082801
-2.1291 2.3026
2.9356 -0.50703
2.5144 1.1931
2.747 -0.48947
-0.65338 2.7745
0.25699 3.0715
-2.7042 0.74457
-0.053636 -2.9337
2.9871 -0.80123
-0.43027 -2.7287
2.8762 -0.76873
-2.5225 1.3477
-0.85939 -2.8985
-2.0944 2.1363
-0.37436 3.0045
2.996 0.8555
-2.212 1.8603
-1.584 -2.0745
2.6058 0.94579
1.7312 2.6167
2.7214 -1.481
-1.1488 2.6105
1.0664 3.009
-0.52585 2.6373
-2.6828 -1.2584
3 0
-2.8645 0.929
-2.5156 -1.3453
0.06572 -3.0897
1.6345 2.0399
2.3692 1.7351
-1.9412 1.8544
2.2481 2.0129
2.2025 2.012
-0.011927 3.1095
2.1659 2.3227
2.6413 1.0279
-3.0471 -0.50653
-0.75907 2.7576
-2.7396 -1.1593
2.7055 0.76366
-2.5778 0.50712
2.0008 -2.3728
1.0424 -2.6695
-3.0853 -0.18846
-2.5117 1.3219
0.092007 -3.087
2.2614 1.4838
3.1814 0.28841
1.1097 -2.6498
-1.0204 -2.4773
-2.7503 -1.0935
-0.037026 2.8163
2.9983 0.053366
-1.2997 -2.3833
-0.10143 3.0594
2.8009 -0.21116
1.9595 1.8327
2.7389 0.37511
2.5967 1.6579
2.6665 1.5612
-0.53331 2.9909
-0.30327 -2.8158
0.071901 2.8194
-0.16474 -2.8488
-2.2993 -1.5427
-1.6172 -2.1379
-2.2428 -1.6716
2.574 -1.2429
2.9957 -0.33725
2.5203 -1.4097
-2.6093 0.3871
2.8017 -1.3428
1.3235 2.4804
2.5941 1.3387
-2.1939 -1.7467
2.0298 -1.7675
2.5841 1.7682
-2.5914 -0.76963
1.8433 2.3477
0.61863 2.5656
1.2726 -2.9177
-1.4595 2.559
-1.1628 -2.9188
-2.4252 1.8177
-2.5108 -1.8
-0.46917 -2.7128
2.8553 -0.22077
-0.31575 3.1764
2.0987 1.967
2.8155 -1.1402
0.83208 -3.0642
0.51892 2.7188
2.5353 -0.73789
-2.812 -1.117
1.0367 2.7078
-2.5329 -1.8774
-2.6242 -0.24517
-2.8569 0.46529
-1.3154 -2.5476
2.5854 1.228
0.86774 -2.9781
2.8559 -0.84829
-2.5748 -1.1178
0.90543 3.0499
2.6524 1.0289
0.098585 2.7799
2.6351 -0.93702
2.7554 0.80793
-0.75027 2.9811
2.6719 -0.54001
0.20576 3.0414
0.76974 -3.0449
3.0936 -0.27702
1.1641 2.3643
-1.4283 2.6435
0.31584 -2.8396
1.445 2.6436
2.9339 0.29893
-0.60425 -2.8806
-3.1621 0.21755
-1.4066 2.3223
0.38601 2.6063
2.806 1.3693
-1.294 -2.4616
1.9025 -2.3988
-1.7088 -2.4189
1.8649 -1.8624
2.9162 0.8851
2.0225 -2.2552
-0.81674 -2.706
2.4167 1.9155
-2.5487 0.82844
2.8305 1.2577
1.3359 -2.4146
3.0435 -0.016869
-2.2202 1.8211
1.9288 -1.9246
1.4645 -2.6036
2.496 -1.5627
-2.6495 1.7939
2.7721 -1.0718
-1.7362 -2.2543
-2.8108 -0.71962
0.11406 2.7937
0.79475 -2.7907
-1.9725 -2.3809
2.3278 -1.3762
2.2459 -1.7658
1.0755 -2.5678
1.7544 2.1169
2.6043 1.5824
-2.4114 1.7129
0.19892 2.7215
-2.4717 1.5874
-2.6111 0.042239
3.1516 0.16266
-0.79287 -2.8445
-1.5521 2.1806
-2.4467 0.92653
-1.8885 1.7903
-1.9996 1.9102
2.6781 -1.5161
1.1846 2.9353
-0.97524 3.0004
-0.21634 -2.6972
-2.77 -0.53715
-2.5964 1.3206
-1.2805 -2.7325
2.6249 1.7037
2.9463 0.14586
-1.5568 2.356
-2.6109 -1.6341
2.7232 -0.23996
-2.7431 -0.41256
2.177 1.6813
-1.7512 -1.9272
-1.1012 -2.4149
0.46231 -2.9737
0.93602 2.8497
2.0549 -1.6171
2.9298 0.6102
0.82578 -2.6009
2.3385 -1.4507
-2.8941 -1.2384
-1.9642 -1.8255
-0.39409 2.8783
0.20612 -2.6717
-1.0059 2.6272
1.1665 -2.6032
1.7798 -2.5825
-0.3754 2.7031
-2.1862 1.4573
-3.0452 0.14572
-1.4675 2.5637
-2.699 -0.004844
0.7459 -2.7669
-2.7322 -1.4809
0.10057 -2.8737
-1.6338 2.5613
-2.1026 2.3329
-2.3663 1.3475
-2.6574 -1.3124
0.85064 2.8683
-2.1926 1.5176
-2.382 -1.2264
-0.5113 2.9284
1.0417 2.9417
2.9592 0.50052
2.4699 1.2274
2.8607 1.2805
0.62094 -2.647
-2.474 1.0487
-1.5204 2.1924
2.774 0.003287
2.529 1.8576
2.963 -1.0037
-1.5644 -2.1018
-2.8356 0.83248
-2.7211 -0.57623
2.7737 -1.4104
0.40662 -2.708
0.97399 -2.9468
2.9314 0.65389
1.97 1.7288
-0.80802 -2.7785
-2.1926 1.6861
-1.8141 -2.0184
-1.6736 2.0396
-2.5531 -0.71223
-1.6583 2.4269
2.3529 -1.7789
3.0228 0.84333
2.8859 -0.14681
2.2496 1.5366
-2.3035 1.4019
2.9912 0.56747
2.9542 -0.93598
-0.081922 -3.042
-2.6354 -0.89714
-3.0344 -1.0021
1.5599 -2.2071
-0.46977 3.0711
-2.6312 -1.7284
-2.3833 1.4932
-0.86405 -2.7551
3.0366 -0.80515
2.3179 1.2082
2.2272 2.1619
1.0104 -2.7183
2.9915 0.50076
1.5902 2.2171
-2.5905 1.193
-1.8315 2.4251
-0.5641 2.7695
2.7995 0.47545
-3.0458 0.97168
-1.1886 2.7112
-1.7558 -2.3461
-2.032 -2.244
-0.15168 -3.0839
1.6079 2.7386
2.6814 -1.2603
-3.1743 -0.24803
2.4811 -1.6327
-1.619 2.6095
-1.964 -2.1537
-2.1676 -2.347
-0.16354 2.7824
-2.8519 -1.0887
-1.3784 -2.371
3.055 0.73716
2.4159 1.2767
-2.9019 -1.0248
-2.2434 -1.388
0.31255 2.9354
1.883 1.9901
2.8839 -0.22659
-3.0218 0.58186
2.6101 0.76114
-2.6532 1.1731
0.24697 3.0453
3.1709 -0.42346
-1.1157 -2.6899
3.0624 -0.43064
-1.5934 2.7375
2.6773 0.52556
1.8133 2.2061
3.0154 -0.83179
-3.0828 -0.31991
0.45106 3.1538
0.81558 2.9744
-0.44081 -2.5827
-2.3905 -1.0483
0.43454 -2.8548
2.0466 2.2318
2.411 1.7447
2.0403 2.3684
-2.4448 -1.8872
-2.6065 -1.2485
1.2108 -2.7348
-0.72753 2.664
-1.5594 2.6181
0.055203 2.92
-0.95178 -2.4545
0.94837 2.8153
2.4702 -1.4252
-1.9312 2.4473
-1.7759 2.1788
-2.5391 -1.3313
1.6028 -2.5686
2.9623 0.48654
-2.0185 -1.6725
1.7906 -2.1391
-1.5188 2.3002
2.742 -1.5016
-1.6767 2.2946
-1.5344 -2.176
2.894 -1.1209
-1.811 -2.2404
2.7094 -0.79771
-0.4917 2.7246
0.47373 2.5618
1.7025 -2.0764
-2.3796 -1.5318
-2.9792 0.78009
2.1895 -1.4933
