-0.27164 -1.0904
-1.0387 -1.1098
-0.59822 -0.41523
0.73798 0.88483
-2.4369 -3.8178
2.1664 3.8537
-2.6322 -1.9932
0.81908 1.3665
-0.45427 -1.1869
-1.0789 0.17884
0.5047 1.0704
-0.74739 -2.2161
1.6496 -0.23694
-0.56059 -3.6929
0.58489 2.7334
1.7008 1.7817
3.1694 2.4745
0.6597 -0.67501
-0.68232 -0.4034
1.2617 -0.80093
0.24891 1.4099
-0.54863 2.2649
0.57969 0.8411
1.0591 0.57151
-1.9858 -4.5625
0.15239 -2.736
0.15729 -1.322
-0.87553 2.0763
-1.0275 1.1988
1.8372 -0.28932
-0.66311 -2.5524
-2.0204 -2.5402
-1.9325 -3.933
0.65574 -0.73959
-0.48941 3.3665
-1.3927 0.43655
0.40298 -1.474
-3.1591 -3.1846
0.87398 -0.28004
-1.6346 -2.3246
0.021206 2.3565
-0.41726 1.1046
-0.59173 -2.6696
-0.069262 -0.24051
-2.1925 1.4039
1.3066 1.9864
0.24272 -0.16497
-0.72084 0.631
0.31644 -0.55122
-1.9605 -0.86202
-0.596 -0.67034
2.3275 0.89368
-3.3219 -3.1601
-1.1331 1.3876
0.16363 -2.3853
-2.1607 -4.0364
-0.17409 -0.039122
1.1277 0.48247
-0.52765 -2.573
-2.0116 -1.8891
2.3879 2.4176
-0.1403 0.69311
-1.5164 0.93415
-0.51403 -2.3971
-0.0035 1.3233
1.997 -0.24269
0.015782 1.8534
0.94103 -0.34279
4.2473 4.1317
-1.1415 -2.2805
2.4939 3.2516
-0.44842 -3.4969
1.2739 1.7874
-2.1907 -0.96879
-1.8159 -3.9595
0.66066 -0.27294
0.22781 1.1237
0.66442 -2.1762
-2.0847 -2.0553
0.14899 2.0876
1.6759 0.07108
-1.0324 -1.4124
-1.6735 -1.6559
-2.6479 -0.51979
-2.1165 0.44658
0.92205 4.276
1.1821 2.447
2.1419 2.1929
-1.9695 -1.7003
-2.4518 -2.2065
2.4387 2.1844
1.6427 -1.6751
0.12461 -0.18883
2.6354 3.7213
0.11259 -0.14227
-2.6231 -4.2708
-1.1907 -3.3955
1.2279 0.28745
1.2268 -2.6449
-0.2011 -1.7984
0.14677 -0.026136
-1.0564 -1.6143
-0.72759 2.2724
2.8179 2.3793
-1.6218 -1.2814
0.15179 -2.6149
2.5626 5.402
-0.50209 -1.2357
2.1728 -0.11034
-0.11495 1.1306
-1.1895 2.1637
0.33689 1.2173
1.1508 -0.6088
2.1046 1.8716
2.1753 0.68078
-0.04867 1.3299
0.88845 3.5046
0.1058 -2.2041
1.4244 -2.253
-2.5081 -2.4099
-1.0124 0.75558
0.73758 1.9796
-0.67322 -0.75054
-1.6505 -0.088516
0.65934 1.0831
2.278 1.3097
0.056058 -0.67341
0.053599 -0.87272
1.0803 2.1489
2.383 3.1656
0.18103 -0.99602
0.22385 1.8714
1.3306 -0.35711
0.41541 0.92985
2.3886 2.7754
2.0149 3.8523
0.93297 0.79636
-1.0784 -5.4142
-0.70511 0.59017
-0.63372 1.1118
-2.23 -0.62831
0.5511 -2.0207
2.5301 1.0942
-0.31096 2.7257
-1.2286 -2.3693
1.634 1.8823
0.64125 2.2216
-1.6481 -0.89595
3.1792 4.7139
-0.43029 1.2156
0.61104 1.9313
-2.1337 -3.4483
0.053618 0.16505
-2.4856 -2.1267
0.26564 -1.1043
2.5582 5.0456
1.634 -0.71786
-1.7559 -2.3503
-0.71492 0.60656
-0.48197 -1.368
-1.4156 -4.3425
-2.4713 -1.4066
1.9845 2.0913
1.186 1.3233
-0.30247 -1.2983
-1.4455 -0.40382
0.15623 1.3401
0.81847 0.17374
2.1165 2.1898
-1.9624 -1.2772
-0.22862 -1.0848
0.015779 1.3648
2.3475 3.2691
0.59723 4.4956
1.3526 2.6923
3.4374 3.4496
0.58495 0.67652
1.4736 -0.67065
-1.2358 1.4873
-1.996 -0.034586
-0.86824 -0.65873
0.68707 -0.87593
-0.83935 -2.1243
1.2005 2.8812
-1.295 -1.2305
-0.65466 -0.71754
0.60612 5.0979
0.032404 -0.73441
-2.3512 -1.0541
-1.1888 -0.43519
-0.94166 1.9255
0.56817 -1.3395
-0.4452 0.008834
0.2029 -0.20216
0.89615 1.1508
0.33437 0.51947
0.49745 2.146
2.3219 1.0562
1.0573 3.4138
-0.86081 0.82091
-0.78668 -0.93272
0.29769 2.9618
-1.128 0.061222
1.2564 -1.59
-0.018503 -0.75965
-0.22656 2.4794
0.77317 3.4703
0.5649 -0.49646
-1.0816 -1.1325
-0.90936 0.26459
-1.7442 -0.16105
-2.2082 -5.9037
-0.13212 -0.0712
0.48319 -0.30302
-2.7529 -0.049635
1.4725 0.67677
0.68885 0.026105
-0.25877 0.34602
-0.94968 2.8175
-2.424 -1.4911
-1.7982 -1.7007
1.0105 1.631
-0.67829 1.6977
0.90078 -1.2223
0.30563 -1.0477
-1.3393 1.2422
-2.0049 -2.9573
1.7407 3.0196
0.62108 0.86263
-1.4952 -2.7432
-0.10991 -1.4994
2.2136 0.35938
-3.865 -2.715
0.55398 -4.1708
-1.0114 3.2549
-1.7821 -1.8141
1.4274 -0.30598
2.0797 3.6678
-0.46278 0.0058005
2.8573 3.5296
-0.22127 -1.8444
3.9137 1.515
-1.1142 -1.6281
0.63965 1.3703
-1.2299 -2.3498
0.67476 1.0378
-2.037 -1.7942
0.091896 -3.2395
1.4423 2.2094
0.80007 0.094055
