4.446 -2.1184
2.8175 -1.1074
4.8504 -1.3934
4.3192 1.4504
1.6243 -0.66825
4.0327 -0.42034
3.6364 -2.1597
3.3895 -1.195
5.5774 -3.1888
4.1879 -2.9486
4.9558 -1.5097
4.0333 -2.4278
4.5747 -3.8858
3.7322 -2.0897
4.0792 -0.19169
4.0801 -1.1391
4.1665 -1.3387
8.1552 -2.2351
5.3524 -2.6035
3.9709 0.040415
5.7541 0.8554
1.8674 -1.1631
3.5247 -2.3969
3.0255 0.89802
2.5767 0.65007
3.4604 -1.1777
5.7573 -0.20271
4.2817 -0.77792
2.5911 -1.9022
4.8042 -2.5194
3.1124 -2.191
3.8848 1.331
3.7685 -2.3266
2.6882 -0.76689
2.5916 -2.0223
3.7147 0.071779
2.0282 -0.4381
5.3984 0.034933
2.2404 0.80108
3.8918 1.0449
4.1181 -1.6614
4.4194 -1.68
3.1461 -0.0090602
4.5391 -3.8929
2.157 0.017037
4.9067 0.30618
3.364 -2.3943
4.6767 -1.6552
3.028 -2.1916
3.866 -0.97533
1.4481 1.6495
4.9763 -1.8175
5.4121 -2.3629
4.4838 -0.25373
4.5293 -0.056087
3.3615 0.32235
3.5704 -2.555
4.8957 -0.43841
2.8256 -1.4177
4.4972 -0.66578
2.0829 -1.1832
6.3073 -1.1237
1.2424 0.309
1.7476 -0.26242
4.6315 1.2141
6.3163 -2.1585
4.7537 -1.2117
6.0866 0.12471
3.0567 0.17859
7.0294 -0.98574
4.81 -2.0653
4.3091 -0.18826
4.4375 1.4033
5.5661 -1.1013
5.4767 -1.397
1.6696 0.78212
1.2922 0.29288
2.759 1.3518
3.2388 -3.5203
3.862 -0.6253
4.4805 -2.0965
3.3376 -1.2139
4.1586 -1.6119
4.4155 -1.8562
2.9881 -0.17225
4.5709 -1.9861
3.6846 -1.8486
3.6437 -1.7224
3.8744 -1.1838
4.8424 -1.4493
4.747 -1.6703
2.5097 -2.8398
4.52 -1.6002
2.4429 -0.0065157
4.2256 0.94596
5.5723 -2.206
3.159 0.36845
5.7501 -0.98959
3.2895 -2.849
4.9176 -1.965
4.5615 -1.5785
4.1609 -1.1195
3.9807 2.442
5.2564 0.33683
4.2291 -1.1393
4.3084 -0.48129
2.5079 -3.0779
5.3206 -2.2813
4.2374 -0.20865
2.6577 -0.22781
0.76862 -0.84916
2.8327 -2.0765
3.5223 -0.69778
2.7933 -0.16489
6.2899 -0.74973
3.869 -0.97332
4.1448 -0.92484
5.971 -0.54597
4.6648 -0.98403
5.5696 -1.6109
4.112 -3.6921
5.0297 -3.2973
5.4763 -2.1856
4.2118 -4.0453
3.3289 -0.8927
1.7431 1.1558
5.8175 -0.52854
3.6363 -1.5817
3.9409 -3.781
4.1057 -0.8713
5.576 -2.0283
3.9188 0.34275
5.235 -1.9966
6.1497 -0.21204
6.2013 -0.51701
4.4274 0.14386
0.40315 -2.5033
2.8192 -0.13322
4.6772 -1.7977
3.3343 -4.5441
4.1823 -0.18393
6.1727 -2.529
5.4016 -0.64262
6.0334 0.23657
2.5123 -0.38793
1.7975 -0.37688
1.621 -0.45298
0.8607 -2.8992
2.7103 1.2668
5.0251 -1.716
5.783 -2.0486
3.6877 -1.7124
4.8141 -1.2725
4.6471 -2.5249
5.0251 -4.1045
3.1982 -3.2854
6.8998 -0.35533
4.9628 -1.9262
5.1536 -2.9427
1.1627 -0.98689
3.9142 -1.7746
4.3609 0.47185
6.6671 -0.83431
3.3329 -1.0588
2.7135 -0.11301
5.473 -0.47492
6.3599 -1.7778
4.6764 -0.37574
3.4103 -2.978
4.6882 -1.4093
4.0225 0.16102
6.5008 2.1956
4.2181 0.50245
2.5014 -4.5775
6.5473 -1.7407
3.6724 -0.53338
5.0572 -1.9155
5.6752 -2.5478
4.436 -2.9513
5.7386 -1.688
4.0726 -0.5922
2.9144 -1.5827
3.8025 0.13183
4.6958 -1.3658
2.3586 -1.3689
4.6576 -3.2627
6.3013 -2.0122
4.151 -0.50375
2.817 -0.82417
2.5711 2.0335
4.0482 -2.4019
5.2942 -1.494
1.9079 -0.98173
5.9733 0.032142
4.5269 -0.80974
2.7897 -0.61925
4.7334 -1.4337
4.2444 1.2311
5.1015 -0.31755
4.1829 -2.1586
2.9598 -1.195
4.1291 0.63197
3.5616 -2.3644
5.5921 0.95448
2.3247 -1.2614
5.4206 0.42522
2.4457 0.29443
3.9021 2.9501
5.9781 -0.79552
4.7136 1.3357
4.0429 1
5.9489 -1.1219
3.7364 -3.0061
4.0914 -1.6362
2.2876 -2.1972
3.223 -3.1101
3.5854 -2.8985
5.2694 -1.9857
3.6642 -2.7397
5.04 -0.16013
4.0888 1.2697
3.5599 -0.68157
2.3849 0.94678
5.8001 -2.2941
5.9513 1.9147
4.5454 -3.3324
4.5728 -3.8259
5.0819 -0.7637
4.8857 -3.0895
6.1926 0.12471
5.908 -1.6346
2.1413 -1.1477
5.8715 -0.74993
5.1385 -0.26762
3.6308 -2.3409
6.5409 0.12141
5.247 -0.52069
6.0089 -1.9826
4.0922 -1.3811
3.2633 -1.4268
4.3833 -0.42042
4.4232 -1.1695
2.982 -3.219
1.869 0.29165
4.8113 -0.5489
4.3396 -1.97
3.8707 1.5953
5.3029 -0.10238
2.2862 -0.9025
2.8222 1.0332
