9.4 4.8 9.1055
5.4 9.6 12.297
1 -3.2 12.554
13 -5.2 148.99
3.8 -6.4 44.793
11 -3.2 84.667
1 5.2 12.6
7.8 5.6 -3.3237
-5.4 -3.2 43.035
8.2 -6.4 97.017
2.6 5.6 8.452
1.8 7.6 21.065
8.2 -1.6 40.764
6.6 1.2 14.353
10.2 7.2 17.808
-4.2 8.8 94.156
1 -0.4 2.0503
0.2 2.4 12.378
6.2 -5.2 52.829
2.6 2.4 2.4447
9.4 4.8 9.1055
5.4 9.6 12.297
1 -3.2 12.554
-5.8 -0.4 59.637
-1.8 4.4 39.318
-4.6 3.6 57.512
-1.4 -1.6 14.528
10.6 6 19.681
-5 12 151.61
3 6.8 7.6575
-0.2 -4 13.881
1.8 -1.6 9.6888
11.8 6.4 17.449
9.8 1.2 31.788
3 10.8 34.166
7 -6.4 69.76
-2.6 -2.8 33.697
-4.2 6.4 68.41
-0.6 -1.2 23.79
2.6 0.8 1.7276
1 8 27.759
9.8 4.8 15.761
3 10 25.15
-5.4 8 107.75
-4.2 3.2 47.679
2.6 9.2 5.1825
-0.6 -0.8 28.996
-3.4 7.6 82.397
5 4 3.4982
9.4 8 -2.562
12.6 -2.8 118.39
7 5.6 0.24578
0.6 2.8 10.584
9 6.8 5.5299
2.2 -3.2 19.234
-0.6 4 21.49
4.2 -6.4 44.235
4.6 3.2 -8.7438
5.4 0.4 2.9991
10.6 -6.8 134.76
7.4 2.4 5.8015
8.6 9.6 -6.8535
-2.6 4.4 37.743
10.2 3.2 41.886
3.4 0.4 1.6773
11.8 12 26.93
6.2 -2.8 32.1
1 -5.2 24.99
0.6 3.6 12.993
1.4 -2 3.3834
3 4.4 5.6036
4.6 4.8 8.9159
10.2 4 20.809
3.4 -7.2 45.281
1.8 0.4 -2.7361
12.6 2.4 70.009
8.2 -7.6 97.701
-5 -2 44.294
-1.8 10.8 85.179
1 2 11.199
8.6 7.6 5.5531
-1 11.6 71.687
8.6 3.2 14.25
2.6 3.6 -6.4469
6.2 4.4 8.8039
1.4 -1.6 -0.49713
-0.6 -2.4 7.2259
4.6 -0.8 2.3898
9.8 -6.4 120.92
10.2 8 16.584
3.8 -6.8 41.861
5.8 4.4 -6.5056
5.4 -2.4 26.488
7 0 12.299
-2.2 -6.8 33.207
1.8 6 13.156
-0.6 2.8 15.677
-6.2 -6 41.217
9.4 -7.6 125.2
-2.6 2.8 28.488
