6.433 9.2834
10.625 10.22
13.834 10.546
9.2096 8.2879
8.5843 8.343
8.9462 10.57
7.505 9.6153
15.021 12.581
10.092 6.693
10.679 10.399
12.956 9.9643
9.6591 11.781
14.137 13.069
14.203 12.506
8.631 10.731
9.5672 9.9836
10.552 13.816
8.8326 11.681
10.518 5.3877
9.0783 7.5944
10.752 8.6768
9.1825 11.23
12.09 10.988
8.6975 11.248
9.913 9.1385
8.0291 11.266
9.6003 8.4744
12.248 8.0457
11.49 10.524
8.9914 10.393
12.422 11.878
9.3649 13.589
12.079 16.127
5.4839 8.2
11.671 12.085
8.9837 9.3594
9.2234 9.9953
10.014 6.5823
13.896 11.856
9.6864 10.307
9.985 9.3651
8.2693 9.7969
11.619 9.6463
12.447 10.573
10.819 12.645
11.337 12.073
11.31 10.212
9.9587 8.5086
9.4731 8.677
11.66 9.9186
7.5598 7.2103
11.584 7.17
12.886 12.966
7.6684 9.4023
9.7426 13.335
13.87 12.152
8.3539 6.8704
7.5667 9.1221
10.259 12.88
9.3586 11.868
12.358 12.158
11.001 10.941
13.568 10.603
12.03 11.696
12.91 11.746
9.6946 12.906
11.51 11.379
11.479 9.5898
11.169 11.379
7.0549 9.2334
9.648 10.01
10.674 11.644
10.267 7.3895
5.9273 9.3095
8.112 10.729
10.735 12.856
11.309 8.4417
10.539 11.869
10.592 10.086
7.4205 8.683
10.862 7.8863
10.24 10.181
13.268 13.022
10.618 13.489
14.39 13.546
4.6812 8.1575
13.017 11.277
9.3306 7.6859
10.373 10.583
11.303 11.499
8.9211 9.1366
12.547 10.252
9.4262 7.7671
8.2987 10.257
11.973 10.101
9.5168 10.125
9.0247 9.7139
11.199 9.3235
13.826 13.927
7.9309 12.043
12.953 9.2513
11.081 12.565
10.947 9.3739
10.502 8.8407
13.124 10.883
12.499 11.731
9.1757 7.854
7.3234 10.249
9.6358 13.192
9.2568 9.5667
13.194 9.3199
11.513 10.823
9.3862 8.4145
10.382 9.6021
11.347 11.522
7.9294 8.6203
11.038 12.176
9.8938 9.9144
10.466 9.9932
8.0036 11.426
13.985 13.023
11.74 12.442
11.216 9.15
7.5207 8.0359
13.871 11.951
9.4966 11.506
9.4561 9.9046
11.196 11.927
8.7923 7.404
13.32 9.8457
10.318 10.477
7.4282 9.3834
10.159 12.12
7.9814 9.3953
10.234 10.017
10.966 11.695
9.4886 6.6845
7.6829 9.3339
6.2741 10.587
8.0324 6.1418
7.2431 8.8521
4.6825 6.776
8.4607 8.5691
11.971 15.432
10.354 9.6267
10.283 10.284
11.838 9.2358
9.478 6.2209
8.1991 12.612
8.2974 11.157
10.993 8.6692
8.1443 9.387
15.124 14.049
11.038 12.017
12.946 11.945
5.2386 9.2179
11.727 9.0188
7.4535 6.8676
10.618 10.28
11.444 14.169
15.628 10.365
9.9261 8.465
8.5708 7.9132
10.911 11.981
11.612 12.328
11.339 11.003
10.782 11.117
11.911 13.148
10.707 8.0043
5.0972 9.8687
8.7584 12.319
8.675 7.5366
11.807 14.232
12.962 10.42
8.2415 11.025
7.9957 7.7284
9.5901 8.495
9.7415 9.3414
10.815 8.033
8.4659 7.1329
14.943 12.688
13.782 12.841
8.6854 9.6977
12.079 10.239
10.422 9.6313
12.37 12.77
11.418 6.5552
11.397 9.5144
11.235 13.388
8.8467 9.1485
7.2853 6.1624
12.463 13.265
15.481 16.176
6.7912 4.7123
8.9088 10.859
10.031 9.8843
10.044 11.621
8.8784 10.237
7.3678 9.3374
13.554 10.918
14.855 11.84
13.687 13.753
15.927 10.536
9.9213 7.7848
11.893 9.6378
8.0824 9.8937
9.3102 10.155
8.3557 8.4465
11.498 11.439
12.696 10.269
7.1117 11.178
5.8444 8.4381
12.487 10.307
11.65 10.185
13.324 10.238
8.0937 13.459
12.423 8.8751
7.9906 13.192
8.4215 10.66
9.4113 12.39
8.0726 6.8716
11.364 10.197
9.9234 10.731
10.276 7.8889
9.2996 10.614
9.1315 11.173
7.9143 10.448
12.231 9.0076
9.5583 11.87
7.7677 9.4787
9.9459 10.726
12.341 15.02
9.5834 10.362
11.414 11.201
11.604 6.8341
10.436 10.611
11.339 10.278
11.269 9.2377
13.314 11.968
7.5881 10.578
11.506 10.034
9.0293 12.591
11.666 11.642
8.1279 9.4398
8.922 9.7672
8.4443 9.2308
11.822 13.809
13.758 11.327
8.0013 5.1229
9.1979 12.826
