-1.135 0.70402
0.59354 -2.1979
-0.15427 0.47027
2.2195 -3.5562
-1.2537 1.1831
0.016775 1.2784
-0.39449 -0.89379
2.1245 -1.4746
1.6264 -0.60093
0.20201 -0.43757
3.7997 -3.6811
-0.90248 -1.2758
-0.14515 -1.9119
4.3263 -1.6975
1.3714 -3.1515
1.1487 -1.3697
1.9846 -3.3071
-0.52551 0.88293
-0.43133 1.2355
0.37948 -1.7144
-1.5779 2.2327
1.0087 -1.0033
-2.7433 0.46819
-2.2825 3.3928
-1.4782 2.6902
-4.5611 2.4359
-1.0522 1.3354
-1.2161 3.567
0.27547 -0.19031
0.35981 -0.95206
-2.5947 0.94166
-0.21716 -2.1566
0.084689 1.2986
-1.0723 -1.2234
0.13225 -0.24681
1.3759 -1.9753
4.2719 -3.4499
-0.30558 1.7717
-1.7182 1.1746
1.1279 -1.0681
0.96014 -0.65643
2.6669 -2.507
-2.9568 2.4512
-3.923 3.0373
-2.1731 2.8134
2.1166 -1.01
-0.29261 1.0271
-1.4303 3.105
2.6587 -1.9595
-1.1885 0.84204
-2.9966 0.95412
-4.312 5.5807
-6.7025 5.2743
-1.836 -1.0111
2.4642 -1.3616
-0.9947 -1.0702
-2.4099 0.93024
1.8341 -1.5279
-2.1964 3.5008
-0.37257 0.7748
1.7699 -1.1385
4.2246 -1.8343
0.43504 -1.2535
2.5142 -0.087671
-0.71874 -1.115
-1.377 1.1873
-3.1293 3.6486
0.42915 -1.3906
1.5991 -2.6907
-3.0159 1.6298
0.046969 -2.9793
-0.65182 -0.055997
-0.23142 1.0913
0.10148 -0.1228
1.1599 0.61553
0.70816 -1.933
-4.0587 4.3484
2.3875 -4.0915
-3.4849 2.7796
2.4791 -1.9569
-0.5951 -0.78426
0.54407 -1.3334
-1.3697 1.0835
-2.8909 1.1436
-2.2174 2.7651
-6.4203 5.2994
1.1097 -1.6417
-0.13669 0.25058
-1.9299 0.016893
0.064547 0.55595
2.317 -2.0168
-3.0825 5.6523
-0.86887 -2.9064
-0.23158 0.96256
-0.92968 1.0722
0.76086 -0.081621
-2.3392 2.1374
3.3695 -4.2487
-0.38599 -0.50293
0.16258 1.4105
-2.5062 2.3185
3.0013 -1.1466
-0.56379 0.95395
-3.3659 -0.13224
-2.0676 2.2589
2.5646 -5.0285
2.5158 -0.51984
-0.81334 0.21367
-2.3165 2.32
-0.89314 -0.31191
-1.65 2.1929
1.055 -2.361
-2.2129 3.2262
3.0378 -2.8807
2.0968 -1.4994
-1.4994 1.2735
0.1824 0.40058
1.7479 -1.7341
2.2986 1.1405
1.153 -0.79054
1.5154 -0.56837
-0.080657 -0.24195
-0.55231 0.25272
0.20339 -1.0893
3.1155 -3.9215
-2.9717 0.76287
-1.916 1.3859
2.2911 -3.4803
0.55245 -0.72554
-2.0661 0.53762
0.24023 0.086733
3.1873 -1.8996
-1.0277 -0.46732
-2.071 1.2733
-2.7183 3.5918
-2.2947 1.5875
1.1068 1.1891
2.8347 -1.1694
-0.42267 -1.3256
2.3884 -2.0543
0.68841 0.99157
-0.63103 1.7718
-3.136 3.4384
0.28475 -0.024619
-0.22829 -0.071031
3.6475 -3.6508
2.907 -1.8555
-0.55277 0.093162
-0.27048 1.422
-3.7842 4.5158
1.2086 0.83132
0.46131 -0.26643
0.9892 0.048732
-3.0666 3.1545
-0.29032 0.19044
2.4109 -4.3173
0.45246 0.63809
0.38876 2.708
-0.76952 2.3721
-0.027594 1.6242
1.141 -0.82647
-0.52643 1.7962
1.6243 0.60335
4.3341 -3.1603
2.8402 -0.67529
0.20666 -0.42651
-1.018 1.452
3.3837 0.26838
-0.69287 3.5127
2.4362 0.42463
3.514 -5.1815
1.5861 -1.0371
1.1154 -3.9628
2.9315 -2.6541
1.1336 -1.3452
0.058014 -0.076753
3.1374 -3.9176
0.12011 3.2213
-0.76663 2.3113
-1.5842 1.3036
4.0815 -2.9222
-0.30577 0.56299
2.4155 -1.9654
-1.7098 2.9841
3.2956 -2.0947
0.9133 0.2999
2.2604 -1.6725
-0.51556 -1.4302
-0.44251 0.68265
-0.35921 2.3711
0.46481 -0.61257
2.9965 0.95786
-0.47325 -0.61055
-2.817 1.9802
3.4603 -3.7709
-0.24635 1.8692
1.1515 -1.8407
-0.24208 -0.83272
-0.31666 -1.3237
-0.19215 0.93059
1.6195 -2.0213
1.1077 -1.9089
-1.7099 2.1778
0.19473 -0.28957
-0.67567 -1.6885
0.30111 1.6429
1.3499 -2.88
2.3521 -2.2696
0.32773 0.5213
-1.1461 2.5974
-2.4926 1.6613
0.34729 -0.622
1.2683 -0.85355
0.23455 1.2346
3.8856 -0.78439
-0.58668 0.22308
2.997 0.66616
-0.24946 0.046677
-2.6019 1.0727
0.48911 -1.595
-0.0013824 0.8883
-0.72445 -1.7125
-4.0826 5.651
2.2877 -0.1353
-2.9299 1.1251
-0.91593 1.3947
-0.0055439 -0.94551
-0.27838 -0.42055
0.37618 -1.4483
0.083129 0.91049
1.6461 -2.3373
-2.4187 2.0228
1.9814 -1.3752
1.2475 -2.3227
-0.76198 0.4368
1.7118 -2.8565
0.85304 0.71812
1.0327 -1.8316
0.73781 -0.97192
2.7093 -2.3529
-0.29503 -0.11237
-0.20587 -0.97985
1.7194 0.013215
-1.6917 1.3983
2.8751 -0.61763
1.4855 -0.55707
1.1737 -1.4862
-0.99903 1.4161
3.137 -2.1072
0.65426 0.78426
