2.4726 2.4457
6.7053 3.5566
2.7096 4.2599
5.2047 3.3783
5.018 5.2649
3.1725 1.9391
3.3471 4.7418
6.0418 3.8544
3.2379 1.4141
6.223 5.3774
2.6714 2.6268
0.71732 0.18293
5.9406 9.0628
6.2282 5.1795
4.1153 3.1654
3.1423 2.4416
1.0766 0.75983
3.2428 2.3627
1.9394 1.3755
3.0432 3.8476
0.88073 1.5462
4.5738 4.6581
4.9237 5.5717
-0.24035 -0.72241
4.9508 3.1329
2.0751 1.1891
4.7924 5.4874
3.1663 4.9267
-0.24653 0.54806
0.24163 2.3198
3.4386 3.024
4.1245 5.0324
4.8274 5.4681
1.9169 4.7991
2.0536 2.3699
2.3417 3.4476
6.7176 6.4973
4.5768 3.6683
7.2867 5.4192
4.4067 4.1398
3.6362 2.368
3.7338 2.4678
-1.4144 -0.81739
4.1105 5.4551
3.3823 1.5697
1.4609 2.1956
3.6077 2.3733
4.6289 4.7997
2.0415 3.6977
4.4725 4.6028
3.0451 2.9926
5.9553 6.8179
1.91 4.5667
2.7563 3.8914
1.0727 2.8695
2.1654 1.4348
2.7519 2.6897
5.7786 7.1996
1.5016 -0.95985
2.9674 4.1814
3.3144 3.5282
4.7697 3.5535
0.81918 0.90983
7.1141 5.7365
2.8876 4.4498
6.2729 6.1775
4.0617 4.1017
-1.3745 0.74287
3.0624 0.85973
0.25688 1.6182
5.6689 2.8021
5.2902 2.8797
0.22486 0.53397
1.5678 0.70853
0.9797 2.8846
6.0787 7.8313
1.8247 0.99947
3.7848 4.3421
1.8372 1.265
3.6203 4.6659
1.8342 1.7286
1.6753 -1.817
3.3168 3.4816
5.6833 5.3583
3.4987 4.4062
0.18278 -1.2366
4.6321 2.1581
3.1848 2.5285
6.6054 7.6919
4.9631 2.351
1.2941 2.1067
5.3444 4.7182
2.9452 3.6046
-0.24632 1.4789
3.9763 5.5471
3.3719 3.7096
1.5663 1.5576
7.2256 4.0158
3.1148 1.6923
5.6008 4.5565
0.76216 1.3274
3.7161 2.9215
4.1123 4.0706
3.4698 5.7349
4.8729 4.8445
3.8732 2.9626
3.0024 4.0037
5.3026 2.8267
2.9359 3.2391
4.9465 5.8537
3.0421 3.8063
2.6455 1.608
3.0693 1.0363
3.7234 2.0825
0.71577 1.8941
5.1469 3.8304
0.92861 1.5337
5.6163 6.5461
2.8938 2.0034
2.0125 1.0034
2.5738 3.2992
5.4327 6.9992
4.3967 5.2884
1.0755 0.68882
4.5153 4.0015
4.0615 3.9794
0.16472 0.19163
0.62703 0.5831
0.26201 2.1548
1.6956 0.84011
5.6858 5.151
3.8118 5.522
1.4324 0.22577
2.3999 3.2635
2.893 2.9778
3.0089 3.7401
-0.65544 0.12736
6.0183 5.6382
-0.05914 1.134
8.0753 7.8314
5.5748 3.8226
7.4001 5.9782
4.4615 3.1041
3.4318 2.9778
2.1286 4.3737
8.1385 5.4863
4.0894 3.2712
3.01 3.8771
-1.4043 -1.6174
2.328 1.5056
3.3835 2.7047
2.3927 1.9468
6.0441 5.9899
4.043 5.0903
0.91666 1.4235
2.3546 3.0668
4.7399 6.4295
1.4786 1.7016
6.9449 4.1882
2.262 3.8282
6.3829 5.3363
1.2552 1.4682
4.1611 4.3528
4.6814 4.4978
6.3837 2.758
1.9595 2.1003
5.3953 5.2882
4.671 3.5657
2.7318 2.578
5.5198 4.708
5.2403 5.8769
3.1301 3.5268
1.1246 0.52809
4.863 7.106
7.6659 4.7414
3.5119 3.7882
3.5234 3.2637
3.8524 2.7962
5.3549 4.9813
0.13049 -0.23849
1.4061 0.033731
5.7755 6.149
5.335 3.3896
8.9012 9.1827
-0.18257 3.1438
5.4592 6.9889
4.2522 4.8149
1.9166 2.5662
-0.73192 -0.20971
5.1754 5.9042
8.3267 5.1438
2.7298 6.0471
3.5509 4.4397
3.6433 1.5692
1.0112 4.7102
1.3988 2.0906
2.9919 3.0085
2.4305 3.9844
4.527 5.8236
2.5886 6.1058
5.9857 6.632
0.73999 1.6654
4.0912 4.8677
3.492 2.3373
6.6632 4.117
7.5124 6.7693
0.72326 0.78323
-1.0819 -1.528
1.6966 3.2041
5.7375 3.3006
4.2585 5.5179
2.7628 5.6744
2.9112 3.4446
3.4962 1.2167
5.1337 4.3619
6.5575 6.6364
1.4116 0.95189
0.42939 1.5969
2.0394 3.3349
2.4656 1.7917
2.4145 2.0378
3.5728 1.1128
5.7981 4.4605
2.0518 4.2825
5.6947 5.3174
8.3075 5.8135
2.7499 2.0469
3.1583 5.3329
1.3186 2.1777
5.0529 2.9336
5.7817 8.6686
2.7753 2.1678
1.855 1.5062
3.7912 4.8448
3.0321 0.75162
1.4762 1.6412
2.0385 3.6601
3.5002 4.6672
5.0572 4.1217
1.331 3.2052
3.4318 1.9915
2.4973 2.0677
1.1927 2.5351
3.5153 2.7687
3.4454 3.2277
4.688 3.3518
3.7107 4.9516
6.2286 4.3255
5.3197 4.823
1.7081 1.9007
