9.4 4.8 -15.711
5.4 9.6 1.1621
1 -3.2 5.1817
13 -5.2 10.591
3.8 -6.4 24.527
11 -3.2 4.6607
1 5.2 4.5839
7.8 5.6 -12.035
-5.4 -3.2 -32.308
8.2 -6.4 28.448
2.6 5.6 -1.4287
1.8 7.6 4.4351
8.2 -1.6 3.1393
6.6 1.2 -7.4355
10.2 7.2 -26.323
-4.2 8.8 -4.1221
1 -0.4 -0.095288
0.2 2.4 -7.9419
6.2 -5.2 26.571
2.6 2.4 -0.82686
9.4 4.8 -15.711
5.4 9.6 1.1621
1 -3.2 5.1817
-5.8 -0.4 -29.021
-1.8 4.4 -9.1185
-4.6 3.6 -23.535
-1.4 -1.6 -8.2396
10.6 6 -22.89
-5 12 7.0913
3 6.8 7.4704
-0.2 -4 1.9376
1.8 -1.6 4.2432
11.8 6.4 -28.291
9.8 1.2 -7.5957
3 10.8 14.324
7 -6.4 29.781
-2.6 -2.8 -13.046
-4.2 6.4 -13.945
-0.6 -1.2 0.72727
2.6 0.8 -0.78906
1 8 -0.35883
9.8 4.8 -15.982
3 10 6.63
-5.4 8 -11.94
-4.2 3.2 -16.67
2.6 9.2 5.7947
-0.6 -0.8 -8.0196
-3.4 7.6 -7.5834
5 4 0.19446
9.4 8 -12.842
12.6 -2.8 -1.2881
7 5.6 -7.2232
0.6 2.8 -2.8234
9 6.8 -19.351
2.2 -3.2 7.9576
-0.6 4 -3.714
4.2 -6.4 27.616
4.6 3.2 0.11266
5.4 0.4 4.8015
10.6 -6.8 30.237
7.4 2.4 -6.0301
8.6 9.6 -16.754
-2.6 4.4 -15.255
10.2 3.2 -14.997
3.4 0.4 4.9055
11.8 12 -29.742
6.2 -2.8 11.696
1 -5.2 16.828
0.6 3.6 -3.8437
1.4 -2 5.3367
3 4.4 -4.3082
4.6 4.8 -2.2109
10.2 4 -21.449
3.4 -7.2 27.273
1.8 0.4 2.6766
12.6 2.4 -30.065
8.2 -7.6 36.595
-5 -2 -28.095
-1.8 10.8 9.8343
1 2 -0.54528
8.6 7.6 -16.143
-1 11.6 18.475
8.6 3.2 -10.923
2.6 3.6 1.5986
6.2 4.4 -5.789
1.4 -1.6 11.685
-0.6 -2.4 0.26502
4.6 -0.8 8.6986
9.8 -6.4 27.61
10.2 8 -20.419
3.8 -6.8 29.867
5.8 4.4 -0.576
5.4 -2.4 13.38
7 0 8.5189
-2.2 -6.8 1.2118
1.8 6 3.6908
-0.6 2.8 -8.8956
-6.2 -6 -34.39
9.4 -7.6 38.173
-2.6 2.8 -11.739
