5.7315 -4.8462
2.6319 -5.4323
3.7849 -1.3223
4.7688 -9.6899
6.2314 -3.3838
6.279 -4.5652
4.0326 0.67211
4.2779 -4.8153
2.2734 -4.1012
4.7758 -3.6898
3.5487 -3.8621
3.9415 -7.402
6.3725 -0.4862
4.9759 0.48256
2.4369 0.34811
4.2713 -3.941
3.4354 -3.101
3.6925 -2.7185
-0.010132 -5.2548
3.0361 -3.8381
8.5653 3.3191
5.7461 2.2206
5.1974 -5.8878
4.9686 0.57656
6.8448 1.2048
4.9102 -0.47619
6.8196 -3.0662
6.3633 0.19924
3.8947 -1.0861
7.2337 -0.65019
6.5715 -0.67315
7.1992 -2.1013
2.7991 -5.1835
3.0472 -6.1345
4.1205 -0.44523
5.4783 -5.0857
3.6696 -6.0113
4.5304 -6.6419
4.7906 -3.167
5.081 -2.7124
2.3879 -4.6212
4.7867 -2.3133
4.1153 -2.9514
6.2217 2.6102
5.5708 -1.9906
8.4454 -2.8343
4.6192 -2.8487
5.5234 -2.0969
6.1531 -5.1917
5.3318 -7.277
3.133 -1.0955
5.9866 -3.7784
7.2827 -3.7416
7.2794 -0.1647
10.082 -4.7847
5.8081 -1.2538
5.2901 -7.4364
5.981 -3.1
3.466 -3.4273
5.2685 2.7959
5.8648 -4.0338
5.9712 -3.9601
7.4629 -5.7028
3.4391 -4.26
2.4854 -2.3398
3.7267 -3.9204
4.2981 -6.013
0.63472 -3.0188
2.7417 -3.5416
4.5624 0.014566
4.8227 -4.2711
4.2465 -0.3533
2.7975 -0.39523
2.0671 -5.1121
5.9742 -1.5572
2.8742 -4.8175
8.448 -1.3378
3.3564 -2.9407
0.35477 -0.77451
3.9949 1.9801
1.7534 -1.47
3.1567 -7.3974
4.043 -7.4141
1.9801 -5.2149
5.5103 -1.0973
6.9047 0.73776
3.6691 -1.6515
7.0109 -4.4987
3.5058 -6.6771
7.5296 -5.8543
6.914 2.376
4.601 -2.8457
3.1132 -1.7388
6.2898 -3.6858
6.3249 -3.642
6.7083 -2.8899
2.2457 -5.719
3.3729 -4.11
4.4614 -3.8084
6.2505 -7.7184
5.4602 -3.512
5.6158 -2.1257
6.2428 -7.1953
5.6918 -2.9766
7.1673 -3.9646
6.0501 -5.1018
6.0688 -4.2562
4.5178 -8.0467
6.6551 0.49958
6.8498 -5.2555
5.9737 -1.8114
4.0014 -5.579
4.7434 -6.5011
1.194 -3.4822
5.1172 -3.8688
5.7023 -5.041
3.0008 -1.4723
2.5075 0.89426
3.8852 -5.2742
4.5134 -1.042
2.7661 0.2971
7.1663 -3.0943
4.068 -3.9231
4.8173 -1.1636
3.5088 -2.762
5.6325 0.2828
4.9456 -5.756
4.4164 2.7186
6.5588 -4.128
7.4424 -1.249
3.4534 0.34722
6.8919 -1.3737
2.1471 1.7692
5.6089 -6.3186
4.7797 0.0018144
4.0735 -4.6731
6.0247 -3.488
4.2031 -5.2948
4.8127 -2.8076
2.2705 -3.0143
3.0992 -8.4762
2.1198 -2.6087
5.1616 -1.2429
5.0168 -3.9938
5.3054 0.88827
4.753 -0.7004
2.7229 -1.6608
7.292 -6.6291
4.5394 -7.2893
4.4848 -0.73449
5.0554 0.53211
3.5825 -5.3974
5.2305 0.57018
6.2273 -2.2601
4.4718 0.15599
4.9135 -1.8025
5.3866 -2.472
8.0081 -0.17093
6.1862 -4.0419
4.9587 -2.0394
3.3298 -3.4511
6.3559 -2.1114
3.5201 -0.51275
3.367 -0.47112
5.3668 -2.8992
5.946 0.16705
4.2531 -6.1392
8.4354 -8.0655
4.9729 -2.2392
3.4577 -3.4836
6.9495 -1.3514
5.8494 -2.0113
0.78067 -1.454
5.607 -3.92
3.5169 -5.5873
4.369 -1.0137
3.9505 0.087597
5.5083 -2.2218
3.4066 -1.9471
5.9305 1.5994
4.7577 1.7479
6.0371 -0.046916
4.5128 -6.508
7.3895 -2.2574
2.7733 -6.997
3.1321 -2.4373
3.4671 -4.5606
5.4378 -4.3063
3.6714 -2.9906
4.7378 -4.482
3.4 -5.7109
2.9489 -6.2804
6.4374 -0.23081
3.9647 -2.7686
4.5455 -3.4716
7.341 -1.1129
6.7554 -3.9474
4.0164 -3.3341
5.077 -2.8446
5.4165 -0.8235
7.8857 -3.2368
5.8462 -3.7673
4.1973 -7.2085
-0.16428 -9.4186
3.5738 -1.4161
3.7816 -4.7156
4.1349 -2.8024
5.1149 -3.5433
3.4143 -5.1917
3.014 -7.2785
2.9015 -1.9305
3.4641 -1.4291
4.8366 -4.5186
4.9952 2.6334
5.5566 -1.4739
2.6005 -2.6501
6.1906 0.76766
1.3312 -4.4075
2.6475 -2.6417
5.3323 -1.1995
3.6848 -5.2498
4.9726 -5.318
4.8884 -5.1997
5.6313 -3.3012
1.1028 -5.374
2.3322 -3.2648
4.7035 -5.1283
5.22 -4.0788
5.1923 -4.4492
4.7492 -1.7551
5.635 -2.412
6.71 -2.0622
3.7955 -1.3772
3.561 -4.1845
4.9255 0.76223
1.2027 -2.02
6.7841 -2.3602
8.5725 -3.3315
2.8532 -6.2788
3.8332 -3.2173
3.0963 -4.0986
3.4467 0.45374
0.32255 -3.9845
7.9086 0.091296
5.6635 -5.9944
3.5489 -0.22128
3.8595 0.30439
8.0456 -0.83831
5.1728 -2.3004
3.4323 -0.48736
