3.6654,2.5275,0
0.4113,1.3052,0
1.5588,1.9024,0
-0.018894,-2.7335,0
-0.22249,2.1694,0
-1.0923,0.40009,0
-0.083,-1.5259,0
1.5758,0.92171,0
-1.1564,-4.892,0
-0.24262,1.6343,0
1.5501,3.8388,0
1.2301,0.51151,0
-1.7256,-0.83598,0
0.21366,2.7152,0
1.8615,0.067284,0
2.2895,1.8203,0
1.6842,-2.1033,0
1.9554,1.2697,0
1.4904,-0.28654,0
0.081593,-2.1896,0
-3.2785,-1.3697,0
-3.5456,1.4777,0
2.2753,0.036898,0
1.538,0.74154,0
1.3152,-1.1481,0
-4.0339,0.17975,0
0.6641,0.79108,0
1.4918,1.1711,0
-0.49536,0.54681,0
-5.3649,-3.2483,0
-1.7459,-0.23368,0
0.38415,1.8534,0
-0.96939,0.21378,0
4.285,2.1809,0
-1.8274,-2.0197,0
0.57059,0.562,0
0.20355,2.3755,0
3.8745,2.3548,0
3.6859,0.99393,0
0.12002,1.3055,0
1.5849,-0.80744,0
-0.80747,1.5397,0
1.436,-0.10249,0
-3.0921,-2.9816,0
-2.0805,3.9415,0
2.9572,2.1545,0
2.6016,-0.026729,0
0.0609,-1.1002,0
0.36609,0.67113,0
0.31612,3.2033,0
-2.6534,2.1808,0
-1.1144,3.4637,0
-0.8721,0.59795,0
-2.6265,-2.7767,0
-0.35115,-3.2366,0
0.26088,3.7332,0
-3.4466,-2.3847,0
0.64122,-0.85634,0
-2.3944,-3.2972,0
-1.425,-0.9994,0
-0.80822,-0.31398,0
0.071892,0.08158,0
2.1867,0.066079,0
1.0425,-1.3544,0
-0.93386,-2.1907,0
1.415,2.444,0
-2.8665,0.89606,0
-4.2496,-0.1489,0
-0.24616,-1.7266,0
3.1438,0.33775,0
-5.0826,-1.0247,0
-2.3673,-2.4535,0
2.2523,-0.69505,0
-0.52744,-1.3165,0
-1.913,-3.2298,0
-2.0666,-0.8611,0
-0.11872,2.5116,0
2.5011,0.47767,0
-0.43499,1.9842,0
2.557,0.26313,0
-0.44578,3.4508,0
-0.36228,-1.3968,0
-3.0741,0.87575,0
2.4564,2.8192,0
0.92139,1.7939,0
0.45706,3.4119,0
-0.89191,-0.19302,0
0.34835,2.2945,0
-1.121,-0.58709,0
-0.2559,0.076677,0
-0.4298,1.8171,0
1.621,0.3959,0
2.0396,-0.61011,0
-0.62398,0.27515,0
1.5393,1.3806,0
-2.2527,2.4595,0
-0.011652,-0.96516,0
-2.8539,2.2614,0
0.8667,-0.22888,0
1.9055,-0.99028,0
0.039572,1.1011,0
-0.20295,-1.8272,0
-0.9822,-2.8755,0
-1.6086,-0.57332,0
0.31854,-0.82461,0
2.1651,-1.9319,0
-1.0351,-1.9183,0
0.82568,0.3291,0
-0.7887,1.7481,0
0.50416,0.19776,0
-1.7125,1.6516,0
-1.7876,1.8255,0
-1.523,-1.4608,0
0.038282,0.98773,0
-1.7653,-0.51282,0
-0.66055,-0.80586,0
1.3255,-0.7208,0
-1.7377,-3.6078,0
0.26508,2.3365,0
0.34725,-0.94772,0
0.068615,0.13584,0
-0.923,-0.9805,0
-1.3822,-2.1363,0
2.7586,2.014,0
-3.2002,-1.0505,0
-3.5276,1.0231,0
0.19009,0.89342,0
2.7529,1.9954,0
0.62477,-2.281,0
0.29219,-0.46549,0
1.4901,2.4227,0
1.9765,2.3484,0
-1.2569,-1.3823,0
-0.71021,0.11225,0
-0.44203,-2.8691,0
1.0346,-0.11865,0
-0.7426,-0.21556,0
-0.24221,-1.2355,0
1.587,-0.66774,0
-0.35932,-1.5126,0
-0.47328,0.63094,0
-1.1644,0.59505,0
1.0463,2.5802,0
-2.1669,-0.65571,0
-3.4536,0.68384,0
2.0572,-0.91964,0
-2.2195,-2.2099,0
-0.52216,-0.63222,0
-4.8256,1.4426,0
-1.0901,1.5325,0
-1.273,-1.1587,0
-2.068,1.4491,0
-2.0269,-2.7112,0
1.3607,3.2436,0
4.3481,-1.1077,0
0.90818,2.2351,0
-3.7954,0.11338,0
2.9538,0.94985,0
-1.119,-0.67005,0
-3.0662,-1.8867,0
-1.1546,2.7275,0
1.1907,0.10764,0
0.46615,-0.17577,0
1.1142,-0.020835,0
3.1381,4.8064,0
-1.5696,1.2173,0
-5.2415,0.28454,0
-0.30817,-0.16756,0
0.24085,2.912,0
0.4223,-0.4662,0
-1.9594,0.86459,0
-1.1855,-0.22107,0
-1.192,0.55018,0
1.2719,-0.5074,0
-1.0281,-0.53189,0
-0.17566,0.14891,0
3.6824,0.16941,0
-3.3239,0.61426,0
0.654,-0.61769,0
0.21782,2.1947,0
-0.14228,0.80357,0
2.1158,-0.03837,0
-0.40946,-3.3542,0
-3.6034,-1.674,0
1.3615,-2.1256,0
-0.7441,-0.75934,0
-2.3995,-0.61224,0
0.76036,-0.52376,0
0.92238,0.38635,0
-1.1555,-0.57739,0
-2.384,-1.3105,0
1.3778,0.89314,0
1.921,-2.9552,0
1.2424,-0.38688,0
-5.6752,-2.5519,0
1.2194,1.9061,0
0.028492,-1.3498,0
-0.64387,2.2416,0
-0.26847,-1.8754,0
2.111,-1.4932,0
0.033315,-1.4135,0
0.8536,-0.94502,0
-0.68099,-0.030875,0
-2.0233,2.2297,0
-3.8514,-1.879,0
3.7393,0.19009,0
-1.2027,0.75866,0
1.2967,0.15266,0
-2.3468,-5.6929,0
-0.91466,-1.3859,0
0.014392,-3.2308,0
0.79771,-1.4582,0
-0.75205,-3.099,0
0.046337,2.277,0
-1.9304,-0.7564,0
-0.11544,2.0029,0
-2.4253,1.3793,0
0.93489,1.1262,0
-0.13133,-2.8881,0
0.26092,3.2884,0
0.017288,0.073186,0
-0.15532,1.8052,0
-0.88558,-2.9732,0
-3.3542,0.91873,0
-1.6946,-3.7531,0
1.897,0.10018,0
-2.8194,-1.2098,0
2.6228,3.3495,0
-2.0186,2.2143,0
3.4751,0.87764,0
0.67958,2.0311,0
-1.2994,0.13991,0
-1.4872,-1.5708,0
2.4883,0.57255,0
-1.2055,-3.9485,0
-0.30606,1.7046,0
1.1667,-2.0364,0
-1.8566,-0.51183,0
-0.42792,5.9461,0
1.3075,1.1305,0
3.2339,3.9559,0
-0.82024,1.3516,0
0.036554,4.3575,0
-1.9259,2.5239,0
0.41262,-3.6666,0
0.24786,0.11166,0
-0.014057,2.2546,0
-0.80603,1.3662,0
0.52306,1.205,0
-1.5723,3.3742,0
2.6706,4.7938,1
4.042,6.3699,1
3.3903,3.1825,1
3.7998,4.7436,1
2.9837,2.6258,1
6.3701,3.4095,1
2.6475,6.2273,1
3.0098,1.6417,1
1.3359,3.41,1
-0.13053,6.509,1
3.2487,6.4165,1
7.2417,7.137,1
2.5667,5.052,1
4.8831,2.0936,1
4.0705,5.278,1
3.6697,6.753,1
4.794,5.7329,1
3.09,4.6423,1
2.1662,4.7939,1
1.917,2.1309,1
4.6851,7.4954,1
1.5295,3.2436,1
2.0091,5.3675,1
4.1365,4.6898,1
3.2361,3.274,1
1.8155,2.5214,1
2.4654,3.2572,1
4.1402,3.7023,1
2.3017,4.3652,1
4.0233,6.2568,1
3.3218,4.5264,1
1.8983,4.262,1
2.6304,6.0181,1
2.9063,5.13,1
2.8339,6.3388,1
2.6221,2.4678,1
3.8151,5.8753,1
1.5103,4.5753,1
2.3705,3.8165,1
2.1437,5.3149,1
2.4421,4.7055,1
4.1938,5.3102,1
3.8888,4.555,1
3.7419,6.1295,1
1.6575,4.7104,1
3.0227,5.8065,1
4.8482,3.3659,1
4.0341,4.612,1
4.3269,1.9843,1
2.9834,3.8647,1
2.9883,5.3806,1
3.4637,5.0461,1
1.1492,3.5281,1
6.1772,4.3238,1
4.4318,6.1576,1
2.054,4.0985,1
3.4224,3.6626,1
2.547,5.1392,1
1.2468,4.0306,1
3.285,3.9466,1
4.0043,2.8761,1
3.8544,1.494,1
5.0044,6.4704,1
2.1894,2.8899,1
2.9878,8.1882,1
2.0216,3.039,1
3.2889,4.7736,1
2.2117,3.0155,1
1.8633,6.0257,1
2.2652,4.6641,1
4.3531,1.136,1
1.8557,4.0235,1
4.2742,3.5091,1
0.95504,6.1864,1
0.68131,4.4336,1
2.3869,4.218,1
2.4233,5.2478,1
4.328,1.8791,1
3.8835,5.4596,1
4.2637,4.0199,1
2.7131,5.0866,1
2.1653,3.7837,1
2.8771,3.9964,1
1.9938,4.9384,1
6.5429,-0.54185,1
1.3366,4.5418,1
0.79041,5.6802,1
4.476,6.315,1
4.3411,5.1424,1
1.9397,4.1964,1
5.5252,4.0989,1
1.1478,5.3568,1
4.6376,6.8652,1
2.3451,4.8226,1
1.135,3.3494,1
3.2404,4.022,1
1.5339,1.4555,1
4.0776,4.6634,1
3.9022,3.7448,1
6.7476,4.688,1
5.7245,5.3081,1
3.4542,6.9131,1
4.3561,5.3189,1
4.3472,4.9741,1
2.6574,3.8218,1
3.6404,5.2727,1
4.77,5.4715,1
2.7819,4.4219,1
2.6658,4.5783,1
2.2358,3.3766,1
5.0541,4.9974,1
4.3677,2.7805,1
3.5944,2.9788,1
3.4176,1.1694,1
2.4406,3.7288,1
5.53,5.8867,1
4.4528,6.2056,1
6.2776,4.2447,1
2.9784,7.5935,1
3.559,5.4025,1
2.4737,5.3547,1
4.6122,2.9543,1
3.9687,5.7108,1
2.1331,7.0697,1
2.0847,6.0766,1
4.6134,3.6928,1
3.7894,5.8295,1
3.1702,4.2869,1
3.386,4.7776,1
2.5647,4.4469,1
4.0423,6.1444,1
3.4783,4.8599,1
5.8006,6.5363,1
2.8522,3.4186,1
3.5233,4.0085,1
2.0032,3.6833,1
1.6926,2.8958,1
3.8144,4.5477,1
3.7738,3.4543,1
5.8136,5.5588,1
3.8855,3.1172,1
2.2471,1.3817,1
3.1343,1.5951,1
2.3851,2.9749,1
2.619,5.3624,1
1.0137,4.6006,1
4.2467,2.7623,1
2.1745,3.9862,1
3.8548,3.5579,1
4.6172,6.0709,1
3.8289,5.4163,1
7.0033,6.0616,1
3.0835,4.5058,1
3.3196,5.9602,1
2.6578,4.5326,1
4.9613,5.5206,1
2.8116,6.8384,1
-0.43832,5.5578,1
2.1772,5.84,1
2.9712,4.1577,1
2.7191,4.6411,1
4.746,3.0015,1
5.5789,4.2169,1
3.5515,4.9317,1
1.949,4.0802,1
3.3461,3.8797,1
2.6536,4.8822,1
2.315,4.3489,1
3.4618,3.2598,1
3.0051,5.0285,1
4.268,4.9411,1
5.927,4.2137,1
3.1774,5.8725,1
3.097,5.0022,1
5.2963,4.4835,1
1.7798,6.1335,1
2.4524,3.8838,1
6.3791,3.3935,1
3.9451,4.1631,1
2.6755,4.0597,1
2.2299,2.9102,1
3.7943,5.1583,1
2.716,3.2252,1
3.8004,3.5712,1
3.0322,4.7594,1
4.3257,2.1601,1
2.6927,6.1814,1
2.7474,5.2906,1
2.6527,5.8839,1
4.0148,6.4224,1
3.6438,3.548,1
4.2181,4.3874,1
2.42,6.278,1
3.3527,5.4487,1
5.6756,2.5466,1
2.9171,5.7187,1
4.1818,3.183,1
1.5742,4.0195,1
4.6244,3.6947,1
4.4874,4.9186,1
1.4712,5.351,1
3.6296,4.5951,1
4.4408,4.5719,1
3.6754,6.6349,1
-2.1677,3.4541,1
4.2748,3.8249,1
4.5103,4.6917,1
1.5366,8.439,1
3.7118,6.3908,1
3.5007,5.2442,1
4.2004,5.1836,1
3.3066,4.6317,1
1.9584,7.3636,1
4.6015,7.3403,1
1.9343,5.3717,1
2.1674,4.6897,1
2.5111,5.9691,1
1.736,5.7167,1
3.3897,3.9219,1
4.156,5.6446,1
3.1857,5.9038,1
6.2575,6.1461,1
6.2898,5.6156,1
2.1055,5.8525,1
3.7239,5.6698,1
5.1295,4.809,1
3.4017,2.133,1
4.7149,6.5184,1
5.2466,7.1034,1
3.4294,6.8594,1
3.6898,4.8731,1
5.393,6.5914,1
4.973,5.5775,1
4.1283,4.6034,1
4.3256,4.5591,1
2.2684,5.2999,1
3.4,3.2212,1
2.9737,5.3049,1
6.4615,3.6529,1
3.2716,4.1391,1
3.76,4.3631,1
4.1295,5.7376,1
2.7988,4.3756,1
4.3556,3.1695,1
4.739,2.1205,1
2.045,5.9943,1
2.9798,3.2885,1
3.7627,5.596,1
4.1657,3.5303,1
4.1767,6.0291,1
