10 -7.2 148.99
0.8 -8.4 44.793
8 -5.2 84.667
-2 3.2 12.6
4.8 3.6 -3.3237
-8.4 -5.2 43.035
5.2 -8.4 97.017
-0.4 3.6 8.452
-1.2 5.6 21.065
5.2 -3.6 40.764
3.6 -0.8 14.353
7.2 5.2 17.808
-7.2 6.8 94.156
-2 -2.4 2.0503
-2.8 0.4 12.378
3.2 -7.2 52.829
-0.4 0.4 2.4447
6.4 2.8 9.1055
2.4 7.6 12.297
-2 -5.2 12.554
-8.8 -2.4 59.637
-4.8 2.4 39.318
-7.6 1.6 57.512
-4.4 -3.6 14.528
7.6 4 19.681
-8 10 151.61
1.7764e-015 4.8 7.6575
-3.2 -6 13.881
-1.2 -3.6 9.6888
8.8 4.4 17.449
6.8 -0.8 31.788
1.7764e-015 8.8 34.166
4 -8.4 69.76
-5.6 -4.8 33.697
-7.2 4.4 68.41
-3.6 -3.2 23.79
-0.4 -1.2 1.7276
-2 6 27.759
6.8 2.8 15.761
1.7764e-015 8 25.15
-8.4 6 107.75
-7.2 1.2 47.679
-0.4 7.2 5.1825
-3.6 -2.8 28.996
-6.4 5.6 82.397
2 2 3.4982
6.4 6 -2.562
9.6 -4.8 118.39
4 3.6 0.24578
-2.4 0.8 10.584
6 4.8 5.5299
-0.8 -5.2 19.234
-3.6 2 21.49
1.2 -8.4 44.235
1.6 1.2 -8.7438
2.4 -1.6 2.9991
7.6 -8.8 134.76
4.4 0.4 5.8015
5.6 7.6 -6.8535
-5.6 2.4 37.743
7.2 1.2 41.886
0.4 -1.6 1.6773
8.8 10 26.93
3.2 -4.8 32.1
-2 -7.2 24.99
-2.4 1.6 12.993
-1.6 -4 3.3834
1.7764e-015 2.4 5.6036
1.6 2.8 8.9159
7.2 2 20.809
0.4 -9.2 45.281
-1.2 -1.6 -2.7361
9.6 0.4 70.009
5.2 -9.6 97.701
-8 -4 44.294
-4.8 8.8 85.179
-2 1.7764e-015 11.199
5.6 5.6 5.5531
-4 9.6 71.687
5.6 1.2 14.25
-0.4 1.6 -6.4469
3.2 2.4 8.8039
-1.6 -3.6 -0.49713
-3.6 -4.4 7.2259
1.6 -2.8 2.3898
6.8 -8.4 120.92
7.2 6 16.584
0.8 -8.8 41.861
2.8 2.4 -6.5056
2.4 -4.4 26.488
4 -2 12.299
-5.2 -8.8 33.207
-1.2 4 13.156
-3.6 0.8 15.677
-9.2 -8 41.217
6.4 -9.6 125.2
-5.6 0.8 28.488
-1.6 -0.4 0.37375
10 5.2 37.501
0.8 -2 5.6673
-4.8 2 16.522
-3.2 10 66.062
-2 -4.8 16.12
6 -4.8 53.084
-8.4 1.6 80.649
7.2 -4.4 75.952
7.2 -5.2 81.795
-8.8 1.7764e-015 64.337
-6 -5.2 11.986
-3.6 4 33.921
-2.8 1.7764e-015 -2.2908
-3.6 -4.8 9.2706
7.2 -2 58.977
-2 -3.2 -0.65398
3.6 -2.8 19.676
5.6 -0.4 24.28
4.8 -6.4 55.737
5.2 -0.4 20.281
4.4 1.2 10.014
-6.4 -0.8 34
-4.4 10 87.344
-5.2 -8.4 25.038
6.8 -5.6 65.531
-7.6 -6.4 30.972
-5.2 -2 28.856
2 1.7764e-015 -1.8895
3.2 6.8 5.695
1.2 1.6 1.7415
-5.2 0.4 30.024
1.7764e-015 9.6 26.479
6.8 3.2 19.085
9.6 -6.8 139.39
8.4 -1.2 60.463
4.4 -5.2 45.609
-0.8 -3.2 2.564
-2.8 -1.2 -1.7115
9.6 -1.6 80.891
-3.6 8.8 61.74
5.2 -8.8 86.304
4 -8 73.892
-4 4.8 35.953
8.4 8 22.18
-4 2 22.006
-4.8 2.8 32.893
-7.2 -8.4 23.193
-6.8 8.4 108.25
2.8 5.2 3.5945
-4.8 9.6 93.541
-7.6 2 58.254
8.4 4.4 32.249
0.4 10 37.577
2 1.2 -13.72
-3.2 -5.6 17.884
1.6 2 -4.633
7.2 10 14.61
-4.4 2 20.488
-1.2 -6 23.198
2 4.4 6.6617
-4.4 9.6 88.388
-9.2 1.2 70.412
-9.6 1.2 94.273
-9.2 -2 62.115
4.8 6.4 -0.12074
4.8 -0.4 15.258
10 6.8 30.184
-7.6 7.6 119.34
4.4 -7.2 58.485
-8.8 6 116.68
1.7764e-015 -8.4 31.392
-2 7.6 32.102
1.7764e-015 10 39.707
4 1.2 13.784
5.2 5.2 2.0865
-6.4 -3.2 35.369
-8.4 2.4 84.043
6.8 -8.8 125.78
3.2 -2.4 9.9329
-9.2 -9.6 56.696
6 -5.2 71.449
2 4 -2.73
-5.6 -6.8 26.046
7.6 -4 77.343
8.8 -5.6 116.48
9.6 2 50.06
-8.8 -1.2 72.356
-2.4 2.4 9.1128
-3.6 -2 4.6476
1.6 -9.6 58.079
-4 -4 15.932
-8.8 9.6 162.01
-2.8 -4.8 -4.3639
2.8 6.8 2.0147
2.8 6.4 -3.6357
-7.6 -3.2 43.278
-6.4 8 95.674
-7.2 10 142.21
-1.6 8.4 33.523
-2 2.8 14.022
-8.8 2.8 90.859
-4 3.2 35.336
-6.4 -7.6 30.417
8.4 -3.6 72.726
-6.4 3.6 57.814
8.4 6 21.834
-6.8 -6.4 32.744
-6.4 -5.6 25.565
4 -4.8 42.5
-4.8 -3.6 24.303
7.2 -4 67.083
5.2 6.4 0.21649
0.4 -3.6 13.691
-9.6 -6 52.468
-1.6 -2 0.45831
8.4 4.8 27.877
-4.4 1.2 18.31
-0.8 2.4 4.5376
8.8 -4 93.125
5.6 3.6 12.795
4 6.4 8.9494
8.4 1.6 35.995
-8 -1.6 43.188
-6.8 1.2 39.837
-6.4 -1.6 28.316
-3.6 -6.4 15.807
3.6 -0.4 19.154
-6.8 -7.6 12.746
0.4 -5.2 15.017
8 6 28.991
-4.4 1.7764e-015 16.98
6 2.8 18.158
-7.2 -2.4 36.105
3.6 2 -5.8259
-5.6 -1.6 14.725
3.2 0.4 -3.3201
0.8 5.6 7.2969
-1.2 4.4 11.736
-5.6 -1.2 13.319
-9.6 4 116.45
3.6 1.7764e-015 9.4774
-3.2 7.2 51.564
5.6 4.4 4.1566
6.8 6.8 2.8242
-2.8 -0.4 12.152
-7.2 -8.8 43.453
9.6 5.2 30.183
3.6 6 8.3565
-5.2 -1.2 21.539
-0.4 -7.6 15.26
-8 3.2 74.741
-5.6 -0.8 16.363
-1.6 0.8 -1.9348
9.6 6 28.901
-6.8 6.8 97.814
10 -6.8 150.15
-2.4 -5.2 11.321
4 -6.4 45.009
-2.8 3.6 26.75
-9.2 -1.2 73.381
5.6 -2.8 28.111
-6 9.2 101.18
-9.2 -3.2 60.236
-1.6 0.4 6.221
6.8 -4.4 67.25
-7.2 -9.2 39.228
0.4 0.8 -1.0489
0.4 -6.4 27.368
-4.4 -7.2 10.558
2 6 10.219
6.4 2 23.431
-0.4 -5.2 16.223
-8 9.2 142.05
-1.2 2 0.10672
4.4 8 14.555
-4.4 -4.8 19.925
3.6 -9.6 77.254
0.4 0.4 -6.0077
3.2 1.7764e-015 6.7337
-5.2 10 89.173
4.4 4.8 3.2874
-4 8.4 64.904
-6 6 81.319
-3.2 3.2 18.215
-3.6 1.2 21.706
7.6 6.4 13.002
6 3.6 8.9723
1.2 -1.6 8.3806
-6.4 -8.4 36.707
2.4 7.2 2.2765
5.2 -2.4 39.508
7.6 -3.6 60.179
9.6 -8.8 166.52
-9.6 10 183.1
5.6 -6.8 74.008
8.4 2.8 34.934
9.2 -4.4 115.5
-2.4 -4 8.1964
2 -2 12
8.8 -5.2 100.75
9.2 0.4 58.472
-0.8 3.6 11.844
1.2 8.8 6.117
6.8 8 4.7724
4.4 6.4 -1.5901
-1.6 -2.4 0.93305
-2.4 -9.6 26.456
0.4 -6.8 36.781
5.6 -6 54.016
-7.2 3.2 72.739
-3.2 -4.4 0.54187
6 8.4 16.435
7.2 1.7764e-015 35.037
1.7764e-015 7.2 5.9805
1.2 3.2 -9.7988
-0.4 8 24.583
3.2 -5.6 43.977
2.4 4 3.8088
-6.8 -2.8 27.373
4.8 6 7.1893
4.8 -4.4 46.945
7.6 -2 55.447
1.6 -4.8 5.1625
3.6 -2 25.384
-9.6 -3.2 62.186
9.6 -2.8 80.948
5.2 -4.8 52.339
-1.2 7.2 22.422
3.2 -4.4 34.001
5.6 -1.6 39.607
7.6 0.4 41.004
6.8 4 13.42
-5.6 5.2 56.985
-4.4 9.2 77.38
-9.2 -0.4 64.834
-3.6 9.6 68.046
2.4 -7.2 52.369
-6 -8.4 27.702
-4.8 -0.8 22.711
0.8 1.2 -0.84284
7.2 -0.4 37.661
8 -6.4 104.1
4.8 -1.6 30.038
-4.4 -8 22.725
-9.2 4.4 110.12
-0.8 8.4 29.926
6.8 0.8 28.76
-2.8 5.2 45.071
-2.4 -2.4 14.376
-6 -6.4 19.033
-9.2 -8.8 54.127
-2.8 -8.8 30.711
-1.2 1.6 8.7355
1.6 5.6 4.6269
-4 -2 18.712
-3.2 -7.2 21.901
-1.2 6.4 18.809
-6.8 2 54.835
3.6 8.4 4.9587
8.8 -4.8 98.305
-8.8 -8.8 48.229
-9.2 4 115.34
-6 9.6 115.96
7.2 7.2 22.189
3.2 -9.2 77.18
-0.8 -7.2 13.718
-8 -5.2 35.307
-8.4 -4.4 36.659
-2 -7.6 23.066
-2.4 4.4 30.502
10 -5.2 119.88
2 -2.4 14.681
8 -3.6 77.009
-9.2 -5.2 55.341
2 6.4 12.547
-7.6 3.6 71.858
-8.4 -2 56.768
1.2 -0.8 -0.3151
9.2 2.4 43.529
-3.6 1.7764e-015 9.3727
-8.4 0.8 64.763
8.8 3.2 35.93
-2.8 -2.4 5.1167
8.8 -6 113.35
-9.6 -4.8 61.577
2.8 -4.4 24.882
-6.8 -0.8 41.423
6 4 13.684
1.7764e-015 -2 8.3941
0.4 6 0.49633
-2.8 0.8 19.576
-0.8 6.8 9.65
-5.6 -5.2 29.407
-2.4 3.6 20.9
-8.8 0.4 68.102
-6.8 9.6 122.13
10 -1.6 85.253
-9.6 9.6 188.44
8.8 8.4 20.706
-3.2 -6.4 27.88
-5.2 -8 29.499
3.2 -3.6 24.066
-0.8 -9.6 38.246
10 -0.4 73.069
-6.8 8.8 116.66
0.4 -8.8 30.615
-8.4 1.7764e-015 66.62
-5.6 -4 29.33
-4.8 6 60.479
-3.6 3.6 24.191
-8.4 -4 33.785
2 3.6 -1.2041
8.4 -5.6 111.52
8.4 -2 62.895
-5.2 -5.6 22.594
3.6 -6.8 49.552
-3.6 1.6 11.349
0.4 3.6 -2.8994
2.4 -0.8 4.7076
-6 -6.8 25.849
0.4 1.7764e-015 -5.874
-8.4 6.4 126.6
-9.2 7.2 135.74
8.4 -4 87.29
-4.4 8 70.009
-7.2 2 45.909
6 -0.4 22.568
6 1.6 9.0853
1.6 -9.2 47.142
-2 4 14.643
2.4 0.4 5.3741
-1.6 -1.6 5.313
1.2 -6.8 27.14
-9.2 1.7764e-015 65.402
-3.6 -6.8 7.2622
-4 10 71.424
-2.4 8 31.908
3.6 -8.4 62.378
-6 7.2 73.74
-4 -8.4 23.869
-4.4 2.8 27.072
5.2 8.8 -3.9645
2.8 8.4 -4.9731
-8.8 -2.8 52.831
3.6 -1.6 11.192
7.6 9.6 12.723
-9.6 -2.4 61.9
-5.2 4.4 52.63
10 6 34.77
-2 -6 14.112
-7.6 10 141.64
8.8 8.8 14.646
2 3.2 -7.627
-8.4 -3.6 37.243
-2.4 -1.2 1.2733
-7.6 8.4 123.85
-1.6 -8.8 15.391
-4 1.6 18.683
9.6 3.2 53.47
8.8 -0.4 60.027
3.2 -6.8 42.205
6 8.8 7.7338
3.6 -4 34.32
9.6 -1.2 91.49
1.2 6 12.379
-9.6 -2 67.258
2 -1.6 -0.45826
-7.2 -0.8 51.149
4 1.6 1.8483
-2.8 -1.6 6.3694
6 -3.2 52.783
-7.6 6 92.544
7.2 -9.2 123.14
9.6 -8.4 163.74
-3.6 5.2 28.572
-8.4 -8.8 43.4
-5.6 2 34.067
7.2 -6 78.871
-7.2 -9.6 33.677
3.6 -5.6 46.402
-8.8 2.4 95.743
6.4 10 10.665
-4.4 -6 29.18
-2.4 -7.2 19.319
-4 5.6 56.114
8 -0.8 59.252
-9.6 -3.6 65.843
8 2 29.705
1.2 7.6 4.3355
-6.4 -9.2 20.081
7.2 0.8 26.909
-7.2 2.8 69.277
8 5.6 8.7018
-2.4 4.8 11.147
-7.2 -7.2 28.733
-8.8 2 89.886
-6 0.8 37.952
-2 0.4 10.268
-8.4 -6 40.627
-4.8 4.4 41.613
-6 3.6 41.05
-6 -5.6 20.216
8 -7.2 124.61
-5.6 -2.4 28.754
-2 8.8 38.669
9.2 1.6 48.27
-9.6 2.8 107.72
-7.2 3.6 73.537
9.2 -9.2 157.42
-3.2 4 15.378
10 -2.4 85.234
9.2 -1.2 66.686
-8.4 -4.8 48.417
6.4 6.8 2.1763
-8 -6.4 44.839
8 9.2 26.88
-0.8 -7.6 20.451
0.8 3.6 -1.5965
1.2 10 30.86
1.6 1.6 3.2063
-8 -8.4 30.014
8 7.2 10.065
6.8 -5.2 71.129
6 -8.8 98.294
-5.2 1.7764e-015 21.215
6.8 6 2.7916
7.2 2.8 13.413
-9.6 6.4 131.79
3.6 9.6 15.332
-2 -5.6 4.6558
-9.2 6.4 138.85
1.6 4.8 3.8113
7.6 4.8 19.078
9.2 4.8 36.496
-9.2 -6.4 37.788
8 -8.4 125.05
-1.2 -9.2 40.707
1.7764e-015 2 -2.7539
6.4 4.8 -0.39851
9.6 8.4 28.607
-1.6 -8 29.244
0.8 6.8 3.4291
-3.2 7.6 41.702
6.8 -9.2 115.92
-2.8 2.8 16.094
-5.2 -6.8 24.846
8.4 -2.8 66.856
-1.6 -4.4 6.5812
-2 3.6 25.966
2 -4.4 19.381
-5.2 -7.6 9.1287
-2.4 -4.8 12.243
-4 4.4 42.651
-6 6.4 77.852
-9.6 -9.6 52.305
-4 -6.4 18.013
1.6 -1.6 -5.9862
1.6 4.4 -5.4385
7.6 -6.8 101.12
3.6 -6 38.358
5.2 2.8 12.689
2.4 5.2 -7.9403
-4 5.2 40.037
6 6 13.401
-6 -1.2 32.103
-2.4 -6.4 11.643
-2 0.8 4.6189
0.4 2.8 1.9376
-7.6 -4.4 31.432
-4.8 0.8 21.582
8 -2.8 62.934
-9.6 3.2 108.71
6.4 8.8 8.5402
-9.6 6 128.39
1.2 -9.6 55.418
-8.8 1.6 83.322
3.6 -8.8 62.233
10 4.8 39.18
2 -5.6 32.002
-7.2 8.8 115.98
10 9.6 26.293
7.2 3.6 25.24
6.4 -7.2 83.592
3.2 -0.8 8.5138
1.2 -3.6 9.8718
7.2 -7.2 106.66
3.2 6.4 -10.344
4.4 -2.4 32.945
-4.8 8.4 67.678
1.7764e-015 6.4 11.498
-8.8 7.2 131.96
2.8 10 11.283
-6 7.6 92.701
-8.4 6.8 121.47
-4 -1.6 13.964
-0.4 -8.4 24.366
-4.4 -6.8 30.401
4.8 -3.6 42.085
3.6 0.4 6.085
-3.2 8 52.254
3.2 0.8 2.4406
9.6 -3.6 98.408
-9.6 -8 68.096
1.7764e-015 -8 35.654
2 0.8 0.93612
-8.8 -1.6 54.494
3.2 -9.6 70.158
10 2.8 46.862
-0.8 0.4 -11.156
-2.4 9.2 47.284
7.6 10 26.796
-9.6 -6.8 56.031
0.4 -2 5.4047
7.6 5.2 20.023
6.8 -9.6 135.87
-4.4 -2.8 15.22
9.6 -9.2 184.15
5.2 -6.8 59.94
-5.6 -3.6 17.703
-1.6 -3.2 7.7765
1.2 -9.2 57.017
-5.2 2.8 33.498
8.8 6.8 24.621
-3.2 4.8 30.593
-5.2 -4 22.988
10 -2 99.363
-2 5.2 20.575
0.4 9.2 21.171
-9.2 8.4 158.34
-1.6 -6.4 18.473
-8 4 94.638
-6.8 2.8 63.186
-5.6 9.2 84.51
-8.8 -4.8 44.913
-2.8 -8.4 24.517
-8.4 -9.6 55.174
4.4 5.2 -4.2479
7.6 -2.4 54.578
7.2 -6.4 98.622
-0.4 5.2 11.026
7.6 2 34.611
1.6 -8.4 45.427
-5.2 8 78.11
4.4 4 -10.336
1.7764e-015 -0.8 -3.8155
-4.4 -0.4 10.678
-5.2 1.2 34.414
1.7764e-015 -6 17.89
-6.4 -4.4 22.208
6.8 -3.2 46.222
2.4 10 17.739
5.2 0.4 2.9555
6.8 5.2 3.1449
-1.2 -1.2 7.2025
9.2 -8.8 174.26
2.4 -6.4 39.381
2.8 4.4 -11.439
8.8 2.8 40.884
1.7764e-015 -1.2 -0.85841
3.2 -8.8 72.419
-4.4 -8.4 22.657
0.8 -6 19.541
-8 -3.2 39.345
-7.2 -4 22.546
-0.8 10 47.852
-6 -1.6 26.585
-8.4 1.2 68.067
8.8 5.6 29.689
8 -6.8 118.83
0.8 1.6 -0.96677
-9.2 5.2 126.53
-0.8 -0.8 5.536
-6 -7.2 12.386
0.8 -9.2 40.768
10 -8.4 173.37
8 -2.4 66.427
-4 -5.2 9.1313
3.2 -4 20.231
-7.6 -5.6 28.596
-0.8 8.8 26.353
4.4 -9.2 89.46
6.4 -6.4 82.133
9.2 -6.8 137.15
-7.2 -8 34.104
-3.6 9.2 64.501
-6.8 6.4 88.026
5.2 1.2 -1.5716
6 7.6 0.91714
-5.2 6.4 67.217
-1.2 -0.8 -6.8971
-9.6 0.8 88.199
7.6 2.4 37.328
-0.4 -0.4 -10.524
8.8 -8 151.67
-0.8 9.6 39.771
5.2 8.4 9.0938
-2.8 -5.2 -2.503
8.4 -9.6 160.46
8.4 3.6 33.114
4 2.8 -1.7427
0.4 2 -1.4541
-4.4 8.4 75.292
-3.2 6.8 43.762
0.8 8 10.855
2 -4.8 7.043
-5.6 -8.4 25.707
-2 6.4 28.538
-5.6 8.4 91.444
8.4 10 27.293
10 -4.8 109.85
4.8 -5.2 51.585
-0.8 -1.6 9.2909
5.2 -4.4 51.708
-6 0.4 36.922
2.8 -6.8 38.213
3.6 0.8 -0.40178
1.7764e-015 0.8 -5.922
-6.8 0.8 47.473
9.2 4 43.818
0.4 -9.6 47.157
-9.6 -4 66.239
7.6 1.7764e-015 46.251
-9.6 -1.6 77.718
-5.2 5.6 60.046
1.2 -2.4 1.9875
4.4 -0.4 5.5885
-6 -2.4 33.102
1.6 3.2 -2.9288
-0.4 -3.6 18.777
2 -3.6 11.719
1.6 -0.8 6.3521
-6 3.2 44.793
-2.4 1.2 27.029
10 1.2 54.442
-6 -4.8 22.603
1.6 7.2 10.905
7.6 -4.4 59.19
-0.4 6.4 20.674
-2.8 2.4 4.9153
5.6 2.4 20.209
1.2 -8.8 51.655
6.8 -4 62.317
4.8 9.6 15.411
4.8 -7.2 53.326
-1.2 -9.6 40.595
10 6.4 37.168
6.4 4 16.947
-4 -5.6 8.8057
-4.4 7.6 63.126
0.4 -7.6 24.768
-8 4.4 94.813
3.6 -1.2 13.99
-2.4 -8.8 24.976
6.8 8.4 9.861
5.6 -3.6 47.099
-9.2 -7.2 41.343
2 2.4 -2.5297
8 5.2 16.345
-2 7.2 29.597
6 2 17.997
8.4 -8.4 144.84
-5.6 1.2 38.93
-6.8 -8.4 29.105
-8.4 -1.6 54.323
-6.4 0.4 29.78
-8.8 -0.4 74.106
-1.6 -1.2 2.5136
-4 1.7764e-015 20.882
-4 8 65.945
7.6 -2.8 61.615
6 -6.4 72.979
0.8 6 3.6797
-8.4 -2.8 53.305
1.2 -7.6 28.603
-8.8 -5.6 47.647
-3.2 -7.6 15.859
6.4 -5.6 84.747
-0.8 1.2 -6.3395
-8.8 4.8 105.39
3.2 -2.8 17.335
4.4 7.2 -1.7381
-5.6 7.6 83.673
1.6 7.6 11.915
-9.6 7.6 162.56
-1.2 1.7764e-015 -4.7349
8.8 0.8 51.433
-2.4 6.8 40.354
0.8 4.8 3.7448
-1.6 3.6 18.072
1.7764e-015 -7.2 25.817
0.4 -3.2 8.9505
-2.4 7.2 31.229
-8.8 -7.2 34.805
-7.2 7.2 108.09
9.2 10 23.699
4 9.2 8.4269
-9.2 9.6 169.46
1.6 -3.6 5.3776
-5.6 4.8 55.344
4 2 13.251
-1.6 -4.8 14.237
-9.6 1.7764e-015 81.685
8.4 -6.4 123.14
4.8 -9.2 84.439
-7.2 -1.6 52.137
4.4 -8 81.874
1.6 3.6 -13.769
4 2.4 8.4117
-8.4 -0.4 59.034
-3.2 3.6 23.851
-7.6 6.8 117.65
-1.6 7.2 32.623
1.2 1.7764e-015 -2.4829
5.6 3.2 27.957
4 0.4 10.737
-0.8 -3.6 -2.4895
-4.8 -7.2 19.733
-0.4 -3.2 8.3789
-8 -2 56.446
2.4 -6.8 35.876
5.6 9.6 10.022
10 7.6 36.689
5.6 -7.2 74.489
-6.8 -2.4 27.764
3.2 4.8 4.461
1.6 -4.4 17.422
0.4 8.4 14.96
2.8 -0.4 2.5681
-7.6 -0.4 48.904
10 -7.6 160.83
0.8 2.4 -8.1378
6.8 4.4 13.77
3.6 3.6 2.3351
-6.8 7.2 90.097
2.4 -4.8 28.424
5.6 -5.2 71.911
-8 0.4 55.388
7.2 9.2 14.814
-8.4 2.8 69.839
4.4 3.6 3.1245
-2.8 8.8 41.038
-6.4 -6 18.248
-5.6 -7.6 31.728
4.8 -0.8 27.347
-8.4 9.2 151.69
-6 -7.6 23.624
4 5.6 8.2925
-6.4 9.6 112.28
7.2 -8.8 125.18
4.8 10 4.3556
9.2 -0.4 61.134
6 -6 73.761
-0.8 4 1.7808
1.6 -7.2 26.413
-8 7.6 125.58
-8.4 3.2 84.666
1.7764e-015 -4.8 10.281
-2 2 3.427
-7.6 -2.8 40.586
2 -0.8 -0.79176
-6.4 -6.8 27.271
-5.2 1.6 19.771
-8 -6 42.527
4 9.6 15.207
7.6 3.6 13.537
-0.4 2.8 1.1151
2.8 -5.2 22.852
-6 1.2 34.527
-7.2 1.7764e-015 36.13
-0.8 -4 10.272
9.6 -4.4 108.69
8 -2 63.013
-0.8 1.7764e-015 1.6327
5.2 6.8 25.393
7.6 8.8 9.3998
6.4 -6.8 88.058
-2.8 1.2 14.39
-4.4 3.2 19.748
-6.8 -7.2 28.713
4 0.8 14.394
5.6 -1.2 35.232
-3.6 7.6 37.962
5.6 0.8 26.708
0.4 -2.8 10.989
-6.8 8 114.18
-4.4 -2 15.571
4.4 -6 51.884
-4.8 -1.2 16.065
-9.6 2.4 99.16
2.4 -3.6 11.255
8 8 5.6529
3.2 4.4 -7.762
-8.8 10 169.16
2.4 8.8 8.2325
-9.6 -7.6 53.842
-5.2 -6 19.635
-1.2 -6.8 9.8961
8.4 -3.2 67.112
-2.4 -0.4 -0.10797
-8 -2.4 52.01
10 -9.6 184.78
7.6 7.6 9.7662
-6.4 9.2 103.29
-4.8 10 98.044
3.2 10 8.4187
2.4 2 -4.0503
-4.8 1.2 32.78
8.4 1.2 39.982
0.8 -2.8 14.711
-8.8 1.2 70.136
8.8 -4.4 105.68
8 8.8 15.961
0.4 7.6 24.032
4.8 -6 58.007
3.2 1.2 3.0075
-0.4 -6 17.045
7.2 6.8 15.707
2.8 -4 24.726
7.2 -3.2 64.921
-8.8 8.4 151.43
5.6 -7.6 83.652
-6.8 -4 22.781
6.8 7.2 5.0903
7.6 -0.8 52.737
-1.6 2.8 6.9441
2.4 -9.6 64.758
-9.6 6.8 148.12
6.8 -6.4 82.478
-4 3.6 26.813
-8 -3.6 34.62
6 5.2 9.8325
4.8 -8.8 83.987
7.6 -7.6 114.93
6.8 1.2 24.228
4.4 -4.4 38.752
4.4 -8.8 75.807
8.8 7.2 28.609
-8.8 0.8 71.058
-2 9.2 54.589
1.2 -3.2 20.019
7.6 7.2 8.9948
2.8 -4.8 23.32
9.2 5.6 27.464
8.8 4 29.554
0.4 1.2 -4.8526
-8.4 -5.6 40.798
-9.2 3.6 93.712
-9.6 2 96.757
-0.4 -5.6 29.095
-2.4 1.7764e-015 6.9876
7.2 1.6 24.824
4 -4 26.356
-8.8 -8.4 46.552
8 -8.8 131
7.6 -1.6 42.593
-9.2 -4.8 51.51
6.8 -1.2 47.714
7.2 6.4 11.657
3.2 -2 9.0956
-3.6 -9.6 25.346
6.4 -4.4 52.461
-1.6 -5.6 23.948
-6.8 -4.4 32.929
-3.6 -9.2 26.228
1.7764e-015 1.2 6.8986
2 -8 56.544
-5.2 -3.2 8.9034
4.4 -0.8 10.047
-5.2 -0.8 25.2
-0.4 -2.4 11.773
-9.2 6 123.55
-5.6 10 98.973
-8 5.6 97.071
-8 5.2 95.609
0.8 4.4 9.0452
6 -0.8 23.594
-1.2 5.2 14.922
-2 -8 15.852
2 -7.6 27.828
-6.4 1.6 36.679
-1.6 -7.2 17.789
-8.4 -0.8 56.168
10 7.2 29.24
1.2 0.8 -0.24015
-1.2 3.6 10.304
-5.2 -2.8 15.349
9.2 0.8 56.394
-4.8 -0.4 21.631
-7.6 -8.4 30.231
-5.6 6 63.526
-1.6 -9.6 38.284
-6.4 4 59.105
-8.8 9.2 162.39
-2 -2.8 13.668
-4 0.4 25.872
-2.4 8.4 45.165
-2.4 -5.6 14.616
5.2 1.6 4.8616
-2.4 -4.4 10.695
-1.2 8.8 28.052
7.6 -6 102.82
2.4 8.4 15.275
-9.6 8 170.78
6.8 -6 85.382
-3.2 -6.8 12.689
-8.8 -7.6 47.612
2.8 3.6 3.6591
4.4 -6.4 49.343
-6.8 -6 29.784
3.6 -4.8 38.27
-2.8 9.6 73.845
8.8 -0.8 65.489
-3.6 -8.4 20.346
-3.6 6.4 41.646
0.8 4 4.9123
4 8.4 14.032
8.8 -7.6 137.58
-9.2 0.4 82.968
8 2.8 21.503
1.7764e-015 -8.8 23.281
0.8 7.2 1.5704
2.8 0.8 -4.6321
8.4 -9.2 148.28
-7.2 4.8 85.443
-3.2 -4 12.378
-7.2 5.2 79.753
-6.8 1.6 52.059
4 -6.8 57.496
9.6 -5.2 120.39
5.2 3.6 -5.9583
-9.6 7.2 148.86
2.8 6 -0.22272
1.7764e-015 7.6 18.665
2.4 9.6 31.536
-4.4 -9.2 35.692
-2.8 -9.6 39.598
-0.8 7.2 23.226
4.8 3.2 0.65814
8.4 3.2 40.061
6.8 2.4 26.899
7.2 5.6 6.9511
1.2 4.8 -0.30823
6 7.2 2.1696
-7.2 -4.8 33.779
4.8 5.6 3.3761
-1.6 8.8 37.418
0.8 -4.4 7.5338
5.6 6.4 6.9022
-4.8 -7.6 23.824
4 4.4 -4.6931
4.8 9.2 8.6554
8 -5.6 87.081
5.6 0.4 5.9232
4 7.2 12.932
5.6 -4.8 40.119
-0.4 -0.8 5.156
-9.6 5.2 112.04
-4 6.8 49.293
-9.6 -7.2 52.038
-8 -2.8 50.074
1.2 5.6 -6.728
1.6 9.2 14.725
-2 10 42.884
5.2 -1.6 23.89
1.6 -0.4 4.0198
-9.2 10 180.63
-3.6 -0.4 18.637
3.2 -1.2 3.8402
0.4 -4 12.141
1.2 4 -9.0427
1.6 -6.4 26.826
2 -6.4 42.621
-2.8 6.4 27.8
4.8 7.2 3.3917
-0.4 1.7764e-015 0.60617
-8 -8.8 38.13
0.4 -7.2 25.707
8.8 -1.2 64.218
-6.4 4.4 61.009
0.8 1.7764e-015 -8.9745
-4 4 35.192
4 -9.2 78.016
0.8 9.6 12.15
-5.6 4 41.92
0.8 -1.6 3.2395
-2 2.4 21.983
-6 -8 32.434
6.4 -3.6 49.053
9.2 -6 115.53
6.4 -6 85.447
6.8 2 31.221
4.8 -8 84.565
-4.4 -4 13.388
3.6 9.2 12.861
-6.8 -3.2 25.263
6.8 8.8 16.878
5.2 -5.6 48.525
5.6 8.4 7.7898
-9.6 1.6 85.906
-0.8 -6 10.759
8.4 1.7764e-015 44.282
6.4 6.4 8.3689
-8.4 8 134.29
-5.2 6 70.373
6.4 5.6 6.2492
4.8 -9.6 89.186
-6.4 6.8 81.563
-8.4 5.2 95.861
8 -9.6 144.87
-9.2 -2.4 57.546
4.4 1.6 11.107
-5.2 8.8 90.361
-5.2 -0.4 29.66
-5.2 2 38.051
-5.6 -8 34.554
-6.4 -2.8 40.992
8 1.2 35.589
3.2 5.6 7.104
0.4 -8.4 26.12
-1.2 -5.2 12.837
4.4 4.4 0.93479
-5.2 4.8 41.149
7.6 -5.6 89.221
-0.4 -9.2 31.344
1.7764e-015 -2.8 0.96941
-3.6 -7.6 19.411
6.4 4.4 4.7126
10 1.7764e-015 65.966
-4.8 3.6 20.014
7.6 -8.4 133.78
-4.8 0.4 17.595
4 -5.6 43.968
6 -6.8 78.494
-1.6 9.6 54.406
6.4 9.2 15.506
2.4 9.2 0.68912
0.8 -2.4 0.52757
-4.4 1.6 20.618
4.4 1.7764e-015 12.426
4 4 12.161
3.2 -0.4 12.277
-4 -3.2 14.562
1.6 -4 16.442
0.8 -0.8 6.2142
-8.4 -6.4 44.182
5.6 6.8 9.4734
8 1.6 35.983
1.2 -5.6 31.505
6.4 1.7764e-015 20.986
-8 1.2 59.563
0.8 -5.6 14.522
9.6 5.6 36.104
-9.6 9.2 176.43
6.8 3.6 29.077
1.2 4.4 9.1865
-9.6 -4.4 67.424
-9.2 -4 53.93
8 -4 76.096
8 3.6 32.599
-1.6 7.6 39.521
6 9.6 4.3774
9.2 7.6 17.853
-9.2 -4.4 61.434
-7.2 -3.6 20.522
4.4 -9.6 97.051
3.2 9.2 21.137
-4 7.2 62.647
-4.4 0.8 24.519
5.2 -5.2 57.809
4.4 6.8 6.8728
-4 -3.6 17.022
-9.2 5.6 121.73
5.6 9.2 9.536
8.8 9.6 19.011
-7.6 -9.2 34.377
-1.6 -7.6 34.456
8.4 4 31.583
5.2 6 5.6616
6 2.4 14.237
1.7764e-015 -6.4 14.931
2 6.8 7.7209
8.4 0.4 45.886
-6 -2 32.376
-4 -4.4 3.7953
10 8.4 25.762
-4.4 -6.4 16.309
1.7764e-015 6.8 6.3548
-5.2 -5.2 20.779
1.6 -3.2 13.702
0.8 -7.2 37.221
-4 -8 32.477
1.2 -0.4 -2.0829
-8 -4.8 38.083
8.4 0.8 51.034
-6.4 8.4 94.229
4.4 5.6 5.8592
-7.6 4.4 76.324
-7.6 -4 30.067
5.6 4.8 4.5541
7.6 -3.2 64.556
1.7764e-015 -1.6 13.643
-2.4 -7.6 20.275
-6 8.4 104.74
-3.6 -0.8 25.871
-6.4 -2 32.324
-3.2 -8 23.321
-6.8 0.4 50.498
-5.2 2.4 32.54
2 -6 33.899
0.8 0.8 3.414
-2 5.6 29.794
8.8 -3.2 82.175
5.6 -5.6 57.058
-0.4 -4.4 5.9137
6.4 2.4 12.099
-4.4 6 43.484
3.6 4.8 1.942
-0.8 4.8 5.4596
-7.6 5.2 83.746
-1.2 4.8 12.137
0.8 8.4 19.618
-7.2 9.6 130.07
-5.2 -6.4 20.45
2.4 -8 60.422
-6.8 -4.8 30.462
-6.8 3.6 63.296
2.4 1.6 1.779
6.8 -2.4 41.933
9.2 4.4 25.65
10 0.8 66.502
-3.6 2.4 17.086
-6.4 3.2 60.767
5.2 7.6 11.004
-0.4 0.8 3.2713
-0.8 -4.4 7.8969
-7.6 6.4 90.282
-5.2 -4.8 17.676
4.4 9.2 -3.7004
5.6 -2 28.423
8 0.4 42.866
-5.6 -4.4 24.494
-3.2 1.7764e-015 9.0988
-3.2 -2 20.44
-6.4 7.2 70.693
-2 -6.4 14.033
3.2 4 -0.58923
2.8 7.2 -0.84731
-8.8 -6.4 38.653
-2 8 29.896
4.4 -3.6 24.05
-4 -6.8 18.488
-3.6 5.6 51.976
-5.6 0.4 30.883
4.8 7.6 -0.5015
6 -8.4 101.99
2 -9.6 61.531
2 9.2 3.0675
-2 -1.6 3.1477
-6.8 -8.8 35.795
9.6 -5.6 116.98
1.7764e-015 3.2 -18.733
2 8 2.3909
-3.6 0.4 12.949
2.8 5.6 2.7965
8.4 5.2 12.659
0.4 9.6 26.36
-9.6 -0.8 62.019
5.2 4.8 5.8041
0.4 -0.8 15.821
-6.4 -0.4 41.066
-8.4 -7.6 38.029
9.6 2.4 50.784
-5.6 3.6 48.395
2.4 6 -3.4841
5.6 -9.6 118.34
-5.2 -1.6 11.992
6.8 9.6 4.9677
-5.2 3.6 35.493
9.6 4.4 30.693
4.4 0.8 14.506
-6.4 2.8 62.452
1.6 6.4 9.4613
-9.2 3.2 105.39
9.6 4 36.327
7.2 -1.6 43.487
-2.4 9.6 59.891
4.8 8 13.507
5.6 2.8 6.4501
9.2 3.2 36.633
-1.6 4.4 18.399
-0.8 -8.4 25.714
-5.6 -9.2 32.052
-3.6 6 25.246
7.6 3.2 20.839
-6 -4.4 24.551
8.4 -7.2 117.23
3.6 -3.2 25.539
-9.2 8.8 158.06
-9.2 -3.6 67.242
-4.8 -6 15.711
-1.6 5.2 11.535
-7.2 1.6 52.635
-8.8 7.6 129
6.4 8.4 8.5122
2 -5.2 26.655
-9.2 9.2 175.28
-7.6 -6.8 49.421
5.6 -8 81.819
9.6 1.2 63.716
-6.8 4 62.357
7.2 -5.6 76.066
-3.2 8.8 64.232
4 -0.8 13.08
-1.2 -8.4 29.329
3.2 -6.4 43.724
1.7764e-015 5.6 22.354
6.4 -4.8 57.297
7.6 -9.2 135.29
1.2 -4.8 26.57
6 6.4 18.003
1.7764e-015 9.2 37.805
-1.6 4 8.6718
-0.4 10 42.367
-6.4 -5.2 34.067
2.8 2.8 0.40867
-9.2 -0.8 62.058
-2.8 -7.6 28.803
9.2 -2 76.365
-1.2 -2.4 7.3061
3.2 6 -4.1678
-2.4 -6.8 15.901
4.8 -3.2 34.913
-3.2 -1.2 4.6159
-2.8 5.6 22.685
-9.2 -5.6 57.195
-2.8 -7.2 30.49
2.8 1.2 -5.7818
-8.8 5.2 110.83
-7.6 0.8 35.825
-5.6 2.8 41.53
3.6 2.8 -10.538
6.4 -2.4 45.904
0.8 3.2 6.6967
2 0.4 -6.5234
-1.2 -4.8 7.1319
10 -0.8 77.086
2 9.6 28.154
8.8 6 30.578
4.4 2.4 4.8502
-8 -4.4 42.014
5.2 2.4 3.6666
6 -9.2 110.24
8.8 -8.4 142.08
-9.6 -5.2 61.785
6 -1.6 30.935
8 3.2 26.873
-6 8.8 92.182
-0.8 7.6 25.561
-0.4 9.2 26.646
9.2 -4 101.29
-2 9.6 48.798
9.6 -0.8 71.935
2.8 -6 33.325
-5.6 -2 16.837
-6 10 97.134
-6.4 -4.8 30.992
-2.8 3.2 20.49
-7.6 2.8 73.632
-3.6 2.8 22.297
9.6 7.6 19.236
1.2 -5.2 18.86
7.6 2.8 25.342
2.8 -3.2 2.0259
6.8 -8 114.79
6 -5.6 66.945
4.4 -4 32.006
-9.2 2 97.454
2.8 -6.4 50.745
-0.4 8.4 32.32
-7.6 9.6 138.68
-2.8 10 55.925
0.4 3.2 5.4606
-4.8 5.2 55.209
6.8 7.6 15.78
-3.2 6 33.243
-4.8 -6.4 14.476
-3.6 -6 19.074
1.6 0.8 6.3767
0.8 -7.6 31.248
-8 6 98.358
3.6 -2.4 8.2987
4.4 -8.4 78.632
6.4 -0.8 38.989
2 4.8 -5.7367
-4.8 -5.6 17.337
-8.8 -9.6 53.657
-6.4 2.4 52.032
-1.2 1.2 16.003
-2 8.4 42.645
5.2 -9.2 90.62
-4.4 4 32.194
-6.8 -0.4 35.357
0.4 -8 35.482
0.4 4.4 17.46
-9.6 -8.8 61.124
-2 -0.8 12.681
8.4 7.6 16.673
-8.8 4.4 100.28
-7.6 -7.2 43.142
6.8 9.2 18.533
-8 9.6 142.48
5.2 5.6 -6.738
-1.6 8 35.382
2.4 5.6 -5.8543
-7.2 -5.6 36.367
-0.4 -4.8 21.876
1.6 -5.2 31.412
4 -1.6 21.566
-8.4 8.8 152.51
0.4 5.2 7.8987
-4.8 -8.4 32.796
8 4.8 22.088
3.2 -8 47.053
-7.6 0.4 53.699
-0.8 5.6 12.576
-2.8 9.2 61.595
-3.6 10 69.943
4.8 -2 29.55
-3.6 -5.2 24.248
0.8 8.8 22.981
6 -7.6 99.81
-8.4 7.2 128.23
6 1.2 23.261
2.4 -8.4 52.562
-7.2 7.6 100.35
6 -4.4 46.353
5.6 -4.4 57.713
-8 -9.2 52.688
8 9.6 11.444
-8.8 5.6 117.86
-9.6 8.8 175.13
3.2 8 8.0437
9.2 8.8 34.803
8.8 1.6 35.216
4.4 3.2 -10.342
-5.6 4.4 58.439
-3.6 4.8 41.671
-5.2 -2.4 22.749
5.6 -3.2 49.061
-8.4 -8.4 44.231
2.8 -9.2 66.938
-2.8 4.8 30.439
7.2 0.4 29.22
-0.4 -2 8.7643
-6.4 2 54.916
1.6 -6.8 31.829
8 -4.4 84.779
4.8 -2.8 34.293
8.8 5.2 22.472
-1.2 -4 8.092
-0.4 2.4 7.9295
7.2 -0.8 49.014
1.6 0.4 6.5577
0.8 10 30.678
3.2 -8.4 74.381
2.8 3.2 -4.9724
2.4 6.4 6.1846
-8.4 2 69.523
-4.8 -1.6 9.9016
10 0.4 69.165
-1.2 8 28.362
2 7.6 15.708
6.8 -7.2 95.459
-5.6 3.2 45.343
9.2 -3.6 94.588
-3.2 -2.4 15.997
8.4 -4.4 86.862
1.7764e-015 -5.2 16.197
-1.2 10 45.361
4 -6 49.13
-1.2 -5.6 17.032
-2.8 -3.2 17.229
4 7.6 -5.0981
8.4 -8 124.32
8.4 9.6 13.491
10 -5.6 124.69
2.4 -1.2 9.8755
-1.6 -6 16.347
-3.2 5.6 37.192
-3.6 -8.8 24.851
1.6 8.8 6.3009
5.6 8 4.3232
6.4 8 12.384
-6.8 -9.6 36.414
1.6 -8.8 50.762
-6 2.8 40.993
9.6 6.8 34.944
6.8 -3.6 55.648
-6.4 -7.2 28.973
-3.6 7.2 47.844
1.6 -5.6 21.211
-2 -3.6 1.8192
9.6 -0.4 75.72
-2.8 -6.8 9.5617
-3.6 -1.2 7.6117
9.2 -7.6 133.43
8.8 -2.8 84.71
-1.6 10 41.594
-4.4 -0.8 11.671
-8 6.8 110.47
8.8 1.2 45.931
7.2 8.8 13.082
4.8 4.4 5.5578
-2.8 -4 7.5361
7.2 -2.4 58.639
7.6 -7.2 108.33
7.6 8.4 17.537
2.4 0.8 7.3729
-0.4 -2.8 -9.1514
-7.6 -1.6 37.301
4.8 6.8 2.8416
-5.6 1.6 34.115
0.4 2.4 0.18648
6.4 -5.2 74.884
1.6 9.6 27.914
-1.2 8.4 42.549
9.6 8 20.563
-0.4 6 22.266
6 -1.2 24.262
-5.6 -6 45.059
8.8 2.4 40.306
-9.6 -1.2 82.79
9.2 -2.8 73.206
0.4 1.6 1.9187
6.4 7.2 17.955
1.2 0.4 2.1252
4.8 4 6.6646
1.2 5.2 7.512
4 10 11.873
-8 3.6 90.623
-2.8 -5.6 3.4126
-8.8 -9.2 47.621
9.2 -7.2 139.91
3.2 7.6 0.81022
-3.2 -9.6 23.346
6 -2 30.825
7.6 0.8 14.55
2 5.6 1.9983
-3.2 -9.2 27.925
-4 -1.2 3.5545
2 -8.8 50.574
-6.4 -2.4 21.318
-8 -0.4 62.589
2.8 8.8 4.7461
6.8 -4.8 64.454
-2.8 4 21.38
10 3.6 47.909
-6.4 7.6 93.866
3.2 -5.2 40.105
0.8 7.6 21.535
2.8 7.6 9.1291
10 1.6 52.886
-2.4 -8 29.524
8.4 -0.4 47.248
-1.6 -0.8 8.6928
-6.4 4.8 67.696
-1.6 2 -5.3975
-2.4 3.2 10.815
6 8 20.643
9.2 -0.8 66.981
-8.4 10 154.38
2.8 -5.6 28.811
-6 6.8 84.173
9.6 9.6 28.882
-8.4 -2.4 58.987
-6.4 6.4 84.135
7.2 -7.6 108.85
7.2 -6.8 86.031
-5.2 -9.6 27.445
-1.2 2.4 1.9194
-1.6 6.4 25.299
1.2 -6.4 31.7
-4.8 -2.8 13.186
5.6 -9.2 104.31
4.4 6 -4.5365
-7.6 3.2 70.639
-2 -0.4 -2.0994
-6 4 60.503
-0.8 -2.4 -4.1861
10 -9.2 191.75
-4.4 -4.4 17.645
9.6 7.2 22.561
-1.6 1.2 2.1267
-6 -3.6 19.084
-1.2 -8 28.82
5.2 -2 35.708
4.4 9.6 16.991
2.8 -8 61.031
8 -1.6 48.379
-6 -2.8 15.348
-4.8 4 37.047
-0.8 4.4 17.662
-6.8 6 74.016
-7.6 4.8 87.335
-4 2.4 23.829
8.4 -6.8 116
-0.4 7.6 21.986
8.4 2.4 37.827
-6.8 7.6 103.29
9.6 -6 130.49
-0.4 4.8 9.1226
1.2 -8 43.918
-9.2 -8.4 47.502
6.8 -2.8 50.392
-5.6 -2.8 30.47
-6.8 5.2 84.837
2.4 1.7764e-015 -2.3996
-4.8 -8 32.6
2.8 -2.8 11.233
4.8 2 8.6795
-4.4 -2.4 13.759
-6.4 -9.6 33.62
9.6 3.6 44.461
9.2 7.2 24.378
0.8 -6.4 27.343
3.6 1.6 -5.0093
2.8 -2.4 15.996
-6.4 -8 33.978
-2.8 -2.8 -0.65149
8.4 7.2 18.613
5.6 -0.8 18.732
1.6 10 26.066
-0.8 -6.4 31.988
-6.8 -1.2 38.499
5.6 -2.4 31.999
-0.8 -9.2 38.424
1.6 4 1.8022
-4 7.6 55.362
-8 -8 35.083
7.6 8 10.626
8.4 9.2 25.336
2.4 -9.2 55.101
0.4 -5.6 19.251
-7.6 -7.6 36.202
6.8 1.6 37.674
10 8.8 21.367
2 10 33.727
8.8 -6.8 130.5
8.4 8.8 9.8319
9.6 -2 88.556
2.4 -5.6 34.567
-2.4 -9.2 26.781
0.8 -8 30.207
-9.6 -0.4 80.321
-0.8 -0.4 -17.08
-8.4 9.6 154.43
4 -2.4 28.051
3.6 8 12.834
-9.2 2.8 94.952
2.8 -0.8 2.1944
8.8 -9.6 163.47
7.2 8.4 11.306
4.8 -7.6 66.379
9.2 -6.4 133.04
3.6 -8 52.468
-0.8 -2.8 0.18868
9.6 4.8 31.016
-8.8 -6.8 50.642
8.4 6.4 16.137
-4.8 1.7764e-015 19.645
-9.6 0.4 82.059
0.4 6.8 26.218
-8.8 -8 46.2
8.8 7.6 20.426
4.8 2.8 7.1901
4 -3.2 34.72
-1.2 -6.4 15.611
-7.2 -5.2 24.216
-8 2 72.248
2.4 -2.8 -0.80781
8 -6 96.294
5.6 -8.8 99.797
2 -2.8 1.3147
5.2 -3.2 43.003
6.4 -1.6 33.965
-1.6 2.4 19.169
-7.6 -9.6 29.06
1.7764e-015 1.7764e-015 -0.63741
10 -3.6 117.95
7.6 6.8 23.579
-4.4 0.4 10.377
-8.4 0.4 59.911
9.2 8.4 21.681
3.6 3.2 -4.4673
-6.8 -2 28.48
7.6 -4.8 79.203
-0.8 -5.6 15.711
9.2 -9.6 168.63
1.7764e-015 2.8 7.7455
-4 -0.4 14.998
-7.6 8 118.17
4 5.2 0.78454
1.7764e-015 -3.6 8.9886
9.2 8 22.526
9.6 -7.6 137.42
2 -1.2 8.3578
-6 5.6 57.643
4.4 8.8 11.378
-0.8 8 20.794
-3.2 8.4 51.043
5.2 -8 68.159
-4.8 5.6 52.386
2.8 4 -7.3831
-6.4 10 121.68
-8.4 3.6 91.087
-4.8 -5.2 17.437
-6 4.4 49.165
2.4 -7.6 39.225
-7.2 -1.2 39.533
9.6 1.6 53.596
-0.8 1.6 7.3563
-3.2 -8.8 12.4
-4 -4.8 11.836
-1.2 -8.8 20.775
5.6 6 5.0011
3.6 7.6 8.8055
-8 -1.2 58.516
6.4 7.6 6.2368
6 6.8 -6.3797
6.8 -7.6 102.72
2.4 1.2 -1.5156
4.8 -1.2 29.299
4 -9.6 76.656
2.8 -7.6 48.512
-4 -2.4 25.989
10 -2.8 99.204
-7.6 -0.8 53.663
5.2 -0.8 24.328
-2 -4.4 13.055
-7.2 -0.4 47.257
-3.6 8.4 63.07
6 0.4 17.422
5.2 0.8 12.272
-1.6 9.2 26.119
1.7764e-015 -2.4 3.7586
1.2 2.4 -3.6781
-5.2 5.2 56.277
-9.6 5.6 129.98
-7.2 0.4 44.492
-1.6 4.8 5.6608
-2 4.8 12.002
4 -8.8 71.129
-9.2 -1.6 84.619
-1.2 -4.4 28.73
0.8 -9.6 56.972
-0.4 -8.8 38.299
-4 -2.8 10.176
2.4 2.4 -12.94
-2.8 -3.6 10.955
-2 -9.2 28.788
4 8.8 10.248
1.7764e-015 -4 10.694
8.4 6.8 15.77
1.7764e-015 5.2 10.499
6 0.8 18.795
-6 2 54.945
2.4 -4 28.641
-8 -5.6 41.181
-2 -6.8 17.064
0.8 -5.2 14.719
-6.4 1.2 49.431
-9.2 0.8 83.966
0.8 -3.2 -1.4698
-3.6 -2.4 13.826
-4 -8.8 16.057
3.2 8.8 1.0862
7.2 -9.6 135.64
-8.8 -4.4 44.83
-0.8 2 -4.6463
9.2 2.8 43.022
1.2 2 -0.30169
-5.6 -3.2 24.032
0.4 -4.8 21.37
-2 -1.2 -1.9787
0.4 5.6 -1.9792
4.4 -4.8 25.772
8.8 8 10.398
2.8 -1.6 17.298
2.4 6.8 15.821
-0.8 5.2 11.351
-2.8 4.4 14.202
-0.4 2 -2.3536
5.2 -1.2 23.128
0.4 8 8.695
-8.4 7.6 137.06
8.8 -3.6 75.139
-4.4 5.6 52.826
5.2 9.2 -0.69883
-5.6 1.7764e-015 28.442
0.4 -1.2 7.1976
-8.4 -8 42.186
-4.8 -4 8.5698
6.4 0.8 20.224
-1.6 -2.8 12.94
5.6 1.6 5.1651
-0.4 -1.6 -10.352
8.4 -2.4 73.415
-2 -4 12.317
-2.4 -1.6 2.5072
-0.8 -6.8 13.718
1.6 6.8 17.464
5.2 8 0.7246
-4 -0.8 5.5723
-8 8 118.87
-4 0.8 16.352
4.4 -6.8 50.793
-5.2 4 48.398
-7.2 -6 29.581
4.8 1.2 2.977
6.4 -3.2 42.02
-2.8 -9.2 17.346
-4.4 3.6 25.001
7.6 6 29.281
-6 -0.4 38.346
4.8 -2.4 13.445
2 8.4 15.88
-3.6 4.4 23.971
3.6 10 17.741
-4.8 8 68.063
8.8 -9.2 152.46
5.2 10 5.5612
-5.2 9.2 89.263
-6 -3.2 21.076
1.7764e-015 -7.6 28.205
-7.6 -2.4 29.406
-7.2 8.4 112.79
-6 -9.2 34.757
-7.2 -2 42.437
3.6 1.2 1.6376
4.8 8.4 12.277
1.6 -6 25.978
-9.6 4.8 115.58
-7.2 6 87.422
-5.6 -5.6 24.539
8.8 2 44.509
6 -2.4 44.741
-9.2 6.8 138.24
2 -6.8 37.348
8 0.8 44.411
-5.2 0.8 14.931
-2 1.2 7.3452
7.6 -0.4 53.394
3.2 7.2 0.81906
5.6 2 17.576
3.6 -3.6 41.749
-8 -0.8 57.71
-2.4 2 1.8134
-5.2 -3.6 20.913
4.4 -5.6 42.433
-1.6 5.6 19.473
-8.4 4 76.33
9.6 -2.4 92.522
1.7764e-015 0.4 -3.8555
-5.2 8.4 79.463
-6.8 1.7764e-015 43.726
5.2 4.4 11.222
-0.4 -4 6.4615
-6.8 4.8 73.346
3.2 5.2 -3.0548
-2.8 -6.4 19.756
7.2 -2.8 54.056
-4.8 3.2 32.395
-8 2.4 53.156
-4.8 -6.8 20.267
6.4 -8.8 113.47
-7.2 -6.8 34.442
-4.4 -7.6 26.666
-0.8 -1.2 9.5339
9.6 6.4 31.036
-8.8 -3.6 53.633
4.4 10 6.1824
8.4 8.4 18.823
8 6.8 20.34
9.2 1.7764e-015 56.557
5.6 10 15.243
-4 -9.6 33.146
-9.2 7.6 138.7
9.6 -7.2 145.76
3.2 9.6 10.689
-8 -6.8 45.226
10 -8.8 177.79
4 6.8 6.5127
9.2 6 23.322
-4.8 -9.6 20.059
0.4 4 -1.3376
-9.2 1.6 86.709
3.6 6.4 1.8682
1.6 5.2 0.35032
-2.4 2.8 9.1211
-4 -7.6 25.982
-2.8 8.4 47.098
1.2 9.2 23.856
-8.4 8.4 147.06
10 5.6 45.6
-6.8 4.4 73.102
3.6 2.4 0.22293
-1.2 6 10.555
5.2 1.7764e-015 12.095
7.2 -8 109.98
2.8 9.2 19.806
1.2 -4 7.1794
-4.8 7.2 60.012
9.2 6.4 30.784
-6.8 2.4 60.514
3.6 4.4 6.9216
6 -4 58.099
4.4 2 8.0409
-4.4 6.8 59.175
-6.8 3.2 62.709
-3.6 6.8 45.999
-6.8 -9.2 34.92
-7.6 -8 35.446
-0.8 6.4 5.2716
-4.8 -4.8 30.835
1.2 8.4 9.9028
-0.4 4.4 9.6153
-6.8 -3.6 23.768
-1.2 3.2 8.0194
-8 1.7764e-015 71.445
-2.4 5.6 31.123
4.4 2.8 9.0043
0.8 0.4 -1.9552
-8.4 -7.2 44.785
4.4 -1.2 17.372
8.4 -5.2 98.723
-7.6 -3.6 33.57
8.4 5.6 22.525
4.4 -2.8 36.502
-7.6 1.7764e-015 55.336
4 6 -0.43109
6.4 3.2 7.1798
7.6 5.6 21.546
-8 8.8 129.84
10 -6.4 145.68
-1.6 -6.8 19.218
-6 -8.8 40.119
8.8 -6.4 125.31
-8.8 8 133.55
-7.6 7.2 112.89
6.4 -9.2 121.85
-8.4 4.8 95.782
10 8 32.244
3.6 5.6 1.8961
5.2 -6 51.593
-4.4 -3.2 6.1274
6.8 -1.6 35.786
6.4 -8.4 93.591
-4.8 -4.4 14.226
-1.2 2.8 7.8836
1.6 -2.4 4.441
6.4 -2.8 56.166
2.8 -8.8 53.119
3.6 -7.6 59.651
2.8 4.8 0.091955
1.7764e-015 -9.2 43.447
8.8 -7.2 120.41
1.6 -1.2 21.05
-5.6 -9.6 38.86
-6.4 0.8 52.91
-8 8.4 118.75
-5.6 -6.4 33.268
1.2 3.6 2.7172
4.8 -8.4 87.355
-7.2 -7.6 43.897
-6.4 6 74.577
7.2 -8.4 106.85
2 -4 8.0557
-2.4 -0.8 -2.9389
0.8 2.8 2.8554
1.2 2.8 -2.3269
7.2 7.6 17.768
9.2 6.8 38.084
-0.4 5.6 9.319
-2.4 -3.2 -4.8433
8 1.7764e-015 49.136
3.2 -7.6 50.256
6.8 5.6 2.727
1.7764e-015 1.6 10.914
2.8 9.6 15.776
-6.8 -1.6 32.647
4 1.7764e-015 19.042
-2.4 8.8 46.614
-3.2 4.4 28.107
9.6 -8 173.96
-4.8 6.8 57.506
2.4 4.8 -2.0969
-6 1.6 43.165
-6 4.8 62.606
8 -1.2 57.231
7.6 -9.6 151.05
9.2 2 52.84
3.6 -6.4 53.801
