9.4 4.8 -17.466
5.4 9.6 -13.32
1 -3.2 -3.4686
13 -5.2 -78.175
3.8 -6.4 -29.338
11 -3.2 -53.056
1 5.2 -3.9707
7.8 5.6 -4.9517
-5.4 -3.2 -23.461
8.2 -6.4 -49.874
2.6 5.6 6.1778
1.8 7.6 -3.0742
8.2 -1.6 -27.508
6.6 1.2 -6.928
10.2 7.2 -24.804
-4.2 8.8 -35.759
1 -0.4 -0.40284
0.2 2.4 1.5133
6.2 -5.2 -32.897
2.6 2.4 0.24202
9.4 4.8 -17.466
5.4 9.6 -13.32
1 -3.2 -3.4686
-5.8 -0.4 -19.214
-1.8 4.4 -3.2401
-4.6 3.6 -22.062
-1.4 -1.6 -7.7743
10.6 6 -22.923
-5 12 -56.494
3 6.8 0.81058
-0.2 -4 -13.263
1.8 -1.6 -5.0836
11.8 6.4 -25.311
9.8 1.2 -25.276
3 10.8 -19.139
7 -6.4 -41.173
-2.6 -2.8 -16.788
-4.2 6.4 -24.94
-0.6 -1.2 -5.2595
2.6 0.8 -6.6397
1 8 -4.1133
9.8 4.8 -21.838
3 10 -7.9811
-5.4 8 -38.84
-4.2 3.2 -15.788
2.6 9.2 -11.253
-0.6 -0.8 -3.7695
-3.4 7.6 -24.184
5 4 -0.92688
9.4 8 -16.333
12.6 -2.8 -62.115
7 5.6 -7.9435
0.6 2.8 -6.7943
9 6.8 -12.528
2.2 -3.2 -10.934
-0.6 4 5.7897
4.2 -6.4 -33.952
4.6 3.2 -1.9153
5.4 0.4 -7.1218
10.6 -6.8 -66.366
7.4 2.4 -14.655
8.6 9.6 -18.216
-2.6 4.4 -12.562
10.2 3.2 -21.321
3.4 0.4 -1.3366
11.8 12 -43.915
6.2 -2.8 -21.995
1 -5.2 -17.462
0.6 3.6 2.3286
1.4 -2 -4.989
3 4.4 -2.5754
4.6 4.8 -3.3315
10.2 4 -22.594
3.4 -7.2 -32.136
1.8 0.4 0.24265
12.6 2.4 -36.273
8.2 -7.6 -60.153
-5 -2 -18.718
-1.8 10.8 -33.75
1 2 0.71351
8.6 7.6 -17.727
-1 11.6 -30.992
8.6 3.2 -15.853
2.6 3.6 -0.5417
6.2 4.4 -2.8373
1.4 -1.6 -6.1818
-0.6 -2.4 -8.9439
4.6 -0.8 -4.7138
9.8 -6.4 -56.121
10.2 8 -21.355
3.8 -6.8 -27.349
5.8 4.4 -12.328
5.4 -2.4 -15.724
7 0 -11.244
-2.2 -6.8 -22.473
1.8 6 -4.3051
-0.6 2.8 -0.34146
-6.2 -6 -31.968
9.4 -7.6 -66.482
-2.6 2.8 -2.984
