-2.6 2.8 -2.984
1.4 1.6 1.3211
13 7.2 -39.652
3.8 0 -5.9373
13 -5.2 -78.175
3.8 -6.4 -29.338
11 -3.2 -53.056
1 5.2 -3.9707
7.8 5.6 -4.9517
-5.4 -3.2 -23.461
8.2 -6.4 -49.874
2.6 5.6 6.1778
1.8 7.6 -3.0742
8.2 -1.6 -27.508
6.6 1.2 -6.928
10.2 7.2 -24.804
-4.2 8.8 -35.759
1 -0.4 -0.40284
0.2 2.4 1.5133
6.2 -5.2 -32.897
2.6 2.4 0.24202
9.4 4.8 -17.466
5.4 9.6 -13.32
1 -3.2 -3.4686
-5.8 -0.4 -19.214
-1.8 4.4 -3.2401
-4.6 3.6 -22.062
-1.4 -1.6 -7.7743
10.6 6 -22.923
-5 12 -56.494
3 6.8 0.81058
-0.2 -4 -13.263
1.8 -1.6 -5.0836
11.8 6.4 -25.311
9.8 1.2 -25.276
3 10.8 -19.139
7 -6.4 -41.173
-2.6 -2.8 -16.788
-4.2 6.4 -24.94
-0.6 -1.2 -5.2595
2.6 0.8 -6.6397
1 8 -4.1133
9.8 4.8 -21.838
3 10 -7.9811
-5.4 8 -38.84
-4.2 3.2 -15.788
2.6 9.2 -11.253
-0.6 -0.8 -3.7695
-3.4 7.6 -24.184
5 4 -0.92688
9.4 8 -16.333
12.6 -2.8 -62.115
7 5.6 -7.9435
0.6 2.8 -6.7943
9 6.8 -12.528
2.2 -3.2 -10.934
-0.6 4 5.7897
4.2 -6.4 -33.952
4.6 3.2 -1.9153
5.4 0.4 -7.1218
10.6 -6.8 -66.366
7.4 2.4 -14.655
8.6 9.6 -18.216
-2.6 4.4 -12.562
10.2 3.2 -21.321
3.4 0.4 -1.3366
11.8 12 -43.915
6.2 -2.8 -21.995
1 -5.2 -17.462
0.6 3.6 2.3286
1.4 -2 -4.989
3 4.4 -2.5754
4.6 4.8 -3.3315
10.2 4 -22.594
3.4 -7.2 -32.136
1.8 0.4 0.24265
12.6 2.4 -36.273
8.2 -7.6 -60.153
-5 -2 -18.718
-1.8 10.8 -33.75
1 2 0.71351
8.6 7.6 -17.727
-1 11.6 -30.992
8.6 3.2 -15.853
2.6 3.6 -0.5417
6.2 4.4 -2.8373
1.4 -1.6 -6.1818
-0.6 -2.4 -8.9439
4.6 -0.8 -4.7138
9.8 -6.4 -56.121
10.2 8 -21.355
3.8 -6.8 -27.349
5.8 4.4 -12.328
5.4 -2.4 -15.724
7 0 -11.244
-2.2 -6.8 -22.473
1.8 6 -4.3051
-0.6 2.8 -0.34146
-6.2 -6 -31.968
9.4 -7.6 -66.482
-2.6 2.8 -2.984
1.4 1.6 1.3211
13 7.2 -39.652
3.8 0 -5.9373
-1.8 4 -8.9713
-0.2 12 -29.494
1 -2.8 -12.254
9 -2.8 -32.368
-5.4 3.6 -24.03
10.2 -2.4 -37.755
10.2 -3.2 -38.941
-5.8 2 -23.185
-3 -3.2 -18.638
-0.6 6 -4.5921
0.2 2 -1.7819
-0.6 -2.8 -15.244
10.2 0 -32.489
1 -1.2 -6.3648
6.6 -0.8 -16.427
8.6 1.6 -14.743
7.8 -4.4 -36.316
8.2 1.6 -9.3006
7.4 3.2 -10.87
-3.4 1.2 -8.4381
-1.4 12 -31.178
-2.2 -6.4 -24.406
9.8 -3.6 -42.261
-4.6 -4.4 -20.961
-2.2 0 -10.151
5 2 -3.5403
6.2 8.8 -6.9227
4.2 3.6 2.9248
-2.2 2.4 1.4141
3 11.6 -14.984
9.8 5.2 -20.253
12.6 -4.8 -72.786
11.4 0.8 -41.255
7.4 -3.2 -26.28
2.2 -1.2 -9.0472
0.2 0.8 0.24245
12.6 0.4 -44.705
-0.6 10.8 -22.962
8.2 -6.8 -51.969
7 -6 -41.66
-1 6.8 -9.8197
11.4 10 -33.309
-1 4 -4.8503
-1.8 4.8 -10.261
-4.2 -6.4 -29.756
-3.8 10.4 -40.558
5.8 7.2 -7.3179
-1.8 11.6 -30.109
-4.6 4 -15.351
11.4 6.4 -27.064
3.4 12 -26.617
5 3.2 1.5836
-0.2 -3.6 -12.863
4.6 4 -3.0938
10.2 12 -37.064
-1.4 4 0.82361
1.8 -4 -12.321
5 6.4 -5.8124
-1.4 11.6 -29.92
-6.2 3.2 -30.234
-6.6 3.2 -32.566
-6.2 0 -26.022
7.8 8.4 -11.554
7.8 1.6 -12.075
13 8.8 -36.096
-4.6 9.6 -39.347
7.4 -5.2 -36.177
-5.8 8 -36.011
3 -6.4 -32.314
1 9.6 -12.686
3 12 -19.619
7 3.2 -6.5459
8.2 7.2 -10.01
-3.4 -1.2 -11.195
-5.4 4.4 -24.735
9.8 -6.8 -60.596
6.2 -0.4 -10.094
-6.2 -7.6 -43.326
9 -3.2 -32.05
5 6 -4.5032
-2.6 -4.8 -20.22
10.6 -2 -41.005
11.8 -3.6 -57.971
12.6 4 -35.979
-5.8 0.8 -27.621
0.6 4.4 -1.2999
-0.6 0 -3.5028
4.6 -7.6 -33.904
-1 -2 -9.6119
-5.8 11.6 -61.244
0.2 -2.8 -6.3985
5.8 8.8 -5.6635
5.8 8.4 -7.5564
-4.6 -1.2 -17.033
-3.4 10 -30.554
-4.2 12 -49.189
1.4 10.4 -21.509
1 4.8 -4.1704
-5.8 4.8 -26.565
-1 5.2 -4.9118
-3.4 -5.6 -23.252
11.4 -1.6 -43.629
-3.4 5.6 -21.422
11.4 8 -29.426
-3.8 -4.4 -17.818
-3.4 -3.6 -13.285
7 -2.8 -26.525
-1.8 -1.6 -9.4386
10.2 -2 -41.043
8.2 8.4 -21.293
3.4 -1.6 -5.2905
-6.6 -4 -28.862
1.4 0 -2.1789
11.4 6.8 -22.342
-1.4 3.2 -0.56785
2.2 4.4 1.4262
11.8 -2 -51.926
8.6 5.6 -12.351
7 8.4 -16.402
11.4 3.6 -22.898
-5 0.4 -22.339
-3.8 3.2 -15.87
-3.4 0.4 -14.165
-0.6 -4.4 -10.07
6.6 1.6 -2.9645
-3.8 -5.6 -29.029
3.4 -3.2 -17.246
11 8 -24.185
-1.4 2 -1.7053
9 4.8 -10.24
-4.2 -0.4 -14.164
6.6 4 -4.8927
-2.6 0.4 -8.7648
6.2 2.4 -7.6355
3.8 7.6 -6.7363
1.8 6.4 2.0768
-2.6 0.8 -6.1021
-6.6 6 -40.162
6.6 2 -8.0614
-0.2 9.2 -18.172
8.6 6.4 -12.293
9.8 8.8 -26.694
0.2 1.6 -1.8196
-4.2 -6.8 -28.339
12.6 7.2 -35.265
6.6 8 -14.258
-2.2 0.8 -11.229
2.6 -5.6 -29.583
-5 5.2 -25.112
-2.6 1.2 -8.5971
1.4 2.8 -1.3292
12.6 8 -36.252
-3.8 8.8 -28.734
13 -4.8 -76.054
0.6 -3.2 -12.984
7 -4.4 -32.142
0.2 5.6 -4.7086
-6.2 0.8 -27.655
8.6 -0.8 -22.369
-3 11.2 -39.373
-6.2 -1.2 -25.43
1.4 2.4 -1.2285
9.8 -2.4 -36.001
-4.2 -7.2 -37.967
3.4 2.8 2.7813
3.4 -4.4 -11.464
-1.4 -5.2 -17.778
5 8 -11.883
9.4 4 -10.498
2.6 -3.2 -13.814
-5 11.2 -40.979
1.8 4 -4.6326
7.4 10 -11.574
-1.4 -2.8 -8.7392
6.6 -7.6 -52.191
3.4 2.4 -0.53385
6.2 2 -0.8567
-2.2 12 -30.603
7.4 6.8 -14.497
-1 10.4 -19.504
-3 8 -21.88
-0.2 5.2 -3.1058
-0.6 3.2 -5.2814
10.6 8.4 -22.797
9 5.6 -6.9661
4.2 0.4 -7.7297
-3.4 -6.4 -25.303
5.4 9.2 -8.2217
8.2 -0.4 -20.294
10.6 -1.6 -44.26
12.6 -6.8 -86.992
-6.6 12 -64.827
8.6 -4.8 -43.083
11.4 4.8 -25.706
12.2 -2.4 -59.21
0.6 -2 -8.1702
5 0 -6.6705
11.8 -3.2 -51.643
12.2 2.4 -38.106
2.2 5.6 0.85278
4.2 10.8 -20.879
9.8 10 -23.706
7.4 8.4 -7.7721
1.4 -0.4 -3.383
0.6 -7.6 -27.627
3.4 -4.8 -19.377
8.6 -4 -37.631
-4.2 5.2 -19.164
-0.2 -2.4 -5.7138
9 10.4 -14.589
10.2 2 -25.821
3 9.2 -9.3371
4.2 5.2 -3.6276
2.6 10 -14.005
6.2 -3.6 -28.231
5.4 6 -1.6818
-3.8 -0.8 -13.972
7.8 8 -16.073
7.8 -2.4 -23.99
10.6 0 -26.896
4.6 -2.8 -13.343
6.6 0 -7.4677
-6.6 -1.2 -20.568
12.6 -0.8 -50.371
8.2 -2.8 -25.793
1.8 9.2 -15.418
6.2 -2.4 -16.805
8.6 0.4 -26.786
10.6 2.4 -18.565
9.8 6 -16.565
-2.6 7.2 -15.033
-1.4 11.2 -29.405
-6.2 1.6 -23.912
-0.6 11.6 -30.783
5.4 -5.2 -26.738
-3 -6.4 -31.724
-1.8 1.2 -1.5234
3.8 3.2 1.9339
10.2 1.6 -21.283
11 -4.4 -56.051
7.8 0.4 -19.255
-1.4 -6 -19.139
-6.2 6.4 -31.471
2.2 10.4 -12.261
9.8 2.8 -24.302
0.2 7.2 -2.648
0.6 -0.4 -0.59402
-3 -4.4 -21.517
-6.2 -6.8 -39.192
0.2 -6.8 -25.049
1.8 3.6 3.7918
4.6 7.6 -6.0904
-1 0 -1.5946
-0.2 -5.2 -20.361
1.8 8.4 -4.4058
-3.8 4 -11.637
6.6 10.4 -19.007
11.8 -2.8 -54.092
-5.8 -6.8 -34.129
-6.2 6 -31.652
-3 11.6 -36.667
10.2 9.2 -18.442
6.2 -7.2 -39.562
2.2 -5.2 -18.659
-5 -3.2 -21.132
-5.4 -2.4 -18.844
1 -5.6 -18.613
0.6 6.4 -9.0509
13 -3.2 -63.523
5 -0.4 -6.0007
11 -1.6 -38.43
-6.2 -3.2 -27.772
5 8.4 -1.9456
-4.6 5.6 -21.184
-5.4 0 -12.637
4.2 1.2 -5.1962
12.2 4.4 -30.648
-0.6 2 -1.1213
-5.4 2.8 -17.506
11.8 5.2 -26.528
0.2 -0.4 -11.128
11.8 -4 -57.219
-6.6 -2.8 -25.347
5.8 -2.4 -17.714
-3.8 1.2 -12.094
9 6 -17.455
3 0 -4.4002
3.4 8 -5.611
0.2 2.8 -1.8331
2.2 8.8 -3.8724
-2.6 -3.2 -15.264
0.6 5.6 -1.7425
-5.8 2.4 -22.492
-3.8 11.6 -48.403
13 0.4 -44.086
-6.6 11.6 -65.646
11.8 10.4 -32.818
-0.2 -4.4 -13.735
-2.2 -6 -21.855
6.2 -1.6 -21.523
2.2 -7.6 -34.281
13 1.6 -43.752
-3.8 10.8 -43.336
3.4 -6.8 -25.259
-5.4 2 -20.257
-2.6 -2 -11.923
-1.8 8 -16.924
-0.6 5.6 -3.8126
-5.4 -2 -21.644
5 5.6 -1.3878
11.4 -3.6 -51.82
11.4 0 -37.742
-2.2 -3.6 -12.38
6.6 -4.8 -32.295
-0.6 3.6 -6.2273
3.4 5.6 -1.4697
5.4 1.2 -10.79
-3 -4.8 -16.167
3.4 2 1.3026
-5.4 8.4 -39.124
-6.2 9.2 -47.992
11.4 -2 -51.034
-1.4 10 -22.327
-4.2 4 -13.732
9 1.6 -23.593
9 3.6 -14.92
4.6 -7.2 -39.374
1 6 -6.3574
5.4 2.4 -1.722
1.4 0.4 3.2647
4.2 -4.8 -17.27
-6.2 2 -20.498
-0.6 -4.8 -17.581
-1 12 -30.617
0.6 10 -20.478
6.6 -6.4 -38.682
-3 9.2 -28.17
-1 -6.4 -22.771
-1.4 4.8 -7.0242
8.2 10.8 -20.593
5.8 10.4 -11.065
-5.8 -0.8 -23.192
6.6 0.4 -13.22
10.6 11.6 -26.883
-6.6 -0.4 -28.729
-2.2 6.4 -17.586
13 8 -36.941
1 -4 -13.003
-4.6 12 -52.695
11.8 10.8 -35.409
5 5.2 3.9138
-5.4 -1.6 -21.267
0.6 0.8 -2.3598
-4.6 10.4 -41.536
1.4 -6.8 -24.872
-1 3.6 1.7954
12.6 5.2 -32.288
11.8 1.6 -37.892
6.2 -4.8 -30.848
9 10.8 -16.248
6.6 -2 -23.278
12.6 0.8 -47.595
4.2 8 -7.8421
-6.6 0 -23.395
5 0.4 -3.8419
-4.2 1.2 -16.866
7 3.6 -9.3836
0.2 0.4 -4.5385
9 -1.2 -25.812
-4.6 8 -25.957
10.2 -7.2 -67.1
12.6 -6.4 -77.067
-0.6 7.2 -6.2222
-5.4 -6.8 -36.018
-2.6 4 -9.2027
10.2 -4 -48.731
-4.2 -7.6 -34.653
6.6 -3.6 -24.949
-5.8 4.4 -21.852
9.4 12 -29.338
-1.4 -4 -15.587
0.6 -5.2 -11.195
-1 7.6 -14.041
11 1.2 -30.831
-6.6 -1.6 -28.481
11 4 -32.807
4.2 9.6 -6.9741
-3.4 -7.2 -31.686
10.2 2.8 -22.09
-4.2 4.8 -10.009
11 7.6 -30.643
0.6 6.8 -6.2639
-4.2 -5.2 -31.631
-5.8 4 -17.688
-3 2.8 -8.2047
1 2.4 3.9567
-5.4 -4 -31.815
-1.8 6.4 -9.9812
-3 5.6 -17.57
-3 -3.6 -21.361
11 -5.2 -59.327
-2.6 -0.4 -10.03
1 10.8 -25.366
12.2 3.6 -30.295
-6.6 4.8 -33.841
-4.2 5.6 -17.973
12.2 -7.2 -87.747
-0.2 6 -4.9217
13 -0.4 -48.169
12.2 0.8 -42.659
-5.4 -2.8 -24.012
9.4 8.8 -18.737
-5 -4.4 -21.021
11 11.2 -35.933
2.2 -5.6 -24.466
3.8 5.6 2.4593
4.2 12 -20.209
4.6 3.6 -1.2901
-5 -6.4 -37.818
11 9.2 -32.078
9.8 -3.2 -37.193
9 -6.8 -54.693
-2.2 2 -12.166
9.8 8 -18.53
10.2 4.8 -16.664
-6.6 8.4 -45.232
6.6 11.6 -21.441
1 -3.6 -12.59
-6.2 8.4 -42.247
4.6 6.8 -1.1479
10.6 6.8 -22.352
12.2 6.8 -25.416
-6.2 -4.4 -33.646
11 -6.4 -68.01
1.8 -7.2 -27.683
3 4 4.6616
9.4 6.8 -14.658
12.6 10.4 -43.477
1.4 -6 -21.43
3.8 8.8 -10.516
-0.2 9.6 -15.612
9.8 -7.2 -68.221
0.2 4.8 0.37095
-2.2 -4.8 -18.213
11.4 -0.8 -38.639
1.4 -2.4 -8.8944
1 5.6 -1.1285
5 -2.4 -17.807
-2.2 -5.6 -23.004
0.6 -2.8 -4.3581
-1 6.4 -10.797
-3 8.4 -28.871
-6.6 -7.6 -43.994
-1 -4.4 -12.555
4.6 0.4 -6.7967
4.6 6.4 0.92799
10.6 -4.8 -56.232
6.6 -4 -27.898
8.2 4.8 -9.7199
5.4 7.2 -3.2085
-1 7.2 -10.433
9 8 -20.287
-3 0.8 -7.1254
0.6 -4.4 -19.097
1 2.8 -6.749
3.4 4.8 2.1004
-4.6 -2.4 -21.488
-1.8 2.8 -7.6029
11 -0.8 -37.834
-6.6 5.2 -37.22
9.4 10.8 -21.015
-6.6 8 -40.048
4.2 -7.6 -44.01
-5.8 3.6 -25.859
6.6 -6.8 -42.866
13 6.8 -37.066
5 -3.6 -21.489
-4.2 10.8 -38.994
13 11.6 -46.013
10.2 5.6 -19.935
9.4 -5.2 -49.815
6.2 1.2 -9.5052
4.2 -1.6 -6.5179
10.2 -5.2 -54.784
6.2 8.4 -9.6617
7.4 -0.4 -14.7
-1.8 10.4 -35.015
3 8.4 -8.2796
-5.8 9.2 -45.322
5.8 12 -20.248
-3 9.6 -30.838
-5.4 8.8 -35.632
-1 0.4 -4.5349
2.6 -6.4 -28.015
-1.4 -4.8 -9.8917
7.8 -1.6 -18.405
6.6 2.4 -3.266
-0.2 10 -20.516
6.2 2.8 -4.8375
12.6 -1.6 -49.839
-6.6 -6 -38.969
3 -6 -30.54
5 2.8 -6.8329
-5.8 0.4 -21.66
6.2 -7.6 -51.044
13 4.8 -31.702
2.2 2.4 -1.8735
0.6 11.2 -17.96
10.6 12 -31.349
-6.6 -4.8 -30.577
3.4 0 -4.5675
10.6 7.2 -23.903
9.8 -7.6 -65.647
-1.4 -0.8 -6.9501
12.6 -7.2 -79.224
8.2 -4.8 -40.055
-2.6 -1.6 -6.8734
1.4 -1.2 3.0751
4.2 -7.2 -39.101
-2.2 4.8 -8.734
11.8 8.8 -29.749
-0.2 6.8 -11.949
-2.2 -2 -5.706
13 0 -50.859
1 7.2 -3.1075
3.4 11.2 -16.186
-6.2 10.4 -50.93
1.4 -4.4 -13.977
-5 6 -28.116
-3.8 4.8 -10.78
-2.6 11.2 -38.418
-5.8 -2.8 -23.799
0.2 -6.4 -24.288
-5.4 -7.6 -39.852
7.4 7.2 -8.5785
10.6 -0.4 -33.552
10.2 -4.4 -50.121
2.6 7.2 -2.8736
10.6 4 -25.812
4.6 -6.4 -36.136
-2.2 10 -30.834
7.4 6 -8.9641
3 1.2 -2.1098
-1.4 1.6 -9.5081
-2.2 3.2 -9.4516
3 -4 -13.915
-3.4 -2.4 -13.679
9.8 -1.2 -30.672
5.4 12 -18.542
8.2 2.4 -14.762
9.8 7.2 -23.491
1.8 0.8 -1.2791
12.2 -6.8 -80.302
5.4 -4.4 -25.328
5.8 6.4 -1.9154
11.8 4.8 -28.36
3 0.8 0.91715
6.2 -6.8 -40.934
-1.4 -6.4 -22.778
3.8 -4 -12.372
-5 -1.2 -14.733
-4.2 -2 -16.159
2.2 12 -24.4
-3 0.4 -7.9787
-5.4 3.2 -25.584
11.8 7.6 -29.702
11 -4.8 -59.165
3.8 3.6 -3.8746
-6.2 7.2 -40.377
2.2 1.2 1.9613
-3 -5.2 -26.343
3.8 -7.2 -33.242
13 -6.4 -90.467
11 -0.4 -31.58
-1 -3.2 -12.668
6.2 -2 -13.593
-4.6 -3.6 -23.36
2.2 10.8 -17.161
7.4 -7.2 -47.568
9.4 -4.4 -46.967
12.2 -4.8 -68.204
-4.2 -6 -27.725
-0.6 11.2 -27.694
-3.8 8.4 -26.345
8.2 3.2 -12.078
9 9.6 -16.638
-2.2 8.4 -19.017
1.8 1.2 0.87737
-6.6 2.8 -34.204
10.6 4.4 -22.983
2.6 1.6 -3.0256
11.8 -6 -73.532
2.2 11.6 -14.042
8.2 10.4 -17.454
0.2 -3.2 -3.6453
11.4 -7.6 -82.036
11.4 5.6 -25.152
7 4.8 -1.1216
3.4 4 2.2845
-1.4 10.4 -28.271
-0.2 8.8 -11.932
3.8 10 -14.528
5 -2.8 -11.921
-2.6 -6.4 -24.198
1 8.4 -6.009
-2.6 10.4 -31.701
11.4 12 -40.588
13 -2.8 -62.28
7.8 -3.2 -28.702
2.2 0.4 -2.016
8.2 -2.4 -27.984
-3 2.4 -7.7375
5.8 -4.8 -27.058
6.6 2.8 -7.767
3 2.8 1.703
-3.8 2.8 -11.305
12.2 6 -30.965
3.4 -7.6 -35.566
-6.6 -2 -26.954
10.6 2 -27.097
-6.6 0.4 -22.474
-2.2 7.6 -19.675
4.2 -0.4 -5.118
7.4 1.6 -13.226
-3 -0.4 -6.6896
4.6 5.2 0.11313
2.6 -1.6 -7.0913
5 -1.6 -9.7438
4.6 1.2 1.3599
-3 5.2 -13.091
0.6 3.2 0.35819
13 3.2 -40.4
-3 -2.8 -14.045
4.6 9.2 -7.232
10.6 -2.4 -45.669
2.6 8.4 -4.8298
0.2 4.4 -4.5712
8.6 4.4 -9.2061
4.2 -6.8 -30.437
9.8 -2 -29.928
7.8 11.6 -24.089
7.8 -5.2 -38.424
1.8 -7.6 -28.417
13 8.4 -43.327
9.4 6 -19.024
-1 -3.6 -12.02
-1.4 9.6 -23.193
3.4 -5.6 -26.824
-5 6.4 -25.42
6.6 0.8 -10.624
0.6 -6.8 -19.501
9.8 10.4 -27.131
8.6 -1.6 -25.79
-6.2 -5.2 -35.761
5 4.4 0.045908
11 7.2 -25.789
1 9.2 -11.063
9 4 -17.487
11.4 -6.4 -77.621
-2.6 3.2 -5.4048
-3.8 -6.4 -29.775
-5.4 0.4 -18.361
-3.4 2.4 -7.9492
-5.8 1.6 -16.621
1.4 0.8 0.70005
-1 2 -6.4278
-1 10 -22.211
10.6 -0.8 -36.631
9 -4.4 -36.316
3.8 8 -6.0148
-5.4 -0.8 -24.374
4.2 -5.6 -29.102
-5.8 -3.6 -27.24
-0.2 -5.6 -18.351
9.4 -3.6 -37.619
2.2 3.2 4.6505
-5.8 6.8 -27.193
6.2 -0.8 -14.153
7.4 9.2 -15.59
-2.6 9.6 -24.7
4.6 9.6 -11.963
-6.6 9.6 -48.608
1.8 2 7.4485
11.8 2.8 -32.357
0.6 8.8 -7.564
3.8 6.8 -8.3568
1.4 5.6 -7.1549
3 -5.2 -20.81
3.4 -1.2 0.5859
0.6 9.2 -13.997
-5.8 -5.2 -30.836
-4.2 9.2 -35.952
12.2 12 -36.84
7 11.2 -18.646
-6.2 11.6 -60.806
4.6 -1.6 -9.9741
-2.6 6.8 -14.177
7 4 -9.7454
1.4 -2.8 -7.2455
-6.6 2 -22.22
11.4 -4.4 -60.976
7.8 -7.2 -53.796
-4.2 0.4 -10.145
7.4 -6 -42.374
4.6 5.6 -3.7496
7 4.4 -2.5106
-5.4 1.6 -20.751
-0.2 5.6 -9.1639
-4.6 8.8 -28.198
1.4 9.2 -7.2352
4.2 2 -4.373
8.6 5.2 -10.164
7 2.4 -7.4732
2.2 -1.6 -9.905
-1.8 -5.2 -21.727
2.6 -1.2 -3.5791
-5 0 -19.903
5.4 -4.8 -27.855
8.6 11.6 -21.799
13 9.6 -40.95
8.6 -5.2 -40.677
-3.8 -0.4 -16.783
6.2 6.8 -7.1699
4.6 -2.4 -12.612
3.4 10.4 -11.173
5.8 1.6 -4.0618
-4.6 1.6 -14.306
13 -5.6 -80.894
3.8 4.4 1.3937
9.8 6.4 -16.376
6.6 5.6 -3.8493
-3.8 9.2 -25.504
5.4 -2.8 -19.486
8.6 -3.2 -31.488
-5 2.4 -16.66
10.2 11.2 -27.23
-5.4 4.8 -27.873
7.4 5.6 -12.08
0.2 10.8 -23.743
-3.4 -4 -14.934
-2.6 -5.6 -22.904
7.8 1.2 -14.013
-5.4 11.2 -59.248
-3 -5.6 -18.996
7 7.6 -0.76838
-3.4 11.6 -39.323
10.2 -6.8 -67.347
7.8 12 -25.38
12.2 1.6 -38.851
9 -4 -38.343
2.2 6 -3.6245
4.6 -5.2 -20.238
-5 9.6 -40.186
-5.4 5.2 -32.351
3 -2.8 -11.752
1 4 -1.7291
-4.6 -0.8 -17.596
5 1.2 -4.6926
-3.4 -4.8 -16.769
-2.2 3.6 -6.1816
-5 -4 -27.94
7 11.6 -20.667
10.6 5.6 -26.806
2.6 4.8 2.0753
5.8 -3.2 -21.094
-3 3.2 -6.0368
-4.2 2 -18.722
2.2 -2 -3.1685
12.6 -2.4 -51.617
11 0 -33.541
2.2 2 4.404
8.2 8.8 -18.08
10.6 10.8 -25.506
9.4 -4.8 -50.738
0.2 3.2 -3.6385
-1.4 5.2 -5.1102
-3.8 -5.2 -21.176
7 2.8 -4.6023
8.6 0.8 -19.064
-0.6 9.6 -13.757
8.6 2.8 -14.66
3.4 -0.8 -3.804
-3.8 10 -37.949
-1.4 0 -6.9477
7.4 -4 -30.983
-1.8 0.8 -8.2471
-6.6 4.4 -33.706
5.4 -1.6 -10.001
11 10 -24.41
6.2 6.4 -1.5479
-5.8 12 -62.24
5.4 10.8 -16.702
-6.6 -5.6 -39.933
-2.2 -4 -18.784
1.8 -4.8 -16.177
11.4 -1.2 -39.769
0.6 1.6 0.58831
-5 -0.4 -16.933
13 -7.6 -95.634
10.6 9.6 -28.163
-3.4 11.2 -44.235
-1.8 12 -37
6.2 12 -22.375
5.4 4 -4.0883
-1.8 3.2 -2.4397
11.4 3.2 -30.159
3.8 -0.8 -2.7275
-5.8 3.2 -25.313
11.8 -2.4 -52.45
11 10.8 -32.468
3.4 9.6 -18.214
7.8 -4 -30.775
6.2 3.2 -2.9913
2.6 -4 -16.301
10.2 8.8 -20.498
5.8 -2 -13.312
10.2 -1.2 -29.673
-5.8 10.4 -43.347
8.6 -5.6 -45.993
-3.8 -2 -13.277
9.8 9.2 -22.372
10.6 1.2 -26.622
1.4 4.8 -6.8098
5.4 -7.6 -43.363
-6.6 8.8 -52.84
9.8 -4.4 -44.048
-1 5.6 -10.111
-5 -1.6 -18.75
9 7.2 -15.628
7.8 -6.8 -56.638
10.6 -5.6 -55.341
9.8 3.2 -14.074
7.4 -2.4 -26.634
7.4 -6.8 -49.684
11.8 9.2 -36.636
-5.8 2.8 -20.79
1 11.2 -24.529
4.2 -1.2 -8.2557
10.6 9.2 -26.849
5.8 -2.8 -21.547
12.2 7.6 -34.017
11.8 6 -23.495
3.4 3.2 0.22527
-5.4 -3.6 -26.673
-6.2 5.6 -30.898
-6.6 4 -34.333
2.6 -3.6 -8.0502
0.6 2 0.93446
10.2 3.6 -23.283
7 -2 -20.995
-5.8 -6.4 -36.978
11 -6.8 -73.557
10.6 0.4 -24.025
-6.2 -2.8 -27.11
9.8 0.8 -27.25
10.2 8.4 -23.364
6.2 0 -8.1874
-0.6 -7.6 -33.973
9.4 -2.4 -30.676
1.4 -3.6 -10.622
-3.8 -2.4 -10.714
-0.6 -7.2 -31.478
3 3.2 -4.7658
5 -6 -35.149
-2.2 -1.2 -9.6998
7.4 1.2 -8.3446
-2.2 1.2 -5.3947
2.6 -0.4 -2.1641
-6.2 8 -42.499
-2.6 12 -36.413
-5 7.6 -34.279
-5 7.2 -27.066
3.8 6.4 5.8387
9 1.2 -19.696
1.8 7.2 -8.3908
1 -6 -27.068
5 -5.6 -30.278
-3.4 3.6 -11.468
1.4 -5.2 -17.078
-5.4 1.2 -15.951
13 9.2 -38.577
4.2 2.8 -1.2927
1.8 5.6 -3.1017
-2.2 -0.8 -10.822
12.2 2.8 -36.271
-1.8 1.6 -7.3886
-4.6 -6.4 -31.546
-2.6 8 -19.609
1.4 -7.6 -31.176
-3.4 6 -17.106
-5.8 11.2 -55.567
1 -0.8 -2.8973
-1 2.4 -3.6056
0.6 10.4 -20.679
0.6 -3.6 -15.073
8.2 3.6 -9.8135
