7.7955 8.6298
11.111 12.455
7.2569 8.6182
7.2249 7.534
11.894 13.741
10.812 12.522
11.407 11.14
11.089 10.271
9.4289 9.2772
10.382 8.5697
9.0237 8.6878
10.185 9.5285
11.688 10.352
11.115 8.8445
10.637 11.847
8.6909 9.2436
9.6192 6.4611
7.9797 9.8846
10.662 9.5729
10.989 9.282
10.516 8.5021
8.1927 9.5351
10.492 9.3373
10.381 8.5547
8.7105 7.9541
8.9394 8.3755
6.2681 6.7903
10.009 10.74
11.596 12.155
10.989 8.4906
13.8 11.526
10.158 12.333
7.627 7.5831
10.062 7.8597
8.5678 7.7085
10.734 9.4678
6.8174 10.144
10.608 9.3733
13.788 13.818
8.9169 11.799
11.361 9.41
10.938 10.659
13.279 12.352
10.383 9.7047
10.13 10.527
8.4609 9.1956
8.0766 7.7598
10.461 11.247
12.483 11.581
11.946 12.854
7.8192 7.9098
8.8342 8.7286
9.5738 10.299
9.0775 8.48
9.7565 10.284
8.1978 8.8022
9.8876 11.45
14.287 12.419
6.3446 7.1274
9.7068 11.606
11.252 11.815
9.9452 10.605
9.7535 10.369
9.4313 12.543
13.705 10.557
9.1654 8.4348
10.016 8.3472
12.683 12.358
8.2869 8.9757
10.069 8.0363
8.1246 7.5281
12.175 12.904
13.887 12.643
13.079 14.831
10.798 9.266
8.5016 6.0401
12.96 11.645
11.671 10.566
12.798 11.46
10.912 12.272
14.554 14.006
11.043 12.09
12.738 10.301
8.2897 8.933
6.7535 7.5481
12.19 11.602
10.149 9.8304
12.513 12.128
7.8807 8.5462
7.9286 8.5337
9.1203 8.6233
7.8101 8.5961
11.427 11.484
9.664 9.9223
11.867 12.171
12.205 10.378
13.688 14.124
8.149 9.7327
8.2938 8.025
10.179 10.727
9.9674 11.181
11.527 12.824
10.166 11.927
10.03 10.432
11.74 13.43
8.8551 8.4176
10.243 9.3627
9.8584 9.6113
10.604 8.9483
13.029 11.706
6.9409 8.134
13.366 13.828
10.643 8.5692
11.681 11.498
9.7419 11.702
11.863 14.106
10.432 8.9915
11.577 10.668
9.071 6.9096
11.062 11.102
11.029 11.084
8.7809 9.607
15.139 12.486
12.395 12.288
9.4145 9.0378
9.4533 9.6376
12.303 9.8267
11.988 11.139
13.038 12.289
8.9595 9.1003
15.307 12.813
9.052 9.4845
11.106 11.429
9.7519 9.6897
7.2416 9.3198
10.526 11.113
10.559 12.232
7.1647 7.1916
14.114 12.737
9.6455 8.608
10.981 10.876
11.2 10.636
9.7096 11.26
12.459 13.989
7.493 9.5485
10.499 11.406
10.372 10.71
12.757 10.513
11.285 10.788
14.226 11.016
12.233 11.034
11.827 12.468
12.355 11.981
9.4435 9.9722
13.018 12.638
7.7158 8.8941
15.387 13.313
10.515 9.7687
10.498 8.2896
9.4973 9.0677
11.515 11.002
11.144 8.4825
9.3414 11.27
8.6498 9.5232
8.6753 5.183
11.249 10.735
11.397 12.288
12.29 9.8797
12.913 13.363
9.1428 9.3235
10.512 10.788
10.791 11.845
8.8372 8.265
13.273 13.177
10.976 12.547
10.716 9.9215
7.6675 6.8421
11.091 11.868
10.445 10.228
10.043 10.072
10.031 11.338
9.2795 10.571
13.384 9.758
10.491 10.255
7.9167 8.4235
14.301 13.972
9.1446 8.6614
9.3594 9.5484
9.1928 9.2951
10.802 9.2229
14.245 14.885
8.9929 10.119
8.7081 8.9007
13.139 12.125
12.433 13.999
10.666 8.2082
12.068 12.938
11.629 11.8
7.4294 8.5969
8.4061 7.0337
13.223 12.377
9.9359 10.239
10.711 10.274
10.002 11.004
8.1609 8.3551
13.308 11.713
12.986 13.632
10.47 12.735
6.9323 7.9178
9.277 10.144
9.4305 10.984
10.706 10.384
10.73 10.613
13.301 13.712
12.222 12.263
14.4 12.978
10.013 10.346
5.5856 6.1826
10.133 13.239
11.632 9.1581
10.551 11.44
8.9166 9.5662
12.782 15.669
7.9388 8.1672
11.924 12.572
8.8939 9.7682
6.7433 7.9189
11.963 9.351
15.901 16.183
9.7298 13.047
9.9919 10.008
8.0755 7.6888
8.4116 7.9519
6.551 10.691
7.4092 8.6459
8.6966 10.204
9.0385 10.66
11.473 11.603
11.827 10.189
10.432 11.007
10.735 8.1287
13.903 12.779
10.573 8.1128
10.672 9.8076
10.496 8.2167
8.4324 7.2258
8.9536 10.055
10.636 9.368
11.125 12.032
9.0125 8.0034
