-3 7.2 47.539
13 -5.2 146.69
3.8 -6.4 14.204
11 -3.2 102.91
1 5.2 17.204
7.8 5.6 22.326
-5.4 -3.2 28.824
8.2 -6.4 74.805
2.6 5.6 3.4459
1.8 7.6 20.601
8.2 -1.6 47.161
6.6 1.2 2.5886
10.2 7.2 24.23
-4.2 8.8 81.309
1 -0.4 6.3969
0.2 2.4 12.402
6.2 -5.2 44.696
2.6 2.4 6.7254
9.4 4.8 32.985
5.4 9.6 2.2732
1 -3.2 5.9449
-5.8 -0.4 63.529
-1.8 4.4 31.448
-4.6 3.6 60.52
-1.4 -1.6 6.2695
10.6 6 49.531
-5 12 126.22
3 6.8 2.1116
-0.2 -4 2.6464
1.8 -1.6 1.5658
11.8 6.4 66.052
9.8 1.2 51.674
3 10.8 5.9172
7 -6.4 60.255
-2.6 -2.8 9.266
-4.2 6.4 66.333
-0.6 -1.2 0.76767
2.6 0.8 5.3339
1 8 17.289
9.8 4.8 61.41
3 10 0.47071
-5.4 8 95.631
-4.2 3.2 45.49
2.6 9.2 12.404
-0.6 -0.8 9.8014
-3.4 7.6 68.271
5 4 5.8228
9.4 8 12.089
12.6 -2.8 136.53
7 5.6 8.9228
0.6 2.8 0.29693
9 6.8 27.447
2.2 -3.2 -3.0853
-0.6 4 9.0744
4.2 -6.4 17.88
4.6 3.2 2.8716
5.4 0.4 13.772
10.6 -6.8 113.96
7.4 2.4 23.556
8.6 9.6 12.054
-2.6 4.4 33.718
10.2 3.2 54.528
3.4 0.4 -3.8691
11.8 12 39.095
6.2 -2.8 20.427
1 -5.2 -13.586
0.6 3.6 8.765
1.4 -2 3.7792
3 4.4 3.9033
4.6 4.8 8.6529
10.2 4 41.857
3.4 -7.2 9.6737
1.8 0.4 -1.0698
12.6 2.4 98.735
8.2 -7.6 74.025
-5 -2 33.654
-1.8 10.8 59.062
1 2 16.927
8.6 7.6 27.136
-1 11.6 43.446
8.6 3.2 35.349
2.6 3.6 2.079
6.2 4.4 7.1978
1.4 -1.6 2.1597
-0.6 -2.4 6.2908
4.6 -0.8 -5.3315
9.8 -6.4 93.512
10.2 8 32.485
3.8 -6.8 18.039
5.8 4.4 7.0341
5.4 -2.4 14.217
7 0 21.5
-2.2 -6.8 2.2692
1.8 6 17.806
-0.6 2.8 10.302
-6.2 -6 31.94
9.4 -7.6 99.247
-2.6 2.8 37.706
1.4 1.6 7.2076
13 7.2 67.139
3.8 0 9.9063
-1.8 4 35.413
-0.2 12 49.408
1 -2.8 2.7301
9 -2.8 56.204
-5.4 3.6 80.345
10.2 -2.4 80.536
10.2 -3.2 91.856
-5.8 2 73.78
-3 -3.2 12.099
-0.6 6 23.138
0.2 2 1.8245
-0.6 -2.8 -0.60044
10.2 0 61.886
1 -1.2 -0.047138
6.6 -0.8 18.327
8.6 1.6 36.011
7.8 -4.4 37.71
8.2 1.6 15.839
7.4 3.2 11.767
-3.4 1.2 32.035
-1.4 12 55.189
-2.2 -6.4 12.453
9.8 -3.6 82.929
-4.6 -4.4 24.693
-2.2 0 14.33
5 2 -0.31674
6.2 8.8 0.81688
4.2 3.6 -7.6087
-2.2 2.4 21.357
3 11.6 17.535
9.8 5.2 35.093
12.6 -4.8 138.35
11.4 0.8 87.472
7.4 -3.2 36.063
2.2 -1.2 2.8051
0.2 0.8 -14.008
12.6 0.4 111.42
-0.6 10.8 37.273
8.2 -6.8 73.844
7 -6 50.83
-1 6.8 36.96
11.4 10 27.483
-1 4 23.262
-1.8 4.8 20.968
-4.2 -6.4 3.4913
-3.8 10.4 86.721
5.8 7.2 -5.4132
-1.8 11.6 74.44
-4.6 4 55.903
11.4 6.4 52.005
3.4 12 12.567
5 3.2 8.1026
-0.2 -3.6 -2.2299
4.6 4 -5.2047
10.2 12 21.841
-1.4 4 20.593
1.8 -4 -10.371
5 6.4 1.7868
-1.4 11.6 49.825
-6.2 3.2 78.222
-6.6 3.2 94.367
-6.2 0 61.053
7.8 8.4 9.9789
7.8 1.6 18.979
13 8.8 56.533
-4.6 9.6 98.672
7.4 -5.2 56.263
-5.8 8 124.01
3 -6.4 7.1283
1 9.6 28.899
3 12 1.8914
7 3.2 19.424
8.2 7.2 20.287
-3.4 -1.2 21.846
-5.4 4.4 78.381
9.8 -6.8 95.365
6.2 -0.4 25.821
-6.2 -7.6 34.894
9 -3.2 78.151
5 6 -5.8678
-2.6 -4.8 6.0498
10.6 -2 71.862
11.8 -3.6 126.34
12.6 4 88.148
-5.8 0.8 59.498
0.6 4.4 14.084
-0.6 0 -2.771
4.6 -7.6 25.564
-1 -2 -5.3744
-5.8 11.6 144.04
0.2 -2.8 10.027
5.8 8.8 16.001
5.8 8.4 -4.1815
-4.6 -1.2 40.452
-3.4 10 71.269
-4.2 12 93.585
1.4 10.4 15.379
1 4.8 5.5263
-5.8 4.8 95.475
-1 5.2 22.57
-3.4 -5.6 19.116
11.4 -1.6 94.665
-3.4 5.6 55.645
11.4 8 42.554
-3.8 -4.4 21.163
-3.4 -3.6 4.1527
7 -2.8 43.834
-1.8 -1.6 19.42
10.2 -2 70.655
8.2 8.4 10.447
3.4 -1.6 2.2788
-6.6 -4 51.22
1.4 0 -5.1527
11.4 6.8 58.855
-1.4 3.2 18.722
2.2 4.4 3.2495
11.8 -2 109.3
8.6 5.6 22.733
7 8.4 13.127
11.4 3.6 64.902
-5 0.4 50.929
-3.8 3.2 45.718
-3.4 0.4 38.228
-0.6 -4.4 2.5527
6.6 1.6 17.304
-3.8 -5.6 10.121
3.4 -3.2 9.0084
11 8 33.964
-1.4 2 15.448
9 4.8 26.119
-4.2 -0.4 38.955
6.6 4 4.6338
-2.6 0.4 18.014
6.2 2.4 1.3229
3.8 7.6 -12.364
1.8 6.4 -1.8725
-2.6 0.8 22.811
-6.6 6 107.89
6.6 2 10.203
-0.2 9.2 23.451
8.6 6.4 18.286
9.8 8.8 21.699
0.2 1.6 12.108
-4.2 -6.8 13.038
12.6 7.2 70.134
6.6 8 7.7109
-2.2 0.8 24.712
2.6 -5.6 -0.97509
-5 5.2 65.994
-2.6 1.2 15.362
1.4 2.8 0.8533
12.6 8 66.111
-3.8 8.8 85.408
13 -4.8 156.17
0.6 -3.2 10.69
7 -4.4 37.912
0.2 5.6 12.701
-6.2 0.8 72.04
8.6 -0.8 55.072
-3 11.2 80.791
-6.2 -1.2 58.943
1.4 2.4 -5.716
9.8 -2.4 84.403
-4.2 -7.2 12.337
3.4 2.8 -3.463
3.4 -4.4 4.9834
-1.4 -5.2 16.89
5 8 -0.51895
9.4 4 33.274
2.6 -3.2 -0.17057
-5 11.2 112.53
1.8 4 2.9375
7.4 10 3.5885
-1.4 -2.8 8.8059
6.6 -7.6 50.59
3.4 2.4 16.442
6.2 2 9.2195
-2.2 12 58.32
7.4 6.8 13.345
-1 10.4 35.147
-3 8 56.282
-0.2 5.2 15.772
-0.6 3.2 11.66
10.6 8.4 34.284
9 5.6 18.719
4.2 0.4 0.23764
-3.4 -6.4 10.864
5.4 9.2 10.602
8.2 -0.4 49.218
10.6 -1.6 93.048
12.6 -6.8 162.26
-6.6 12 159.21
8.6 -4.8 66.155
11.4 4.8 65.151
12.2 -2.4 115.81
0.6 -2 -6.0596
5 0 14.055
11.8 -3.2 114.61
12.2 2.4 91.183
2.2 5.6 9.2337
4.2 10.8 5.9085
9.8 10 30.672
7.4 8.4 9.7977
1.4 -0.4 -0.063067
0.6 -7.6 0.22023
3.4 -4.8 16.233
8.6 -4 60.877
-4.2 5.2 62.558
-0.2 -2.4 3.8132
9 10.4 13.616
10.2 2 65.45
3 9.2 3.8055
4.2 5.2 5.4562
2.6 10 4.1494
6.2 -3.6 26.677
5.4 6 9.9856
-3.8 -0.8 27.328
7.8 8 22.369
7.8 -2.4 49.687
10.6 0 67.21
4.6 -2.8 16.166
6.6 0 18.26
-6.6 -1.2 57.8
12.6 -0.8 108.45
8.2 -2.8 60.227
1.8 9.2 9.618
6.2 -2.4 36.638
8.6 0.4 49.258
10.6 2.4 53.315
9.8 6 25.846
-2.6 7.2 49.566
-1.4 11.2 55.494
-6.2 1.6 68.986
-0.6 11.6 43.468
5.4 -5.2 27.099
-3 -6.4 5.4186
-1.8 1.2 17.276
3.8 3.2 9.5687
10.2 1.6 42.744
11 -4.4 100.5
7.8 0.4 26.116
-1.4 -6 2.2351
-6.2 6.4 99.771
2.2 10.4 18.069
9.8 2.8 38.611
0.2 7.2 16.257
0.6 -0.4 0.50727
-3 -4.4 15.412
-6.2 -6.8 32.616
0.2 -6.8 11.075
1.8 3.6 3.8454
4.6 7.6 -2.8437
-1 0 0.0081054
-0.2 -5.2 -1.5726
1.8 8.4 -3.1791
-3.8 4 39.143
6.6 10.4 1.4633
11.8 -2.8 108.51
-5.8 -6.8 31.658
-6.2 6 102.97
-3 11.6 76.997
10.2 9.2 24.407
6.2 -7.2 45.3
2.2 -5.2 8.664
-5 -3.2 37.663
-5.4 -2.4 45.538
1 -5.6 -0.24715
0.6 6.4 5.1864
13 -3.2 145.36
5 -0.4 1.8006
11 -1.6 82.256
-6.2 -3.2 47.354
5 8.4 5.296
-4.6 5.6 76.406
-5.4 0 54.844
4.2 1.2 12.682
12.2 4.4 67.991
-0.6 2 8.3351
-5.4 2.8 71.502
11.8 5.2 63.675
0.2 -0.4 -3.4652
11.8 -4 119.6
-6.6 -2.8 51.608
5.8 -2.4 12.679
-3.8 1.2 30.614
9 6 29.69
3 0 3.3227
3.4 8 3.0569
0.2 2.8 -1.6159
2.2 8.8 14.927
-2.6 -3.2 4.9709
0.6 5.6 7.6275
-5.8 2.4 70.373
-3.8 11.6 89.722
13 0.4 118.83
-6.6 11.6 158.63
11.8 10.4 32.859
-0.2 -4.4 1.0516
-2.2 -6 6.1151
6.2 -1.6 20.749
2.2 -7.6 18.632
13 1.6 105.47
-3.8 10.8 92.877
3.4 -6.8 17.688
-5.4 2 57.01
-2.6 -2 15.016
-1.8 8 48.613
-0.6 5.6 29.298
-5.4 -2 35.787
5 5.6 4.8315
11.4 -3.6 107.85
11.4 0 77.601
-2.2 -3.6 3.262
6.6 -4.8 51.936
-0.6 3.6 8.2045
3.4 5.6 -1.0826
5.4 1.2 15.376
-3 -4.8 13.291
3.4 2 -11.77
-5.4 8.4 96.828
-6.2 9.2 131.13
11.4 -2 92.805
-1.4 10 48.302
-4.2 4 39.075
9 1.6 46.434
9 3.6 36.151
4.6 -7.2 12.891
1 6 5.8138
5.4 2.4 5.5741
1.4 0.4 -3.9347
4.2 -4.8 21.207
-6.2 2 82.563
-0.6 -4.8 8.9978
-1 12 62.657
0.6 10 24.822
6.6 -6.4 41.472
-3 9.2 70.905
-1 -6.4 0.1036
-1.4 4.8 27.491
8.2 10.8 7.2968
5.8 10.4 0.089302
-5.8 -0.8 56.911
6.6 0.4 13.98
10.6 11.6 24.121
-6.6 -0.4 66.772
-2.2 6.4 41.758
13 8 76.107
1 -4 2.7784
-4.6 12 123.78
11.8 10.8 46.141
5 5.2 -2.7417
-5.4 -1.6 48.274
0.6 0.8 -10.705
-4.6 10.4 102.4
1.4 -6.8 -1.1305
-1 3.6 33.207
12.6 5.2 80.207
11.8 1.6 87.571
6.2 -4.8 37.853
9 10.8 21.04
6.6 -2 32.555
12.6 0.8 109.78
4.2 8 -8.3665
-6.6 0 72.107
5 0.4 16.067
-4.2 1.2 46.305
7 3.6 10.41
0.2 0.4 1.0209
9 -1.2 55.548
-4.6 8 83.212
10.2 -7.2 117.44
12.6 -6.4 165.74
-0.6 7.2 24.966
-5.4 -6.8 24.411
-2.6 4 29.611
10.2 -4 89.874
-4.2 -7.6 23.394
6.6 -3.6 17.319
-5.8 4.4 78.857
9.4 12 15.353
-1.4 -4 1.5041
0.6 -5.2 -2.3224
-1 7.6 29.558
11 1.2 69.896
-6.6 -1.6 62.843
11 4 48.602
4.2 9.6 -4.5586
-3.4 -7.2 9.2385
10.2 2.8 49.847
-4.2 4.8 64.971
11 7.6 44.896
0.6 6.8 21.002
-4.2 -5.2 28.456
-5.8 4 79.525
-3 2.8 15.203
1 2.4 -2.2085
-5.4 -4 40.723
-1.8 6.4 37.75
-3 5.6 56.261
-3 -3.6 6.8545
11 -5.2 110.28
-2.6 -0.4 5.5492
1 10.8 30.579
12.2 3.6 73.976
-6.6 4.8 103.38
-4.2 5.6 64.564
12.2 -7.2 163.12
-0.2 6 19.606
13 -0.4 113.78
12.2 0.8 91.112
-5.4 -2.8 33.725
9.4 8.8 28.333
-5 -4.4 30.611
11 11.2 35.496
2.2 -5.6 8.0316
3.8 5.6 4.9553
4.2 12 8.3792
4.6 3.6 0.054234
-5 -6.4 31.331
11 9.2 35.561
9.8 -3.2 84.519
9 -6.8 88.234
-2.2 2 23.764
9.8 8 29.882
10.2 4.8 45.006
-6.6 8.4 134.82
6.6 11.6 11.451
1 -3.6 -0.81987
-6.2 8.4 133.31
4.6 6.8 4.8392
10.6 6.8 36.288
12.2 6.8 51.428
-6.2 -4.4 32.425
11 -6.4 135.5
1.8 -7.2 12.501
3 4 1.9756
9.4 6.8 30.883
12.6 10.4 47.47
1.4 -6 7.7294
3.8 8.8 -2.4327
-0.2 9.6 42.641
9.8 -7.2 89.613
0.2 4.8 8.8348
-2.2 -4.8 19.574
11.4 -0.8 94.372
1.4 -2.4 4.7103
1 5.6 10.143
5 -2.4 26.873
-2.2 -5.6 4.0596
0.6 -2.8 -2.0748
-1 6.4 30.701
-3 8.4 42.951
-6.6 -7.6 43.623
-1 -4.4 0.73821
4.6 0.4 8.2665
4.6 6.4 2.7583
10.6 -4.8 94.874
6.6 -4 44.734
8.2 4.8 18.076
5.4 7.2 2.3391
-1 7.2 15.648
9 8 19.265
-3 0.8 36.412
0.6 -4.4 2.5497
1 2.8 9.1263
3.4 4.8 2.6703
-4.6 -2.4 28.94
-1.8 2.8 14.573
11 -0.8 79.27
-6.6 5.2 96.443
9.4 10.8 6.5745
-6.6 8 125.83
4.2 -7.6 23.793
-5.8 3.6 78.733
6.6 -6.8 39.684
13 6.8 89.808
5 -3.6 13.6
-4.2 10.8 92.566
13 11.6 52.72
10.2 5.6 45.948
9.4 -5.2 87.767
6.2 1.2 2.9443
4.2 -1.6 -7.3267
10.2 -5.2 93.023
6.2 8.4 -5.0542
7.4 -0.4 23.723
-1.8 10.4 56.929
3 8.4 4.5377
-5.8 9.2 114.61
5.8 12 5.4452
-3 9.6 65.725
-5.4 8.8 103.36
-1 0.4 7.0313
2.6 -6.4 8.6429
-1.4 -4.8 -2.3824
7.8 -1.6 39.632
6.6 2.4 8.2154
-0.2 10 29.111
6.2 2.8 10.639
12.6 -1.6 123.33
-6.6 -6 40.289
3 -6 6.3519
5 2.8 3.2785
-5.8 0.4 45.142
6.2 -7.6 46.084
13 4.8 85.172
2.2 2.4 -3.5898
0.6 11.2 32.358
10.6 12 25.498
-6.6 -4.8 49.189
3.4 0 9.0088
10.6 7.2 44.776
9.8 -7.6 112.37
-1.4 -0.8 12.116
12.6 -7.2 163.26
8.2 -4.8 60.998
-2.6 -1.6 9.2424
1.4 -1.2 -12.359
4.2 -7.2 25.754
-2.2 4.8 30.331
11.8 8.8 42.601
-0.2 6.8 3.8622
-2.2 -2 3.8785
13 0 117.18
1 7.2 14.246
3.4 11.2 12.992
-6.2 10.4 143.05
1.4 -4.4 6.8123
-5 6 90.43
-3.8 4.8 56.084
-2.6 11.2 78.08
-5.8 -2.8 40.718
0.2 -6.4 9.5378
-5.4 -7.6 28.572
7.4 7.2 10.54
10.6 -0.4 78.9
10.2 -4.4 72.151
2.6 7.2 7.1229
10.6 4 40.652
4.6 -6.4 14.953
-2.2 10 58.31
7.4 6 6.5369
3 1.2 3.9541
-1.4 1.6 14.49
-2.2 3.2 11.81
3 -4 7.4858
-3.4 -2.4 27.605
9.8 -1.2 69.718
5.4 12 -1.7782
8.2 2.4 38.355
9.8 7.2 32.76
1.8 0.8 -8.2307
12.2 -6.8 144.28
5.4 -4.4 28.575
5.8 6.4 2.1059
11.8 4.8 69.763
3 0.8 14.272
6.2 -6.8 49.348
-1.4 -6.4 11.917
3.8 -4 0.98699
-5 -1.2 47.573
-4.2 -2 28.654
2.2 12 19.982
-3 0.4 17.713
-5.4 3.2 64.531
11.8 7.6 52.932
11 -4.8 116.18
3.8 3.6 -6.2231
-6.2 7.2 117.38
2.2 1.2 -3.1697
-3 -5.2 5.8268
3.8 -7.2 16.661
13 -6.4 176.75
11 -0.4 82.125
-1 -3.2 5.5873
6.2 -2 27.313
-4.6 -3.6 30.167
2.2 10.8 17.335
7.4 -7.2 67.337
9.4 -4.4 86.88
12.2 -4.8 141.23
-4.2 -6 17.163
-0.6 11.2 48.093
-3.8 8.4 76.013
8.2 3.2 29.223
9 9.6 19.681
-2.2 8.4 51.133
1.8 1.2 0.597
-6.6 2.8 87.702
10.6 4.4 53.763
2.6 1.6 -10.608
11.8 -6 138.75
2.2 11.6 15.826
8.2 10.4 6.9642
0.2 -3.2 -13.608
11.4 -7.6 131.1
11.4 5.6 58.694
7 4.8 5.8606
3.4 4 -3.663
-1.4 10.4 51.068
-0.2 8.8 33.02
3.8 10 5.842
5 -2.8 16.831
-2.6 -6.4 -1.2214
1 8.4 10.969
-2.6 10.4 64.325
11.4 12 27.893
13 -2.8 142.91
7.8 -3.2 57.076
2.2 0.4 -4.9791
8.2 -2.4 48.167
-3 2.4 36.164
5.8 -4.8 34.11
6.6 2.8 9.5059
3 2.8 7.5967
-3.8 2.8 49.433
12.2 6 68.734
3.4 -7.6 29.472
-6.6 -2 58.165
10.6 2 62.627
-6.6 0.4 65.995
-2.2 7.6 52.889
4.2 -0.4 4.4141
7.4 1.6 20.006
-3 -0.4 23.08
4.6 5.2 7.2579
2.6 -1.6 -4.0109
5 -1.6 13.748
4.6 1.2 -2.4438
-3 5.2 37.253
0.6 3.2 12.522
13 3.2 84.4
-3 -2.8 17.625
4.6 9.2 14.362
10.6 -2.4 89.992
2.6 8.4 11.317
0.2 4.4 10.244
8.6 4.4 22.451
4.2 -6.8 17.682
9.8 -2 60.87
7.8 11.6 -3.7545
7.8 -5.2 49.538
1.8 -7.6 0.30958
13 8.4 69.157
9.4 6 23.845
-1 -3.6 1.7593
-1.4 9.6 52.811
3.4 -5.6 2.9341
-5 6.4 84.025
6.6 0.8 19.213
0.6 -6.8 7.5797
9.8 10.4 5.5281
8.6 -1.6 44.828
-6.2 -5.2 33.569
5 4.4 11.233
11 7.2 41.084
1 9.2 17.081
9 4 32.953
11.4 -6.4 132.94
-2.6 3.2 28.331
-3.8 -6.4 11.416
-5.4 0.4 60.344
-3.4 2.4 37.36
-5.8 1.6 71.79
1.4 0.8 -7.6675
-1 2 5.2938
-1 10 56.86
10.6 -0.8 75.466
9 -4.4 61.831
3.8 8 2.9428
-5.4 -0.8 50.412
4.2 -5.6 6.3172
-5.8 -3.6 36.145
-0.2 -5.6 0.61212
9.4 -3.6 78.152
2.2 3.2 8.0366
-5.8 6.8 106.9
6.2 -0.8 15.904
7.4 9.2 7.1888
-2.6 9.6 52.596
4.6 9.6 5.4283
-6.6 9.6 145.8
1.8 2 -4.7251
11.8 2.8 78.478
0.6 8.8 14.149
3.8 6.8 -1.8811
1.4 5.6 2.6414
3 -5.2 0.49786
3.4 -1.2 -0.84044
0.6 9.2 28.165
-5.8 -5.2 44.377
-4.2 9.2 88.66
12.2 12 39.852
7 11.2 8.8241
-6.2 11.6 150.69
4.6 -1.6 12.403
-2.6 6.8 52.897
7 4 11.936
1.4 -2.8 0.0067484
-6.6 2 84.522
11.4 -4.4 121.11
7.8 -7.2 68.78
-4.2 0.4 42.129
7.4 -6 57.199
4.6 5.6 0.99093
7 4.4 12.396
-5.4 1.6 64.989
-0.2 5.6 18.768
-4.6 8.8 89.838
1.4 9.2 23.287
4.2 2 7.3466
8.6 5.2 18.772
7 2.4 19.167
2.2 -1.6 -7.95
-1.8 -5.2 11.817
2.6 -1.2 -1.1349
-5 0 52.701
5.4 -4.8 22.002
8.6 11.6 16.163
13 9.6 65.314
8.6 -5.2 60.828
-3.8 -0.4 28.344
6.2 6.8 5.3799
4.6 -2.4 9.4389
3.4 10.4 4.3396
5.8 1.6 -1.6394
-4.6 1.6 50.305
13 -5.6 167.09
3.8 4.4 -5.3416
9.8 6.4 42.092
6.6 5.6 14.734
-3.8 9.2 87.787
5.4 -2.8 16.209
8.6 -3.2 59.797
-5 2.4 58.67
10.2 11.2 20.863
-5.4 4.8 77.341
7.4 5.6 14.163
0.2 10.8 27.893
-3.4 -4 21.559
-2.6 -5.6 10.651
7.8 1.2 35.855
-5.4 11.2 123.26
-3 -5.6 16.814
7 7.6 9.1855
-3.4 11.6 84.912
10.2 -6.8 109.76
7.8 12 11.809
12.2 1.6 103.33
9 -4 75.791
2.2 6 14.99
4.6 -5.2 8.84
-5 9.6 100.66
-5.4 5.2 83.986
3 -2.8 8.7332
1 4 16.172
-4.6 -0.8 43.86
5 1.2 3.6069
-3.4 -4.8 7.5404
-2.2 3.6 25.093
-5 -4 37.892
7 11.6 10.284
10.6 5.6 44.315
2.6 4.8 0.27233
5.8 -3.2 31.025
-3 3.2 28.94
-4.2 2 51.853
2.2 -2 6.2634
12.6 -2.4 130.74
11 0 83.024
2.2 2 -4.5723
8.2 8.8 10.737
10.6 10.8 43.557
9.4 -4.8 82.158
0.2 3.2 15.865
-1.4 5.2 27.82
-3.8 -5.2 8.429
7 2.8 17.042
8.6 0.8 58.896
-0.6 9.6 33.369
8.6 2.8 26.219
3.4 -0.8 4.9191
-3.8 10 95.326
-1.4 0 12.385
7.4 -4 55.088
-1.8 0.8 22.846
-6.6 4.4 108.38
5.4 -1.6 28.544
11 10 31.747
6.2 6.4 1.8986
-5.8 12 139.41
5.4 10.8 5.1889
-6.6 -5.6 38.326
-2.2 -4 7.5638
1.8 -4.8 -0.51397
11.4 -1.2 88.302
0.6 1.6 -3.2073
-5 -0.4 39.029
13 -7.6 189.37
10.6 9.6 28.72
-3.4 11.2 84.171
-1.8 12 59.32
6.2 12 9.7235
5.4 4 11.601
-1.8 3.2 24.936
11.4 3.2 72.161
3.8 -0.8 10.504
-5.8 3.2 76.409
11.8 -2.4 97.101
11 10.8 16.669
3.4 9.6 5.1576
7.8 -4 56.119
6.2 3.2 7.9645
2.6 -4 -11.915
10.2 8.8 34.944
5.8 -2 17.396
10.2 -1.2 62.591
-5.8 10.4 126.83
8.6 -5.6 69.72
-3.8 -2 11.489
9.8 9.2 24.905
10.6 1.2 65.019
1.4 4.8 -2.8454
5.4 -7.6 34.131
-6.6 8.8 123.25
9.8 -4.4 72.866
-1 5.6 20.017
-5 -1.6 39.725
9 7.2 22.932
7.8 -6.8 62.767
10.6 -5.6 109.69
9.8 3.2 45.685
7.4 -2.4 41.966
7.4 -6.8 57.638
11.8 9.2 45.375
-5.8 2.8 75.566
1 11.2 30.814
4.2 -1.2 15.237
10.6 9.2 31.938
5.8 -2.8 18.623
12.2 7.6 43.416
11.8 6 62.551
3.4 3.2 -0.35246
-5.4 -3.6 41.425
-6.2 5.6 101.02
-6.6 4 94.427
2.6 -3.6 8.1338
0.6 2 -2.7661
10.2 3.6 52.335
7 -2 27.085
-5.8 -6.4 29.197
11 -6.8 130.87
10.6 0.4 58.195
-6.2 -2.8 45.222
9.8 0.8 51.006
10.2 8.4 34.909
6.2 0 10.804
-0.6 -7.6 1.0564
9.4 -2.4 52.549
1.4 -3.6 2.5303
-3.8 -2.4 26.465
-0.6 -7.2 -1.4364
3 3.2 0.82062
5 -6 29.073
-2.2 -1.2 20.468
7.4 1.2 33.151
-2.2 1.2 27.722
2.6 -0.4 -10.978
-6.2 8 121.49
-2.6 12 65.645
-5 7.6 82.121
-5 7.2 94.761
3.8 6.4 -8.3019
9 1.2 37.678
1.8 7.2 4.7568
1 -6 4.5353
5 -5.6 20.664
-3.4 3.6 51.565
1.4 -5.2 -5.9557
-5.4 1.2 65.734
13 9.2 61.951
4.2 2.8 1.9624
1.8 5.6 -9.0582
-2.2 -0.8 12.052
12.2 2.8 86.262
-1.8 1.6 7.1811
-4.6 -6.4 15.815
-2.6 8 53.328
1.4 -7.6 12.003
-3.4 6 59.004
-5.8 11.2 128.55
1 -0.8 2.4873
-1 2.4 8.3703
0.6 10.4 31.496
0.6 -3.6 -2.9404
8.2 3.6 21.812
0.6 -2.4 -6.7391
1.8 10.8 19.052
10.6 -4 101.21
5.4 10.4 13.152
-6.6 10 145.83
9.8 -4 89.893
-0.2 -4.8 16.892
-5.8 -5.6 23.286
5.8 5.6 3.1001
7.4 -4.4 48.602
-3.8 -4 23.939
6.6 -2.8 31.23
0.2 11.6 44.542
11.8 1.2 82.802
-0.6 -6.4 2.1972
-0.6 8.4 37.336
3.8 6 -2.4343
7 10.4 4.0372
11.8 -5.6 124.56
-6.2 2.4 80.758
11 4.8 48.747
3 -6.8 8.4625
3.8 9.2 3.8469
5.8 2.8 8.6367
11.4 -7.2 133.06
-4.2 6.8 64.807
-0.2 -2 13.111
-4.2 7.2 79.968
-3.8 3.6 36.606
7 -4.8 45.665
12.6 -3.2 135.98
8.2 5.6 4.8497
-6.6 9.2 133.35
5.8 8 15.319
3 9.6 8.5054
5.4 11.6 4.7816
-1.4 -7.2 8.9538
0.2 -7.6 -1.7671
2.2 9.2 8.7246
7.8 5.2 15.523
11.4 5.2 57.41
9.8 4.4 42.423
10.2 7.6 35.431
4.2 6.8 -4.6097
9 9.2 17.735
-4.2 -2.8 30.79
7.8 7.6 1.3652
1.4 10.8 23.693
3.8 -2.4 -1.7933
8.6 8.4 16.604
-1.8 -5.6 9.9503
7 6.4 24.993
7.8 11.2 0.55866
11 -3.6 108.29
8.6 2.4 32.682
7 9.2 -0.66725
8.6 -2.8 54.132
2.6 1.2 2.7009
-6.6 7.2 117.44
-1 8.8 34.839
-6.6 -5.2 45.921
-5 -0.8 54.7
4.2 7.6 15.241
4.6 11.2 9.0138
1 12 31.033
8.2 0.4 30.891
4.6 1.6 1.5852
-6.2 12 157.9
-0.6 1.6 14.08
6.2 0.8 14.689
3.4 -2 0.20701
4.2 6 -7.7048
4.6 -4.4 13.508
5 -4.4 19.911
0.2 8.4 30.527
7.8 9.2 11.533
2.6 2 -11.455
-5 -6.8 20.393
3.4 -5.2 14.415
11.8 0.8 89.422
-3.4 6.4 50.957
3.8 2 -0.49396
-1 6 28.623
7 -7.2 69.443
3.8 11.6 3.3474
-2.6 6 44.819
3.8 0.4 8.9451
1 4.4 -10.873
-3 -6 10.472
9.4 -1.6 64.187
12.2 -4 127.76
9.4 -4 68.95
9.8 4 41.566
7.8 -6 68.729
-1.4 -2 6.0192
6.6 11.2 19.703
-3.8 -1.2 22.895
9.8 10.8 13.055
8.2 -3.6 64.682
8.6 10.4 28.875
-6.6 3.6 99.985
2.2 -4 -2.0942
11.4 2 77.317
9.4 8.4 18.696
-5.4 10 118.87
-2.2 8 37.442
9.4 7.6 15.775
7.8 -7.6 68.913
-3.4 8.8 66.443
-5.4 7.2 98.369
11 -7.6 128.54
-6.2 -0.4 61.057
7.4 3.6 27.617
-2.2 10.8 71.034
-2.2 1.6 38.249
-2.2 4 27.983
-2.6 -6 4.2926
-3.4 -0.8 31.339
11 3.2 59.953
6.2 7.6 0.47386
3.4 -6.4 12.954
1.8 -3.2 -8.9093
7.4 6.4 15.729
-2.2 6.8 38.104
10.6 -3.6 97.745
2.6 -7.2 2.7587
3 -0.8 -4.0877
-0.6 -5.6 3.1584
9.4 6.4 28.208
13 2 110.84
-1.8 5.6 32.7
10.6 -6.4 112.85
-1.8 2.4 26.589
7 -3.6 38.914
9 -4.8 71.576
1.4 11.6 25.607
9.4 11.2 20.116
5.4 11.2 9.4744
3.8 -0.4 7.537
-1.4 3.6 15.562
7.4 2 25.331
7 6 31.382
6.2 1.6 4.9822
-1 -1.2 16.852
4.6 -2 15.229
3.8 1.2 2.1606
-5.4 -4.4 27.33
8.6 8.8 22.067
11 3.6 55.111
4.2 -3.6 6.3199
9.4 2 43.956
-5 3.2 61.471
3.8 -3.6 11.663
12.6 7.6 76.709
-6.6 11.2 156.1
9.8 5.6 37.108
4.2 6.4 -1.9453
-6.6 -2.4 59.54
-6.2 -2 53.244
11 -2 85.287
11 5.6 45.432
1.4 9.6 20.347
9 11.6 15.457
12.2 9.6 50.954
-6.2 -2.4 43.099
-4.2 -1.6 24.339
7.4 -7.6 65.076
6.2 11.2 8.7334
-1 9.2 28.06
-1.4 2.8 22.817
8.2 -3.2 45.351
7.4 8.8 -0.51572
-1 -1.6 29.331
-6.2 7.6 103.91
8.6 11.2 15.932
11.8 11.6 37.485
-4.6 -7.2 9.7746
1.4 -5.6 -2.992
11.4 6 52.996
8.2 8 4.6924
9 4.4 42.013
3 -4.4 19.89
5 8.8 4.2135
11.4 2.4 72.42
-3 0 20.557
-1 -2.4 1.9139
13 10.4 55.782
-1.4 -4.4 -4.7541
3 8.8 6.1071
-2.2 -3.2 11.001
4.6 -1.2 3.9885
3.8 -5.2 14.593
-1 -6 -0.99569
4.2 1.6 1.4338
-5 -2.8 42.848
11.4 2.8 74.303
-3.4 10.4 75.86
7.4 7.6 17.538
-4.6 6.4 65.841
-4.6 -2 42.579
8.6 6.8 21.186
10.6 -1.2 76.237
3 0.4 11.878
0.6 -5.6 -2.7054
-3 10.4 67.696
-0.6 1.2 7.7296
-3.4 0 28.672
-0.2 -6 5.0903
-3.8 2.4 36.764
-2.2 4.4 32.488
5 -4 21.723
3.8 2.8 -5.1726
1 7.6 12.006
11.8 -1.2 101.43
8.6 -3.6 53.664
2.6 -2.4 -4.0636
9.4 4.4 43.871
-1.4 8 40.984
6.6 6.8 7.6558
2.2 6.8 9.3467
-4.6 7.2 76.003
1.8 6.8 4.2839
3.8 10.4 -6.3803
-4.2 11.6 92.759
-2.2 -4.4 7.0891
5.4 -6 35.679
-3.8 -2.8 28.988
-3.8 5.6 57.759
5.4 3.6 1.9438
9.8 -0.4 64.83
12.2 6.4 67.983
13 2.8 106.88
-0.6 4.4 4.0699
-3.4 5.2 51.447
8.2 9.6 16.42
2.6 2.8 13.104
2.2 -2.4 -10.169
-4.6 8.4 93.481
-2.2 -2.8 10.22
7.4 11.2 3.7249
8.6 0 35.614
11 2.4 59.792
-2.6 -2.4 12.313
-0.2 2 24.975
-0.2 0 -1.2776
-3.4 9.2 56.149
1 -4.4 -9.4094
6.2 6 -4.9149
5.8 9.2 24.033
-5.8 -4.4 34.19
1 10 20.297
7.4 -1.6 40.882
-1 -4.8 2.3635
-0.6 7.6 22.67
-2.6 2.4 26.061
7.8 9.6 3.0178
9 -6.4 91.701
5 -7.6 23.803
5 11.2 0.98704
1 0.4 1.6273
-3.8 -6.8 14.837
12.6 -3.6 134.87
3 5.2 1.4063
5 10 1.1093
-0.6 2.4 5.6266
5.8 7.6 -8.3599
11.4 7.2 46.116
3.4 11.6 6.7041
-6.6 1.2 81.095
8.2 6.8 11.863
3.4 1.2 -4.7728
-3.4 1.6 26.424
-5.4 -5.6 32.908
12.6 4.4 81.415
-2.6 5.6 52.265
5.4 8 -2.9339
8.6 -7.6 81.961
-2.2 0.4 15.82
9.8 11.6 28.543
-2.2 5.6 42.709
12.6 6.4 64.35
7.4 2.8 24.629
-3.4 4.8 45.752
4.6 8.4 8.0513
-6.2 5.2 91.635
12.6 6 86.291
10.2 0.4 60.625
0.6 11.6 30.595
7.8 10 18.119
8.6 4.8 20.403
12.2 5.2 66.378
1.4 6.4 -4.8174
2.2 -6.4 3.4986
-2.6 -7.2 5.3188
-0.6 8 26.821
10.6 5.2 39.42
-3 -2.4 12.126
11.4 -5.2 126.97
6.6 -1.2 18.161
-6.2 10.8 128.72
-6.2 -1.6 63.981
-1.8 -4 6.904
1.4 7.2 3.9428
-4.2 3.6 55.762
-5.8 9.6 116.63
9.4 10.4 8.1614
5 -3.2 9.114
-6.2 11.2 147.43
-4.6 -4.8 13.289
8.6 -6 71.738
12.6 3.2 90.945
-3.8 6 63.748
10.2 -3.6 84.561
-0.2 10.8 41.027
7 1.2 24.86
1.8 -6.4 3.4213
6.2 -4.4 47.689
3 7.6 11.769
9.4 -2.8 60.139
10.6 -7.2 122.82
4.2 -2.8 5.0727
9 8.4 31.009
3 11.2 12.924
1.4 6 8.6103
2.6 12 17.436
-3.4 -3.2 16.071
5.8 4.8 4.8819
-6.2 1.2 68.878
0.2 -5.6 -8.5504
12.2 0 111.96
1.8 -0.4 -12.324
6.2 8 12.25
0.6 -4.8 1.6145
7.8 -1.2 27.628
-0.2 0.8 6.5525
0.2 7.6 28.112
-6.2 -3.6 45.568
0.2 -5.2 -1.5003
5.8 3.2 9.4439
-5.8 7.2 94.756
-4.6 2.8 59.163
-2.6 4.8 37.835
6.6 4.8 14.482
9.4 -0.4 56.032
3.8 5.2 -4.1615
5 2.4 0.5593
1.8 -2.8 -1.1194
13 1.2 110.94
5 11.6 2.0466
11.8 8 53.221
7.4 4.4 18.653
-5 -2.4 37.627
8.2 4.4 31.312
9 -7.2 84.944
11.8 -6.4 141.74
-6.6 -3.2 56.781
9 0.4 54.866
11 5.2 55.603
-3 10.8 73.547
2.2 9.6 18.927
2.6 11.2 2.2618
12.2 -2 122.06
1 11.6 27.344
12.6 1.2 104.29
5.8 -4 27.109
-2.6 0 21.309
-3 12 78.643
-3.4 -2.8 24.647
0.2 5.2 13.815
-4.6 4.8 63.247
-0.6 4.8 9.9254
12.6 9.6 53.629
4.2 -3.2 8.1631
10.6 4.8 48.37
5.8 -1.2 9.2933
9.8 -6 96.173
9 -3.6 63.923
7.4 -2 42.135
-6.2 4 85.169
5.8 -4.4 22.89
2.6 10.4 23.131
-4.6 11.6 115.17
0.2 12 42.216
3.4 5.2 4.1131
-1.8 7.2 46.759
9.8 9.6 24.791
-0.2 8 23.867
-1.8 -4.4 -0.33185
-0.6 -4 4.6586
4.6 2.8 5.4775
3.8 -5.6 -1.0569
-5 8 88.661
6.6 -0.4 19.929
7.4 -6.4 53.809
9.4 1.2 37.006
5 6.8 0.032838
-1.8 -3.6 7.441
-5.8 -7.6 28.787
-3.4 4.4 55.361
1.8 3.2 -6.5723
1 10.4 16.301
8.2 -7.2 69.124
-1.4 6 38.443
-3.8 1.6 32.028
3.4 -6 6.4736
3.4 6.4 12.222
-6.6 -6.8 37.255
1 1.2 1.053
11.4 9.6 46.03
-5.8 6.4 100.94
-4.6 -5.2 20.218
9.8 11.2 22.39
-5 11.6 123.52
8.2 7.6 15.137
1.4 10 19.486
5.4 7.6 -4.4323
-4.2 -3.6 26.751
2.6 -2.8 4.029
4.6 -3.2 20.984
7 0.4 28.148
-5.4 10.8 108.7
3.4 7.2 -9.2333
-1.8 -6.4 5.3497
11 6.8 49.258
6.2 -6 45.478
-4.6 2.4 45.649
2.2 7.6 10.137
0.2 11.2 38.661
-0.6 12 41.904
7.8 0 33.15
-0.6 -3.2 6.8365
3.8 10.8 11.544
9 -5.6 77.11
-5.4 9.2 108.13
9 3.2 37.685
5.4 -6.4 41.318
-4.2 9.6 95.795
9 -2.4 64.714
8.6 -2.4 56.785
-5 -7.2 19.613
11 11.6 42.53
-5.8 7.6 99.267
-6.6 10.8 159.46
6.2 10 9.3515
12.2 10.8 47.39
11.8 3.6 60.34
7.4 5.2 14.741
-2.6 6.4 31.396
-0.6 6.8 14.982
-2.2 -0.4 13.638
8.6 -1.2 41.857
-5.4 -6.4 19.183
5.8 -7.2 23.049
0.2 6.8 23.781
10.2 2.4 60.017
2.6 0 4.7756
-3.4 4 39.58
4.6 -4.8 12.536
11 -2.4 89.621
7.8 -0.8 42.071
11.8 7.2 67.774
1.8 -2 1.4905
2.6 4.4 8.0149
10.2 1.2 59.644
4.6 2.4 2.2504
3.8 12 19.92
6.2 -6.4 51.035
5.8 5.2 2.0641
5.4 8.4 10.101
-5.4 4 61.465
-1.8 0.4 17.785
13 2.4 102.16
1.8 10 15.51
5 9.6 -1.8904
9.8 -5.2 91.704
-2.6 5.2 43.68
12.2 -1.6 106.78
-0.2 -0.4 3.0374
11.4 -2.4 96.389
3 -3.2 5.0858
1.8 12 21.877
7 -4 32.872
1.8 -3.6 3.4425
0.2 -1.2 0.58561
7 9.6 9.2594
11.4 -6 132.48
11.4 11.6 40.039
13 -3.6 139.18
5.4 0.8 9.7028
1.4 -4 -12.995
-0.2 7.6 16.715
-0.6 -6.8 0.076142
4.6 10.8 4.711
8.6 10 1.6125
9.4 10 15.192
-3.8 -7.6 2.2847
4.6 -6.8 13.787
-3 4.8 46.078
12.6 8.8 55.506
9.8 -1.6 64.061
-3.4 -5.2 21.717
-0.6 9.2 49.132
4.6 -3.6 16.457
1 -1.6 12.687
12.6 1.6 95.882
0.2 -4.8 -0.063349
-0.6 0.8 3.8261
12.2 -5.6 141.55
11.8 -0.8 107.68
1.4 12 29.43
-1.4 1.2 4.4201
-5 8.8 90.227
11.8 3.2 69.586
10.2 10.8 27.779
7.8 6.4 3.6276
0.2 -2 -8.7605
10.2 -0.4 78.293
10.6 -5.2 108.67
10.6 10.4 32.775
5.4 2.8 4.2083
2.6 -0.8 5.5308
-4.6 0.4 46.787
7.8 8.8 11.998
-2.6 3.6 26.7
3.4 4.4 7.3568
9.4 -3.2 67.647
4.6 11.6 14.07
1.8 10.4 18.57
12.6 10 45.81
2.6 8 6.7653
9 0.8 43.571
-2.6 -4 15.062
11.8 4.4 60.018
-6.6 0.8 81.96
12.2 -0.8 107.5
3.4 3.6 -9.485
9.4 9.2 12.48
4.2 2.4 -3.3661
7.8 6 11.258
4.2 7.2 -2.0475
7 12 19.229
-5 5.6 75.545
0.2 -3.6 -1.9095
-5.8 -7.2 33.085
12.2 -5.2 142.32
6.2 9.6 -2.7997
-0.2 -7.6 4.3586
9 0 49.514
10.6 2.8 55.552
5 7.6 -1.3374
-0.2 -7.2 6.9683
-1 0.8 9.0634
5 -6.8 23.126
-3.4 -0.4 28.782
-5 1.6 44.4
5.8 10.8 -9.0013
9.8 -2.8 80.441
0.2 6 11.46
13 5.6 75.055
-3.4 9.6 78.466
6.2 -3.2 34.271
3.8 9.6 -0.84682
5.8 9.6 5.4369
13 3.6 84.376
0.6 -6 -10.878
11.4 1.6 75.985
1.4 1.2 -15.721
-3.4 6.8 57.287
1.4 4 14.301
0.6 5.2 -0.1162
9 10 13.718
12.2 1.2 109.27
-5.4 12 135.73
5.8 -3.6 24.854
-3 8.8 62.977
12.6 11.6 49.771
-5.4 -0.4 56.642
-3.4 8.4 80.466
10.2 -5.6 93.206
10.2 -4.8 89.549
-2.2 -7.6 13.957
1.8 4.4 -3.0836
1.4 8.4 9.736
4.2 -4.4 21.58
-1.8 -0.8 11.053
8.6 -7.2 80.969
7.4 8 12.776
-4.6 5.2 73.463
1 1.6 -5.9503
-3 6 36.095
2.2 -0.4 -1.5224
13 -7.2 161.68
-1.4 -2.4 19.248
12.6 9.2 59.332
1.4 3.2 6.9802
-3 -1.6 29.295
1.8 -6 -2.9823
8.2 0 29.396
7.4 11.6 0.30322
5.8 -6 43.307
11 0.4 79.559
-3 -0.8 19.456
-1.8 6 30.039
2.2 6.4 -4.4503
-3.8 8 68.641
-4.6 6.8 84.403
-1 4.4 7.4349
11.4 -4.8 117.23
2.6 9.6 9.0017
11.4 4.4 59.991
-3.8 9.6 75.438
12.6 -4 137.64
2.6 6.8 0.89487
4.2 -6 20.903
-6.2 -6.4 45.824
9.8 -0.8 54.753
-2.6 -0.8 11.239
-3.8 7.2 67.47
5.4 2 7.0221
-1.8 -6 -2.3972
5.8 -0.8 23.015
7.8 4 20.003
-1.4 -0.4 8.6171
-3.4 -7.6 13.389
12.6 5.6 71.355
12.2 9.2 53.95
3.8 -4.4 17.209
6.6 3.6 16.711
5.8 -0.4 15.687
-3.4 -6 22.581
0.2 -0.8 -0.237
11.4 9.2 41.577
8.6 1.2 53.499
4.6 12 15.775
2.2 -4.4 -3.9221
-3.8 0.8 40.233
8.6 -0.4 48.602
2.2 -7.2 9.4933
4.6 6 2.2152
-1 9.6 39.876
-5 -6 18.985
10.6 10 32.797
11.4 11.2 47.953
5.4 -7.2 33.389
3.4 -3.6 16.222
-4.6 -5.6 21.207
9.8 3.6 45.517
13 10.8 52.459
5 12 6.7899
11.8 -4.8 132.1
11.4 10.8 40.761
12.6 0 105.77
5.4 -3.6 19.575
0.6 -7.2 1.7102
3.8 -6 18.123
-6.6 1.6 81.545
2.2 1.6 -0.53222
-5.4 11.6 120.01
7 -0.4 35.786
6.6 10 -4.0057
-6.2 4.8 100.85
5.8 1.2 0.9147
11.8 -7.6 151.94
10.2 10.4 33.615
7.8 -5.6 52.657
12.2 -4.4 136.55
6.6 -6 37.671
2.2 -0.8 -6.687
12.6 6.8 65.37
-5.8 -4.8 38.314
11.4 8.4 47.305
-1.8 2 21.661
-6.6 2.4 85.806
3.4 8.8 4.1357
-5.8 -6 27.284
11.8 9.6 36.735
7.8 4.8 19.47
7 -1.2 22.456
1.8 -4.4 0.80985
-4.2 -3.2 19.698
-5 4 58.174
5.4 -0.8 4.1177
11 -4 100.68
8.6 -6.8 75.808
5 -0.8 0.92434
8.2 -1.2 36.557
9.4 0.4 48.224
1.4 4.4 0.33511
-4.6 -7.6 11.484
3 2 -0.53394
13 -1.6 128.43
10.6 8.8 37.294
-1.4 2.4 14.642
-5.4 2.4 67.624
12.2 10.4 41.032
6.6 5.2 15.855
-3.8 0 25.389
10.6 -2.8 92.498
2.2 -3.6 7.2143
12.2 -7.6 167.72
3 4.8 0.82383
-1 1.6 12.823
-4.6 10 114.44
7 7.2 2.3833
3 -1.6 -1.2454
12.2 10 50.404
12.6 -5.6 155.41
5 0.8 -1.2179
-3 7.6 50.853
7.4 10.8 8.9795
2.2 10 12.11
-0.2 10.4 38.45
8.2 -6 67.598
-1.8 7.6 43.058
5.8 6 7.847
-3.4 12 85.348
-5.4 5.6 94.59
-1.8 -3.2 -1.014
-3 6.4 59.49
5.4 -5.6 22.614
-4.2 0.8 28.478
12.6 3.6 81.05
2.2 3.6 2.1787
-0.2 -6.8 -6.7356
-1 -2.8 -5.5523
1.8 -6.8 2.1832
8.6 8 17.254
6.6 9.6 8.2408
-5 0.8 50.361
9.4 9.6 18.406
9 8.8 24.93
9.8 -5.6 93.248
5.4 3.2 -10.663
7.8 0.8 45.394
7 -7.6 51.486
5.8 -5.6 32.065
-1 -0.4 1.3823
13 -0.8 117.84
-4.6 1.2 60.591
8.2 1.2 33.626
1 -2.4 -1.845
-4.2 1.6 49.515
-0.6 10.4 30.6
9 2.4 35.868
8.2 2.8 30.902
1.4 11.2 18.555
3 -0.4 4.0231
4.2 4.4 11.082
-2.2 7.2 44.942
-6.6 7.6 116.55
-4.2 2.4 39.74
1.4 6.8 6.1071
1 6.8 14.032
7 -6.8 61.93
-6.2 0.4 61.969
1.8 -2.4 3.1285
3.8 -7.6 8.0346
2.6 -6.8 -0.08507
-1 -0.8 3.0536
5.4 4.4 3.4868
0.2 -1.6 6.2714
1 -7.2 -2.4936
7 10.8 4.73
3 -2 -1.4693
11.4 8.8 46.302
3 7.2 7.1278
9 2.8 23.209
-3 4 35.996
5.4 -2 25.145
-5 -3.6 33.748
1 -4.8 -11.438
3.8 -3.2 13.373
-3.4 3.2 34.602
-6.2 2.8 76.865
3.8 -1.2 7.1421
-0.6 -0.4 -1.0623
-1 -6.8 -4.5025
6.2 10.8 0.019291
10.2 -7.6 113.08
-5.8 -2.4 55.194
2.2 4 -7.1328
12.2 4.8 75.896
4.2 4 13.61
-2.6 -1.2 16.762
3.4 -2.8 6.1519
1 0.8 -1.9801
3.4 7.6 -3.9519
7.4 -2.8 37.746
11.8 10 48.336
5.8 0.4 13.343
5.4 8.8 -8.1394
2.2 7.2 3.9234
0.2 6.4 26.375
2.6 4 -6.3168
8.2 0.8 38.815
3.4 10 16.582
-5.4 9.6 107.43
11.8 -1.6 102.2
-1.4 7.6 34.507
8.2 11.2 15.3
-2.6 2 34.994
3.4 0.8 3.9448
-5.4 -6 28.449
-1.8 -2 10.303
9.4 2.8 33.787
1.4 -0.8 -6.7664
8.6 3.6 27.42
2.6 0.4 -2.6569
11.4 -0.4 88.251
1 -2 1.6646
0.6 0.4 -10.411
2.2 -4.8 2.7127
4.6 8.8 -2.0048
8.2 10 14.588
-1 1.2 17.491
-5 10 98.67
-1 2.8 20.364
7.4 -4.8 41.35
-2.2 6 45.901
-4.2 -4 20.573
7.8 3.2 18.734
9.4 -1.2 61.373
0.2 -7.2 -7.5024
-1.4 5.6 16.607
10.6 8 31.208
-3 1.6 17.893
7.8 -0.4 33.271
5 10.4 4.0021
-0.6 6.4 12.714
6.6 12 21.509
-1.8 10 55.831
11.8 -7.2 150.23
8.2 12 4.6133
-2.2 11.2 73.283
-3 -1.2 17.016
3 -5.6 12.01
-4.6 -0.4 40.841
-4.2 10.4 85.383
-3 -7.2 6.078
-4.2 0 42.224
6.6 3.2 6.0445
7.8 10.4 9.3494
4.6 -4 22.219
-6.6 6.8 113.06
-4.2 8 77.561
-2.6 -3.6 12.341
11.8 4 71.873
9 -0.4 54.967
-6.2 8.8 118.35
5 -4.8 24.099
11 2.8 65.707
-2.2 2.8 26.49
1 3.2 0.97788
10.6 1.6 56.502
6.2 9.2 6.1993
8.6 4 31.41
6.6 -1.6 19.131
-5 1.2 55.371
0.6 4 4.4765
-2.2 -1.6 16.14
7.4 -3.6 46.238
1.4 7.6 19.927
-5.4 6 82.86
12.6 -0.4 119.75
3 2.4 1.1148
-2.2 10.4 58.696
-3.8 2 53.274
8.2 6.4 16.136
2.6 -2 2.0082
-3.8 6.8 68.061
6.2 7.2 5.5268
0.2 -4.4 3.4682
10.2 -0.8 69.086
-1.8 5.2 38.055
-5 4.4 62.554
-1.8 -4.8 -0.75792
9.4 -6.8 101.92
-4.2 -4.8 24.284
-1.4 -5.6 -4.5662
2.2 0.8 7.0758
12.6 8.4 61.659
-5.8 -1.6 44.992
7.4 12 11.663
11.4 10.4 34.285
11 8.8 36.87
12.2 2 86.111
8.6 12 14.821
-1 -7.6 -2.8032
-6.2 9.6 131.58
12.6 -5.2 147.08
6.2 11.6 5.5744
-5 -4.8 25.474
13 -6.8 182.14
7 8.8 7.1129
12.2 8 59.692
-1.8 -7.6 10.144
3.4 6 2.5141
-6.2 3.6 98.439
6.6 8.4 9.9353
4.6 7.2 -5.0839
0.6 4.8 10.348
-1 -5.6 5.4867
0.2 10.4 41.641
4.2 11.2 8.8992
-5.4 10.4 126.21
13 7.6 68.142
-3.8 6.4 55.099
6.6 4.4 1.4699
1.8 8 5.5457
8.2 2 30.391
10.2 -6 99.663
5.8 11.2 2.5708
4.2 -2 7.9093
-1.8 9.2 42.53
12.2 8.4 54.163
-3.8 4.4 45.455
6.6 6.4 5.7398
9 -2 56.441
7.4 4 11.382
-1.4 8.8 50.069
-3.8 5.2 49.568
-0.6 8.8 32.454
-3.8 -7.2 13
-4.6 -6 18.259
2.2 8.4 1.2499
-1.8 -2.8 8.6808
4.2 10.4 7.2085
2.6 6.4 -3.7901
-3.8 -1.6 22.999
1.8 5.2 11.185
-5 2 58.343
0.6 7.6 15.067
7.4 4.8 20.789
3.8 2.4 0.90179
-5.4 -5.2 38.285
7.4 0.8 21.334
11.4 -3.2 116.02
-4.6 -1.6 30.707
11.4 7.6 52.284
7.4 -0.8 24.774
-4.6 2 48.328
7 8 18.17
9.4 5.2 22.944
10.6 7.6 35.605
-5 10.8 114.31
13 -4.4 157.64
1.4 -4.8 -3.111
-3 -6.8 7.4271
11.8 -4.4 133.34
-5.8 10 124
-4.6 9.2 98.985
9.4 -7.2 87.903
-5.4 6.8 97.522
13 10 62.441
6.6 7.6 2.0017
8.2 -4 52.138
-1.4 -1.2 -3.3767
9.8 0.4 59.144
9.4 -6.4 83.049
-1.8 -2.4 0.75536
1.8 4.8 6.6604
4.6 -0.4 5.4342
9.4 -0.8 59.185
5.8 -6.8 41.342
6.6 -5.6 32.49
5.8 6.8 6.8126
3 -7.2 21.043
11.8 -5.2 121.45
4.6 0.8 5.3252
-2.6 -7.6 10.413
-3.4 2.8 47.429
-5 10.4 112.15
-2.6 -4.4 -3.1128
4.2 5.6 -11.393
7.8 -6.4 54.55
-4.2 -5.6 16.722
-3.4 8 71.589
10.2 -6.4 103.33
5 -2 10.165
0.6 1.2 -1.6718
3.8 4.8 -0.65602
4.2 4.8 9.7809
10.2 9.6 29.021
12.2 8.8 53.038
2.6 7.6 -4.119
0.6 -1.2 -0.95691
11 2 72.711
6.2 -5.6 21.202
9.8 7.6 24.53
3 3.6 3.2167
5.8 11.6 -1.9373
-3.8 0.4 22.839
7 2 15.913
0.6 10.8 31.481
-0.2 6.4 28.939
12.6 -6 163.29
-1.8 8.8 37.665
5.4 6.8 21.352
-3 3.6 28.976
-3 6.8 53.007
11 0.8 62.165
10.6 -7.6 126.59
12.2 4 79.293
