3.0073 -3.8521
-0.59832 -3.5286
-1.7302 -2.967
-1.9844 -2.6993
-6.7898 5.2094
5.9378 4.1204
-6.3445 -6.2846
-2.0098 -3.0841
-4.6249 -9.1603
-8.6084 -0.73523
4.4485 6.5108
2.5438 -4.0616
-9.2634 1.0375
-1.8294 1.2374
-2.6975 -0.83634
-0.86275 8.104
-9.0232 1.211
-8.8333 -1.0792
0.80413 -3.7922
-2.4076 -2.4818
6.8904 3.4714
11.351 -4.8191
-3.229 0.03696
-0.18268 -4.2498
-1.5062 2.0201
-2.8694 8.1999
-0.9201 -4.0462
-1.6898 8.3392
-3.0675 -1.2667
4.0072 -10.632
-5.7185 5.9794
-0.24344 -4.3053
5.5232 -1.8008
-8.5374 0.81998
0.85437 -4.2755
-4.0203 7.6794
-5.5532 7.2748
1.7411 8.3939
8.9273 -8.5834
4.2667 -10.688
4.8787 5.9879
2.7501 -3.8678
-3.1853 7.9275
-7.4043 -5.4586
5.481 -1.8599
-0.1089 -10.02
9.1568 -7.7161
-8.8143 -2.057
4.6989 -3.5436
6.3733 2.5186
8.1074 -8.1742
11.296 -4.9448
6.6589 0.2555
-7.76 3.3769
3.7714 -10.262
2.3908 -4.5267
-5.8102 6.1796
-3.3418 7.8081
10.623 -6.3638
-8.6188 -2.0068
0.61669 8.6999
4.8502 -10.279
-8.3381 -4.0519
2.5377 -10.064
-8.3737 -2.2997
2.1514 -4.7049
6.3226 -0.395
-2.5464 1.5617
-0.13716 -3.5455
5.0601 -9.8015
3.2293 -10.534
-4.8426 -8.9745
-1.3604 8.8392
-2.0331 -2.3814
6.1463 4.0047
-6.8641 5.7666
12.475 -1.6564
3.0527 -4.0123
-2.4917 -1.7127
7.3339 2.1392
4.3894 -3.6812
1.0152 8.3285
-6.1898 6.063
-5.6542 -7.4714
7.0718 2.1983
6.5485 4.2297
2.3021 -4.1562
11.579 -4.4552
12.283 -1.2655
3.7963 6.8683
-2.956 0.24474
-2.7035 1.4773
12.774 -0.24805
5.8834 4.8118
-6.0528 6.0312
3.8111 7.2512
-8.2656 -3.9486
5.1455 -3.3298
-3.2564 -1.0853
-3.9441 -9.5289
1.4707 -3.8852
8.4895 -7.7619
-0.61571 -3.8549
-5.7982 6.1735
-2.6792 -2.3064
5.7952 -2.2777
-5.1319 -9.0287
-2.3183 -0.24439
-2.6019 -1.3757
-8.5951 1.2771
4.3359 7.1187
-5.7975 -7.9566
-2.2861 -2.332
-2.7876 -1.0821
7.1763 1.629
4.8535 -10.306
4.6793 5.8344
-2.4073 -2.0088
-1.7506 -2.7019
-4.6466 6.8919
5.1198 -3.117
-3.8961 -9.4429
-5.3319 6.709
5.8317 -2.1218
3.8325 -3.8179
4.5282 -2.9022
-2.6904 7.8844
-2.7801 -2.3592
-2.3417 -2.2596
-4.1122 7.4802
7.1741 1.0189
6.901 0.42383
-1.9648 8.0516
-2.6486 -9.7445
2.3254 -10.683
1.8577 -4.2686
-2.3644 -2.2905
-2.8282 0.093402
-2.9922 -2.0598
-8.8903 -0.91602
-6.6665 4.6629
1.9756 -4.1903
-1.4823 2.3695
-1.6978 -3.1533
6.8468 -9.1154
-2.1837 -1.4289
-8.2259 1.9631
-0.12725 8.3027
-1.4864 -2.7457
11.61 -4.9814
-2.2996 -2.3493
0.80936 -10.312
-7.9933 4.1463
-1.1125 -3.0424
-2.3765 -2.0861
-2.4976 -1.5534
0.10537 8.3443
1.5164 -10.922
-8.275 3.2502
3.0487 -10.032
-6.1152 6.339
8.3158 -8.4924
-5.6996 6.2752
-7.6514 -5.9378
6.876 1.874
-2.5688 0.36864
13.122 -0.3784
4.094 -2.9181
-6.0157 -7.4982
-1.8854 1.0909
3.1774 7.8691
6.1721 4.2016
6.8538 3.0226
-1.895 8.8187
-2.877 8.1185
-1.7162 1.8637
2.5812 7.3791
2.8464 -4.395
1.8373 8.3251
4.284 6.8864
-1.0987 -10.316
-2.8395 0.54756
-2.8928 8.0507
6.8961 2.6602
12.902 -1.4221
13.312 -1.1569
1.8231 -3.7888
-5.7249 -7.788
-1.3868 -3.5087
-7.3062 5.5175
12.699 -2.7173
-2.1851 2.0507
-6.8733 5.7901
3.4769 7.2113
6.6542 1.9708
1.025 7.6871
-2.3745 1.1274
-0.49501 -10.216
3.4502 -10.414
-2.2998 -2.604
12.627 -0.065646
-2.008 0.54328
4.4755 6.5728
4.478 -9.8091
4.0761 -3.6427
-1.1162 2.588
-8.5753 0.22018
5.3917 5.4841
3.9128 -3.6769
7.1458 -9.4049
3.0744 7.1857
9.7292 -6.2921
1.0293 -4.069
3.9349 6.8314
-0.69468 -3.6757
9.5819 -7.5443
-7.4411 3.7659
2.9569 -10.321
-3.1982 -0.11817
2.3515 -10.465
-2.8392 0.44396
2.2838 -3.7993
-8.7827 0.51229
2.5273 -3.7223
-6.312 -7.3946
-7.5481 -5.7842
3.5395 7.106
1.2013 -4.3018
-8.4818 -3.2042
4.5527 -3.0554
-5.0567 -7.5866
13.269 0.12383
3.2221 7.9636
6.1662 -9.1717
-8.8169 2.4803
-8.4882 -0.53441
5.9541 3.5922
-5.8451 6.2092
-1.9237 8.5452
-2.9563 -1.1691
12.206 -2.8218
-1.2837 -3.4573
6.0172 5.4195
2.2155 8.4533
-2.6056 -0.007202
-2.3096 8.1769
2.255 8.0459
-1.0011 2.3649
-2.0189 8.4914
3.4338 7.0424
-7.6655 4.9229
5.7473 -2.7016
-1.0598 8.0847
-2.1172 -2.7254
11.82 -4.2414
-4.0836 -8.7791
8.799 -7.9241
-2.5547 -9.739
-4.5943 6.686
5.059 -3.605
-1.2301 1.7702
-8.1912 2.3389
-2.4135 -1.8284
-6.5232 5.8071
12.546 0.061056
-1.2574 -3.1259
-0.64317 -4.0807
-2.4892 -1.5642
0.73272 -4.7344
-0.80692 -3.8584
-7.8346 -5.6076
7.0339 -9.0529
-0.92703 -3.6922
0.44808 8.7822
5.1833 -2.3514
-8.9263 1.8353
9.7692 -6.4496
1.5646 -10.808
12.724 0.24951
-0.3671 -4.0226
0.72036 -10.793
-9.3328 -0.68622
8.9131 -7.8689
-4.7808 -7.8652
12.671 -2.3995
-0.1734 -4.3444
-8.5126 -2.3635
2.1988 -10.831
6.4641 2.3948
1.807 8.4797
-3.1672 -0.91602
6.116 3.6108
-3.0568 -0.27087
-9.1354 -2.371
-2.877 0.98668
-6.9957 -5.7251
2.4687 -10.788
-1.1092 2.2358
5.4477 -2.6231
-1.8041 1.1729
-2.2869 1.2286
-1.0534 1.8558
6.5237 3.6096
5.8103 -1.9439
-8.3233 -4.196
6.1878 -0.20911
-1.0689 -3.4317
6.4706 -1.6448
11.745 -3.3845
5.7125 -1.5632
-7.8266 -4.6663
10.27 -6.2889
6.5961 -1.6542
-8.1289 -3.5751
5.7462 -2.1539
-2.9718 -1.2094
1.381 -4.1664
-0.51419 -3.9983
1.3853 -4.5453
-1.1163 1.8251
6.6283 1.2248
-2.3513 -1.5426
-3.7364 -8.7745
-2.3541 -2.0857
-9.4165 -1.4265
0.74053 -10.242
9.3675 -7.9387
7.0096 2.6997
-2.3828 7.6275
-6.2166 5.9755
-1.0535 -2.7929
-2.299 1.0363
5.7329 5.6451
6.1627 4.2704
1.1751 -4.5216
-1.9837 0.99776
-6.3321 5.416
3.0158 -4.4573
-2.701 0.5047
-1.2178 1.8813
-2.5546 -0.95108
-1.7836 1.8833
-1.4614 -2.4439
-8.7131 -0.4222
-6.683 5.0409
-3.3881 -9.5693
-3.1268 -0.82001
-1.0586 1.8655
2.759 -3.9928
-2.6973 8.2831
-6.6177 6.336
7.1911 1.4433
-9.3275 0.069796
-0.93964 -3.6771
12.736 -0.93057
-0.17118 -4.4851
1.6028 -4.4106
5.719 -2.0139
-2.6843 -9.7419
6.1897 -1.416
-6.1238 6.1207
-2.3736 -2.361
11.784 -2.6131
-0.68402 -3.4711
1.0839 -10.803
-2.2248 -2.8389
-2.6489 -2.3114
-3.1417 0.18341
2.9107 7.2541
4.9446 -2.7043
-2.5411 0.82565
-8.1849 3.2637
-1.7629 1.5503
-1.7938 -3.4175
0.75481 -10.17
6.0276 4.4492
2.72 -10.091
1.3875 8.6732
-9.1402 1.3378
4.7042 -3.8997
-2.7224 8.5614
-8.4875 -4.2241
5.2955 -9.4028
-1.79 -10.107
9.2935 -7.5806
-2.2902 0.088632
-7.0037 -6.7471
-6.5485 5.7363
-3.0948 0.2823
1.5465 -4.3177
4.3048 -3.6143
5.5254 -1.7337
-6.1784 5.9323
-0.74503 -4.3339
-1.85 -2.7855
-8.5599 -4.8632
-7.7516 5.1466
7.0373 2.0654
-3.1178 -0.14074
3.3683 7.1663
-3.011 -9.6441
4.8313 -9.582
-1.8766 1.832
13.105 -1.3858
2.9673 7.5742
-4.3014 -8.4094
-5.3578 6.949
4.9543 -9.5751
-4.3092 -9.2017
-7.8815 4.2887
3.5942 -3.4701
3.4285 -3.8959
-2.6229 -1.334
7.3384 -8.8552
1.2579 8.2173
-2.361 -2.8198
-6.534 5.3956
5.0584 -9.4333
6.5621 0.26326
-4.1842 -9.2419
2.7431 -10.039
-8.3586 3.2101
-8.8988 -3.6693
6.666 2.7144
-8.6307 -0.88428
6.681 4.2965
-1.263 2.2904
0.13551 8.5305
6.6562 -9.535
-2.8564 0.59191
0.43165 -3.7605
4.8929 -2.6208
2.7087 7.9275
-1.6061 8.3483
-1.3009 -3.3663
-2.5684 0.86614
0.73818 -3.9709
-8.0473 2.3046
4.6333 5.6159
-2.4288 0.085158
-3.1432 -1.816
-0.32604 -4.3414
-1.5076 -3.0293
6.7908 1.064
11.279 -4.9596
-1.7131 1.201
2.2966 -3.9116
9.2942 -7.8657
-2.8957 7.6427
-7.823 -4.3706
0.20568 8.3195
7.0029 -0.39543
5.1863 6.2453
5.9069 -0.96166
7.0121 0.88887
-7.6854 -5.2057
-2.427 -3.0025
6.9018 -0.38454
-1.6793 1.9975
-2.5461 -1.9766
-2.5221 -0.69661
-6.7458 -6.3758
-2.3892 0.048898
-5.1908 7.1243
7.1174 0.73162
-4.1206 -8.5075
5.2252 5.5212
2.1777 -4.2666
-2.6657 -0.39959
-2.0252 2.2727
3.1896 -4.2148
2.5906 -3.8835
1.9662 -10.91
-8.5986 -4.5439
3.8822 -3.74
10.161 -6.1836
-7.7692 -4.7831
-8.4879 3.476
2.9349 -10.367
5.8488 -1.4431
6.1319 3.5895
-3.8735 7.2622
-2.7541 -9.8251
8.6848 -8.439
-5.3839 6.8128
1.1792 -10.431
-2.5978 -2.088
-4.4254 -8.596
7.1679 -9.3007
-2.4539 -2.7416
4.2082 -10.475
-5.5167 6.6419
-2.9696 -1.5848
-2.8829 0.71849
-2.8802 0.024011
2.8244 7.6157
5.1355 -9.3494
-6.5649 5.1677
7.9469 -8.5264
-3.0571 -0.32541
-8.7599 -3.6397
6.815 -8.9477
-8.0648 -3.2593
-2.7509 7.7026
-4.7489 7.2257
4.2706 -3.3626
-3.3249 -9.5066
-7.7474 5.2411
1.2626 8.485
-5.2315 6.7587
-8.2175 -3.5404
3.1041 7.5631
-5.3997 -7.7591
-1.4918 2.268
-0.29878 -10.858
-2.3769 -0.34847
-4.9576 6.8523
-4.0576 6.9851
-8.2645 -3.6104
-8.4917 -1.3357
5.7171 -9.4029
0.57844 -10.635
4.9127 -10.567
-8.6894 2.1186
-9.0406 -0.61587
-2.6525 0.63854
9.7678 -6.9558
0.10487 -4.0095
10.702 -5.2482
-1.9685 1.4201
6.9701 -0.50097
5.1476 -9.8576
-1.9771 8.0237
-1.4823 2.3108
-3.2322 8.1155
6.8512 1.5194
-8.6159 -3.8216
0.25391 8.0126
0.5274 -4.1808
-2.1424 -1.8565
-8.7931 1.3921
-1.1109 -3.5042
-5.5523 -7.6063
-4.5172 -8.8701
0.070517 -4.1289
-2.8207 -0.96049
-0.25323 -10.32
4.4992 -2.7858
-2.1958 8.6165
6.0496 5.0947
-5.3365 -8.5106
5.6988 6.1109
6.7442 -9.4501
-6.1971 6.0764
0.090203 -4.3663
13.428 0.031497
-6.9059 -6.3283
-7.046 -5.5116
-2.4023 1.5949
-1.3711 -3.1181
6.893 1.1838
-1.8236 2.0558
-2.419 -2.1402
-8.9138 -0.71063
6.8434 -0.31566
4.6537 -2.8788
10.486 -6.9281
2.8621 -10.701
1.1213 -4.1595
-3.1696 -9.2111
-0.91709 -3.6949
-3.8018 -8.8681
-6.756 6.266
-2.8304 -0.41396
-2.6395 -0.34809
-9.241 0.18399
7.4072 -8.5676
-2.874 -2.3004
11.032 -5.9196
-8.655 -2.5032
6.8169 0.65296
-1.2946 -9.6909
-9.0517 -0.70049
-1.2815 8.1785
4.5125 -3.1099
-8.6999 1.8419
12.207 -1.4596
-3.5008 7.5843
-8.2906 2.6613
-0.32641 8.1264
-2.3285 0.3694
-6.065 5.7589
-8.3899 0.93432
5.9341 -2.6501
6.0487 4.0457
-7.8225 4.0924
-1.6449 1.0945
-6.5276 -7.2214
-1.3284 1.7105
-5.8389 6.0765
-1.5508 1.8257
-1.6838 -3.1443
5.2987 -2.5323
1.0709 7.9503
-2.9286 -1.2893
-8.338 -3.3645
12.308 -3.0048
-1.9783 1.6456
0.12474 -10.937
-4.0984 7.3779
6.7596 4.5739
3.3295 7.0382
-8.4794 -2.8423
3.3226 -10.456
-4.2133 7.2441
4.123 7.0508
5.3013 -2.205
0.95645 -4.1432
-5.7799 6.6568
4.9179 5.725
-0.33288 -4.1745
-2.2797 7.9826
2.5524 7.6131
-2.2063 -1.3747
-2.9314 1.0194
-1.1241 2.4062
6.553 -0.037002
-7.7017 4.4112
12.976 -1.9004
-4.7267 -8.3601
-2.4154 1.1073
12.635 -2.3538
8.0585 -8.8683
-1.9346 1.264
-8.895 -0.18603
2.8292 7.0686
-6.7717 5.3739
-8.4302 2.8652
6.4349 1.6148
-2.0959 -1.8012
-8.5428 3.6024
2.4306 -10.35
-5.3939 -8.2031
-0.1531 -10.258
-3.7676 7.7449
5.9344 -1.9593
-5.8336 5.9954
-1.6388 -2.9534
6.8657 -9.6682
-8.1485 3.3043
6.0702 -1.9038
-1.7308 -9.6462
-1.3184 8.7632
-1.6243 -9.8053
-2.4562 -1.8515
-6.8215 -7.2316
4.8309 -2.5205
5.4532 6.2246
-7.7053 -4.6048
5.439 6.4564
12.636 -1.3672
4.9302 -9.888
-2.9313 -1.9492
10.165 -6.3756
11.525 -3.6927
-1.9936 -2.9022
-8.7733 -0.4008
11.034 -4.7639
6.6238 -1.5668
-2.7977 0.36758
12.682 -3.0347
0.033521 -3.9714
-1.6295 8.1248
-4.1271 -9.2719
0.027551 -4.236
9.7368 -7.1711
7.9555 -8.9134
6.8134 0.31581
4.8595 5.5922
0.66053 8.6956
2.5573 -4.4953
1.9311 -4.7478
-1.5772 1.8711
-3.8189 7.6878
-2.8229 -10.028
10.848 -4.4839
-2.955 -0.41846
-4.3629 -9.0197
6.6344 3.6938
-8.0106 2.5539
12.986 -1.492
-7.9893 3.6482
-1.0566 -3.7801
-7.5531 -6.3974
8.8086 -8.2108
7.129 0.61108
6.8076 0.12645
-3.0634 8.577
8.7855 -7.9081
-8.6224 -1.9113
5.9457 -1.6943
-0.095414 8.828
6.1654 3.5027
2.64 -4.4846
11.8 -4.4775
-4.2394 -9.0303
2.2418 -3.8968
6.6431 -0.34667
-5.1773 -8.3913
-8.4708 -3.8784
2.3488 -4.188
1.9208 -4.3313
2.3881 -3.8043
-9.0856 -2.7974
12.867 -0.31516
-2.0852 -10.417
-4.8395 6.9701
-2.6671 -0.50371
12.061 -3.5746
1.6608 8.0326
-1.4146 -10.07
-1.7279 -2.2913
7.3307 1.3672
-7.8304 -6.0823
4.691 -3.8989
-2.3128 1.0675
-5.3631 7.3404
-2.7935 -1.4473
-2.3865 0.35507
6.1833 3.5522
-8.7001 2.7269
6.4154 -9.3725
5.521 -2.6338
-2.4009 -2.4525
-7.1534 -7.1775
-2.5669 0.27888
-8.0955 -5.482
-8.2089 -3.9106
-8.7968 -1.2108
-2.9814 0.2767
-2.8875 -10.131
11.508 -3.4898
-1.9773 -2.0303
4.5231 -3.3312
-3.234 -0.35882
-9.2272 0.40335
-1.0355 -3.8473
5.0136 -10.51
9.6024 -7.224
4.36 6.7836
-4.1025 7.1115
6.2586 -0.46178
0.089557 -10.391
-2.9388 -0.76723
-1.9788 -10.116
3.2055 7.4326
-1.924 -2.4593
-7.51 4.5588
10.773 -5.8089
-2.5504 -2.3989
-1.0836 -3.2075
-7.4751 -5.0685
-3.3699 -9.2113
-0.94773 -10.627
5.3022 5.3228
-4.135 -9.0211
6.5791 -0.49278
-4.988 6.947
-9.0309 -2.9461
6.8762 0.56022
6.7238 -0.021771
-1.5109 -10.557
-8.8043 2.3197
5.992 4.1253
-2.7085 -9.1406
-2.4347 -1.3381
-6.2669 6.144
-2.7742 0.46358
2.4187 7.2228
-2.9381 -0.30296
-2.3989 0.20608
5.3653 -2.7824
-3.0161 -0.099549
-8.9156 -2.8985
4.957 -9.6002
-9.2137 -1.4678
-2.8252 -0.33578
1.3005 8.5157
2.7448 7.5318
1.2518 8.3649
3.9163 7.2351
-8.808 0.6646
-1.91 1.3745
-2.3707 1.3412
3.8672 7.429
0.28529 8.7381
3.86 -9.8489
-7.5164 -6.0661
12.657 -1.9905
-2.8404 -0.001846
0.274 -4.1959
-8.6372 -0.15058
-2.1726 -1.7672
-7.8752 -4.213
0.84609 8.6261
5.9744 4.1201
3.0051 7.6575
-8.5925 2.8478
-2.3105 -1.6356
-1.389 -3.7377
5.1838 -9.6978
-4.2901 -9.4287
6.8977 -0.19067
-7.6243 -4.8507
2.0669 -4.5924
9.8726 -6.7046
5.5624 -9.9626
-1.099 -4.1883
-7.8518 -4.0103
-1.6832 1.774
-2.6114 -2.1924
-2.3175 -0.24391
-6.952 5.9681
-8.7809 -2.952
2.0897 8.2276
11.83 -4.2876
-7.6153 -5.5392
-5.4287 6.719
11.877 -4.2694
-6.4431 6.2881
6.5943 4.322
11.068 -5.1079
6.3826 2.1435
-2.9673 -9.5031
-8.6385 0.78539
-4.4935 7.3857
6.594 3.6504
-7.1274 -5.8221
5.317 -2.6145
-2.7192 1.5053
7.6026 -8.4668
1.3298 -4.3485
-7.6544 -6.3061
-8.5107 2.8601
12.207 -3.2932
2.4326 -10.824
-7.4488 -6.2303
-7.0227 5.4008
-0.33841 8.3423
-5.7096 -8.2962
6.4913 1.0198
-4.9838 6.7003
4.2562 -4.1735
-9.2301 -0.20536
-5.7387 -6.9814
-2.0308 1.4585
-7.5153 5.4529
6.2839 3.1372
6.4975 3.8541
6.2283 0.38017
-6.0907 6.2351
4.9024 6.3556
1.7732 -10.476
9.237 -8.0875
6.6538 2.5301
1.4677 -4.399
-6.73 -7.1431
3.3613 -3.7559
-8.2015 3.2166
-4.1297 8.0457
1.4565 -10.228
-3.3733 8.0405
5.5426 -10.047
-2.4503 1.1751
-2.138 8.0649
-7.2298 5.3564
-7.9381 3.1373
6.0925 -1.2546
-0.90478 -3.3088
-7.955 -5.0181
-7.3556 4.4869
-4.9168 -9.0691
3.1832 -10.237
-0.25278 -3.5228
6.1161 3.5792
3.5958 -9.8304
5.8076 -2.9263
-6.9651 5.3374
6.9867 -0.5725
-0.81478 7.992
5.0874 5.4932
5.9423 -1.2638
-3.0521 -0.46597
-9.2774 -2.0293
-0.18713 -4.0697
1.6971 8.053
5.0322 -2.2867
-8.8025 -3.3351
2.7926 -10.467
1.9152 8.0483
-7.7091 4.0625
-4.0636 -8.7994
-2.7089 -9.9788
-9.0437 -1.8508
-1.349 2.4854
6.2676 2.9858
5.2871 5.2314
-2.3312 1.4036
-2.2756 -2.3765
-2.0029 -2.425
-4.8652 -8.2715
-1.0692 2.5491
-1.8759 1.3389
3.0962 -9.9973
6.3104 4.926
0.96803 8.2234
10.145 -6.7562
4.4304 -3.5873
-2.5377 -1.4205
-1.8623 -10.208
-2.9554 -0.79788
-1.3712 -3.0802
-2.1705 1.5597
-6.1917 5.8946
-5.4142 -8.0662
6.8794 -9.056
5.2994 -2.4307
4.5168 -3.7703
-8.9526 1.6649
-8.4454 3.0276
6.1634 -2.2635
-2.2922 0.14574
0.87931 -4.4067
6.1061 4.9481
-7.4423 4.2942
0.57478 7.9419
-1.2413 8.5355
2.9111 -3.6663
11.849 -2.8692
-7.891 3.8835
-7.1944 5.1931
0.15808 -4.3767
-7.6074 -5.7596
6.4263 2.8698
2.9182 8.2225
3.7857 -4.1154
-2.3805 -0.70479
-8.7798 -1.93
0.87294 8.511
-9.2847 1.3608
-1.5496 -10.507
6.3833 -1.0518
-1.4436 1.7716
-0.95545 -3.1841
-9.2079 1.4073
1.5521 -4.6834
3.8199 6.9006
-2.8008 7.8958
-0.41495 -9.8508
-1.6415 -10.523
-6.9577 5.0038
-2.1824 -2.7705
11.423 -4.7441
-2.5712 -0.34222
6.2466 -9.2782
-9.1004 -1.9444
-5.8586 -7.5447
-1.1053 -9.8337
-5.3408 -8.0979
3.61 -3.6535
-3.1284 -1.0094
6.2611 -1.0992
-9.1776 -0.24249
-2.8412 0.17357
3.2631 -3.8179
-8.8028 2.8015
-0.69774 -3.2892
10.072 -6.9973
-2.3438 -2.2987
5.5762 4.8156
5.8517 -9.9917
0.097718 8.002
1.8748 -4.0306
12.285 -2.8916
5.3793 -2.2233
5.938 -2.0878
12.393 -1.4723
-0.023803 -4.1597
0.12559 -4.4215
3.9689 -10.513
12.771 -0.71486
-8.7525 1.8753
2.417 -4.7355
-2.9844 -0.99396
-4.3941 -8.7608
-8.6184 1.0658
1.3256 -4.6958
-6.5159 -7.1841
-3.1413 8.5004
-1.5038 2.0752
-1.138 -10.616
-2.4245 0.086552
-0.26658 7.9875
1.1563 7.9305
6.7936 -0.59303
2.777 -10.313
-0.73893 -4.0246
-2.5445 -10.209
4.6915 -2.8044
8.9809 -7.3258
-1.2737 -3.9057
-7.8816 -4.4479
-4.0998 7.2969
-9.1135 -2.2111
4.5827 -10.476
0.95365 -4.4648
2.0767 -4.5694
5.7457 -2.0895
4.1637 -3.9469
1.4166 -3.8506
3.8244 7.2175
12.479 -3.6259
3.7422 7.2271
-8.7919 1.7266
-2.081 1.177
6.8023 3.7698
0.71903 -10.952
-1.4385 2.5509
6.7948 1.1492
-2.9822 0.52491
11.093 -5.4449
5.0444 -9.9366
-2.0599 -2.492
-8.3985 1.7951
-2.7989 -1.0975
-2.6084 0.47483
6.0877 -0.84943
-2.388 -1.4416
-9.0932 -2.3149
3.324 -10.649
5.7115 4.0877
-2.3581 -2.7054
-2.7822 -9.4113
12.823 -2.5137
4.3761 6.3883
-8.6762 -2.9202
6.5466 4.3401
-5.5106 6.0842
-2.2296 -1.547
3.4903 7.1323
5.7352 5.2179
-0.27112 -3.7291
1.0064 7.9715
7.2018 1.1538
4.5973 -3.9705
2.3509 7.7027
6.5389 0.48798
6.6539 1.4491
-2.2981 -9.5307
-8.9086 0.14109
-2.5312 -0.78837
-6.5352 5.5024
-2.4406 -0.33372
5.898 4.8482
-2.4881 -1.0716
6.5847 3.5765
4.1624 -3.8326
-8.9643 2.1355
-1.4001 2.0496
-2.6721 -0.90739
-9.0319 -1.4928
2.6263 -4.1333
8.6589 -8.2997
-2.7679 -2.2811
-5.7432 6.429
-4.8008 -9.0823
6.509 -0.97499
-4.2807 -8.3094
-7.2049 4.8924
7.3379 -9.1195
-2.6991 -1.5231
-2.4155 -2.953
4.9762 -3.3135
6.4855 -1.5509
2.1485 8.1857
-2.4715 -2.42
-2.504 -9.6754
0.48007 -4.1391
-0.79944 -3.1172
-1.3054 2.2846
-6.2198 -8.1316
-6.2982 -7.3576
2.8564 7.604
0.18773 -10.13
-8.8921 -1.2306
-2.5194 -1.6408
6.4994 1.8693
-7.358 4.3579
1.3491 -10.177
7.2478 2.1312
7.5099 -8.9222
1.2689 8.4447
6.9733 2.0579
-0.47922 -10.795
-1.369 -3.169
-0.58458 -10.779
13.443 0.056559
4.7262 -3.193
6.9065 2.4057
0.26136 7.9928
-2.6075 -0.11656
-5.0934 6.5338
-2.6742 -1.2142
5.6561 5.2876
-1.8537 8.0032
-7.745 -5.2622
-3.6831 7.6005
-7.9431 4.1165
-2.5281 -0.98922
1.2563 7.8213
-8.8623 -2.0698
5.8977 -9.5383
-2.6831 -1.9004
6.9532 -9.7074
5.8856 4.0535
-2.5221 1.2054
-1.5427 -10.595
-2.6772 0.8261
-0.50003 -10.219
-2.5211 -0.98857
6.7379 -9.5852
-2.5628 0.88722
-1.2713 2.1137
-3.2234 -1.4628
-6.2924 5.7477
-0.80365 -3.6208
-1.0874 1.49
-1.0166 2.0365
-2.6605 -0.30787
1.3651 8.2216
12.162 -1.7719
-6.8107 -6.1226
5.882 -0.82189
2.1615 8.1759
9.1094 -7.3898
4.048 6.2377
-2.5266 0.89827
3.9039 -4.332
1.7895 8.2384
-2.3113 0.92047
10.676 -5.7333
6.5836 2.5937
-7.9733 4.2261
-4.1102 -8.6603
-1.9021 1.4192
-6.4822 -7.3304
-0.3889 8.6853
-3.5191 7.216
2.928 -10.675
-8.8906 1.3169
-2.7803 8.5322
-2.1455 -10.003
-1.2279 -3.365
-1.8125 -3.3296
-1.945 1.96
8.8017 -7.6001
-1.6324 1.5891
6.451 0.53062
-2.5143 -0.020607
-0.2441 -4.3569
-2.7476 -0.57689
-7.0453 4.8727
-7.8223 4.6784
-1.3281 1.4721
4.4105 6.3294
-6.7918 -6.1376
-6.5591 5.8467
4.8794 5.6627
6.1171 -1.4834
6.4552 -1.087
5.3753 5.4893
-5.7672 6.0364
6.5919 2.4828
-7.7357 -5.0046
2.0736 -4.225
6.0648 -9.2475
-3.6823 -8.8338
-3.5814 -9.7843
-1.7883 -3.2754
2.1778 -4.1518
-2.2294 0.88352
-6.9741 -5.8233
7.1466 0.76044
-5.6133 -8.3543
-5.2701 -8.4332
-1.3623 -2.8323
0.60957 8.0386
6.5092 -9.3332
-5.1561 -8.4611
6.4928 -0.39871
-7.047 5.1693
2.075 8.0465
-2.2803 -1.0034
-2.5345 -0.26841
-6.978 -7.012
-2.2135 -2.9328
-8.3995 3.9389
6.4624 3.7743
-4.6935 6.5599
-5.7831 -7.6048
-4.6772 7.0565
-2.9295 -1.3964
-1.7878 -3.26
6.1998 -1.8555
-4.4142 -8.6678
0.76904 8.1566
-4.4249 7.2431
0.74413 8.2185
6.3134 2.1732
-3.0396 -0.34382
-0.23253 8.693
3.7579 -3.2462
1.2648 -3.9595
