0.86097 1.6389
3.3083 0.71238
0.4109 2.9581
-3.1744 2.1981
-4.0187 -3.692
-0.26156 -0.96282
-4.6966 4.1097
-0.32243 -0.94237
3.3521 1.1025
-2.7435 -5.7327
-1.962 3.088
-3.3905 4.3275
0.49536 3.334
-3.3187 -4.2469
0.63681 -0.17899
-1.4702 -5.8825
-0.51032 2.5595
0.92766 0.059528
-5.4171 6.5721
-3.6872 -1.684
-2.1114 -0.54107
-1.4371 0.99545
-0.37919 1.4008
1.3315 0.9237
3.6116 1.1272
-1.0413 1.9111
-1.6141 2.8772
-1.2315 0.87663
2.7413 -2.7873
1.1288 2.4321
-0.23202 -1.9429
0.88271 -5.064
0.97535 1.9075
-0.24401 0.14831
-2.4008 -4.3092
0.8514 0.58018
-2.3271 0.65033
0.86748 1.756
-3.0552 -1.9803
0.23252 1.4038
-3.1343 0.61948
-4.4907 -7.1016
-3.4944 -8.101
-1.543 -0.38954
0.63742 -0.10268
0.36304 1.2235
-2.1865 0.22357
3.94 4.0936
-3.1537 3.0376
0.55406 -0.14227
-3.1606 0.7259
1.9871 -4.8851
5.2954 1.4433
5.6382 0.011087
-6.5581 0.50664
-1.3434 0.37335
-1.2243 -2.8645
-1.8 -0.87524
-0.23804 0.38509
-0.81676 -3.7922
-3.1293 0.054724
1.1697 -4.0509
0.33575 -0.50964
1.2262 0.23268
1.4309 -3.0324
-4.0137 -1.1132
-7.8887 -4.0145
3.5644 -2.2576
-0.55741 -0.94175
5.843 0.55435
0.51272 0.78482
-2.6331 3.9006
0.86858 1.2558
0.98046 2.7351
0.63957 -0.85917
-3.8181 1.0182
-5.2533 3.3705
-3.1967 1.7751
2.6075 2.247
2.843 -2.0157
-2.9858 1.0603
2.6515 -0.31642
-1.9067 -1.1179
0.067242 -2.8186
-1.9917 1.1715
-1.388 -1.1469
-0.95403 -1.3881
1.954 -1.6728
3.9244 3.2696
2.4024 -0.95095
4.6287 3.5788
1.6809 -3.564
1.1941 1.2177
1.5049 9.9495
2.213 -2.1113
-3.5651 2.8099
-0.53838 0.17756
-3.7352 -3.7144
-1.5278 3.1075
-2.749 0.95608
1.5795 -1.8538
-3.5426 5.2085
5.1308 1.9729
2.0309 -3.8398
-0.48065 -1.1041
-1.8118 0.042054
-3.433 -2.105
1.558 1.0172
-1.3836 1.9287
0.62499 -2.8186
-2.2563 -0.012474
-3.9309 -0.5157
-3.4451 2.6586
5.5476 -2.29
-1.8288 -3.4111
-0.28086 3.7389
0.97728 1.5923
0.19198 -1.729
-1.6647 -0.025797
1.3211 1.6847
-6.9583 -2.8871
1.5992 -0.22869
0.32398 0.11371
-0.84319 0.59356
-0.8855 3.7881
-3.785 -0.53288
-0.90043 -1.585
-4.9289 0.58952
-0.68032 -3.708
-1.2184 -1.0681
1.0006 1.5882
-1.2858 -4.7499
-2.506 0.80708
-1.43 -2.2409
-1.8689 0.8417
-1.6821 2.0939
1.2788 -2.0656
2.8956 1.4039
1.8215 3.8843
-5.1954 -1.6311
0.30168 2.4609
-3.2912 2.9792
3.0097 5.3041
-2.3608 -0.46181
-0.81493 3.29
-1.1585 1.557
-4.1801 -0.96059
-2.4379 1.9421
1.2201 4.5785
-1.4584 2.074
2.3937 -4.6061
-1.163 -1.4567
-0.46757 -4.3568
-1.0974 -2.6397
0.29163 -0.54064
-0.47516 1.6067
-0.46437 0.36103
0.46963 -2.1263
0.88155 -1.2805
-4.2422 -5.2464
2.8335 0.30752
-0.4722 2.8148
-4.0284 2.3173
-0.01102 -0.024081
1.0165 -0.38278
3.6224 1.9834
4.4726 3.7987
-0.3175 2.0886
-1.7174 4.4435
5.4962 1.1725
4.696 -4.7841
-1.8641 4.4294
0.70327 -7.0494
-0.59908 -1.2066
2.2633 5.7003
1.5893 -2.1824
0.5316 0.34474
-0.62526 5.9781
1.2131 -3.3907
0.68492 1.7966
-2.7998 0.33282
-4.807 -1.5733
-2.3293 0.69523
4.7628 2.5546
-0.2307 -2.3784
-1.9899 -1.2023
-5.6127 1.2581
4.1861 0.052293
3.9148 0.20334
1.7769 1.7522
0.80123 0.021608
2.5355 4.428
-2.0926 -1.0704
1.9348 0.36199
3.7241 0.50942
2.7177 -2.1048
-1.3973 2.9312
0.80459 0.96091
3.1762 1.1669
0.64073 -1.1594
-0.43627 4.8773
1.1837 -3.3335
1.6074 2.1203
0.67656 -3.2082
0.13933 -2.0251
1.1335 -0.7274
1.3232 0.29602
2.6573 1.1383
-0.98257 0.019596
2.3829 0.28965
0.38158 0.20923
3.9412 3.4336
0.69784 1.1469
-4.4349 4.3469
-1.4413 0.3371
0.96852 2.2709
1.9066 0.027921
4.1539 -1.1235
-3.1685 -3.6016
1.4055 -3.5477
-1.3659 -0.065929
3.6262 -0.20357
-2.616 -1.9306
3.4406 -0.42808
1.839 -0.77589
-0.01371 2.1289
3.0794 0.48549
3.2396 -1.3207
0.23543 -1.8965
-3.8753 -5.1723
-0.73307 -1.7638
-2.2127 -0.46306
-1.0087 -5.026
1.41 0.94391
-0.58862 3.1771
2.287 -0.10297
1.3936 -2.4711
-3.4108 4.3851
-2.4739 -4.2415
4.8162 0.058631
-2.0288 -2.8833
-0.018663 -4.8055
-2.2823 -1.8384
3.2635 -4.2114
5.4647 0.26051
-1.9413 -0.0891
-3.1261 4.0371
0.67364 -2.134
-2.408 -1.7764
0.89936 1.3217
