-3 7.2 56.318
13 -5.2 117.26
3.8 -6.4 55.851
11 -3.2 54.247
1 5.2 5.1657
7.8 5.6 -1.9407
-5.4 -3.2 14.435
8.2 -6.4 89.604
2.6 5.6 -1.2442
1.8 7.6 18.013
8.2 -1.6 38.337
6.6 1.2 -0.33684
10.2 7.2 -7.608
-4.2 8.8 76.376
1 -0.4 5.0272
0.2 2.4 -3.6972
6.2 -5.2 71.775
2.6 2.4 3.4979
9.4 4.8 -7.2619
5.4 9.6 24.206
1 -3.2 13.759
-5.8 -0.4 20.384
-1.8 4.4 24.82
-4.6 3.6 21.492
-1.4 -1.6 13.07
10.6 6 -5.5212
-5 12 136.79
3 6.8 12.48
-0.2 -4 9.1373
1.8 -1.6 11.287
11.8 6.4 -4.7875
9.8 1.2 18.944
3 10.8 46.262
7 -6.4 84.165
-2.6 -2.8 12.657
-4.2 6.4 49.813
-0.6 -1.2 -3.8714
2.6 0.8 -3.623
1 8 32.126
9.8 4.8 -6.7038
3 10 30.573
-5.4 8 77.386
-4.2 3.2 29.798
2.6 9.2 26.306
-0.6 -0.8 -5.193
-3.4 7.6 57.049
5 4 -9.9749
9.4 8 -2.3776
12.6 -2.8 72.38
7 5.6 -9.8991
0.6 2.8 4.3031
9 6.8 -4.5571
2.2 -3.2 17.204
-0.6 4 12.993
4.2 -6.4 51.695
4.6 3.2 -9.1281
5.4 0.4 -1.8539
10.6 -6.8 112.43
7.4 2.4 -2.5558
8.6 9.6 0.50569
-2.6 4.4 34.016
10.2 3.2 -2.7706
3.4 0.4 5.7508
11.8 12 6.1956
6.2 -2.8 36.774
1 -5.2 26.177
0.6 3.6 -2.9603
1.4 -2 17.206
3 4.4 -7.9435
4.6 4.8 -1.0569
10.2 4 -4.3928
3.4 -7.2 64.882
1.8 0.4 7.1652
12.6 2.4 19.823
8.2 -7.6 103.11
-5 -2 19.101
-1.8 10.8 89.489
1 2 -1.6718
8.6 7.6 6.5867
-1 11.6 85.518
8.6 3.2 -4.5996
2.6 3.6 1.5751
6.2 4.4 -11.146
1.4 -1.6 10.732
-0.6 -2.4 -1.1766
4.6 -0.8 14.575
9.8 -6.4 98.574
10.2 8 -19.311
3.8 -6.8 62.713
5.8 4.4 -10.197
5.4 -2.4 19.843
7 0 26.695
-2.2 -6.8 30.399
1.8 6 13.707
-0.6 2.8 9.4793
-6.2 -6 23.196
9.4 -7.6 115.87
-2.6 2.8 20.256
1.4 1.6 2.1661
13 7.2 -5.955
3.8 0 4.9612
-1.8 4 11.647
-0.2 12 90.33
1 -2.8 12.473
9 -2.8 43.045
-5.4 3.6 24.36
10.2 -2.4 42.88
10.2 -3.2 62.803
-5.8 2 21.167
-3 -3.2 3.6509
-0.6 6 17.73
0.2 2 8.1637
-0.6 -2.8 -5.0143
10.2 0 22.277
1 -1.2 8.8393
6.6 -0.8 14.123
8.6 1.6 12.236
7.8 -4.4 61.063
8.2 1.6 5.6778
7.4 3.2 -3.7766
-3.4 1.2 13.965
-1.4 12 95.445
-2.2 -6.4 14.951
9.8 -3.6 58.923
-4.6 -4.4 17.271
-2.2 0 14.087
5 2 3.7474
6.2 8.8 3.2646
4.2 3.6 -1.6062
-2.2 2.4 19.232
3 11.6 53.411
9.8 5.2 6.0804
12.6 -4.8 107.23
11.4 0.8 25.721
7.4 -3.2 35.91
2.2 -1.2 2.6742
0.2 0.8 3.7314
12.6 0.4 23.74
-0.6 10.8 80.212
8.2 -6.8 103.08
7 -6 74.641
-1 6.8 43.57
11.4 10 11.561
-1 4 17.493
-1.8 4.8 17.476
-4.2 -6.4 19.264
-3.8 10.4 102.93
5.8 7.2 1.2186
-1.8 11.6 97.543
-4.6 4 37.239
11.4 6.4 -5.2163
3.4 12 53.295
5 3.2 -5.1735
-0.2 -3.6 23.279
4.6 4 1.9357
10.2 12 20.047
-1.4 4 14.702
1.8 -4 13.858
5 6.4 -0.058718
-1.4 11.6 75.046
-6.2 3.2 27.351
-6.6 3.2 26.599
-6.2 0 14.012
7.8 8.4 -2.4992
7.8 1.6 8.7007
13 8.8 -2.6505
-4.6 9.6 88.346
7.4 -5.2 74.095
-5.8 8 90.584
3 -6.4 47.796
1 9.6 41.346
3 12 56.929
7 3.2 -1.8396
8.2 7.2 -0.53385
-3.4 -1.2 12.623
-5.4 4.4 34.309
9.8 -6.8 103.92
6.2 -0.4 9.0704
-6.2 -7.6 26.415
9 -3.2 43.465
5 6 -0.20845
-2.6 -4.8 16.297
10.6 -2 48.176
11.8 -3.6 83.596
12.6 4 0.88018
-5.8 0.8 3.7948
0.6 4.4 7.6276
-0.6 0 6.0362
4.6 -7.6 71.112
-1 -2 23.6
-5.8 11.6 138.14
0.2 -2.8 -3.7936
5.8 8.8 13.189
5.8 8.4 13.542
-4.6 -1.2 11.488
-3.4 10 84.671
-4.2 12 125.87
1.4 10.4 56.571
1 4.8 16.433
-5.8 4.8 39.93
-1 5.2 18.993
-3.4 -5.6 16.494
11.4 -1.6 40.792
-3.4 5.6 38.473
11.4 8 -23.117
-3.8 -4.4 10.492
-3.4 -3.6 3.3323
7 -2.8 22.71
-1.8 -1.6 -8.0639
10.2 -2 51.857
8.2 8.4 16.495
3.4 -1.6 16.504
-6.6 -4 16.007
1.4 0 -7.5073
11.4 6.8 -16.896
-1.4 3.2 13.239
2.2 4.4 13.396
11.8 -2 46.169
8.6 5.6 -3.9684
7 8.4 0.24178
11.4 3.6 5.8244
-5 0.4 10.78
-3.8 3.2 20.277
-3.4 0.4 6.6911
-0.6 -4.4 15.539
6.6 1.6 -4.9854
-3.8 -5.6 9.1477
3.4 -3.2 27.255
11 8 -4.457
-1.4 2 0.3003
9 4.8 2.0277
-4.2 -0.4 -1.9461
6.6 4 -21.261
-2.6 0.4 12.571
6.2 2.4 8.1937
3.8 7.6 18.057
1.8 6.4 13.027
-2.6 0.8 3.5195
-6.6 6 58.577
6.6 2 3.6862
-0.2 9.2 52.9
8.6 6.4 -1.0429
9.8 8.8 -3.7531
0.2 1.6 1.8079
-4.2 -6.8 27.184
12.6 7.2 -9.4572
6.6 8 -6.3003
-2.2 0.8 8.3987
2.6 -5.6 41.901
-5 5.2 54.436
-2.6 1.2 4.5307
1.4 2.8 9.2673
12.6 8 -10.646
-3.8 8.8 67.057
13 -4.8 107
0.6 -3.2 19.196
7 -4.4 57.116
0.2 5.6 13.3
-6.2 0.8 11.841
8.6 -0.8 25.687
-3 11.2 105.5
-6.2 -1.2 13.619
1.4 2.4 2.7574
9.8 -2.4 33.739
-4.2 -7.2 25.426
3.4 2.8 -10.564
3.4 -4.4 17.295
-1.4 -5.2 15.645
5 8 2.7738
9.4 4 -9.9681
2.6 -3.2 21.917
-5 11.2 111.92
1.8 4 -2.7527
7.4 10 9.9191
-1.4 -2.8 8.1065
6.6 -7.6 94.303
3.4 2.4 0.63478
6.2 2 -6.4472
-2.2 12 100.73
7.4 6.8 -2.157
-1 10.4 64.942
-3 8 61.797
-0.2 5.2 12.728
-0.6 3.2 16.314
10.6 8.4 -1.2568
9 5.6 -0.56681
4.2 0.4 4.0284
-3.4 -6.4 22.493
5.4 9.2 20.65
8.2 -0.4 12.863
10.6 -1.6 48.671
12.6 -6.8 138.78
-6.6 12 158.37
8.6 -4.8 72.154
11.4 4.8 1.288
12.2 -2.4 67.273
0.6 -2 4.5678
5 0 9.0187
11.8 -3.2 80.781
12.2 2.4 12.835
2.2 5.6 10.003
4.2 10.8 36.111
9.8 10 -11.526
7.4 8.4 9.9905
1.4 -0.4 11.035
0.6 -7.6 58.634
3.4 -4.8 35.099
8.6 -4 52.372
-4.2 5.2 27.94
-0.2 -2.4 8.9975
9 10.4 6.1674
10.2 2 7.383
3 9.2 32.991
4.2 5.2 9.486
2.6 10 36.122
6.2 -3.6 35.743
5.4 6 -2.1001
-3.8 -0.8 2.8778
7.8 8 1.8781
7.8 -2.4 22.725
10.6 0 23.739
4.6 -2.8 28.153
6.6 0 0.78194
-6.6 -1.2 0.28807
12.6 -0.8 50.854
8.2 -2.8 34.543
1.8 9.2 38.103
6.2 -2.4 22.349
8.6 0.4 9.9034
10.6 2.4 10.034
9.8 6 -3.8046
-2.6 7.2 49.904
-1.4 11.2 88.747
-6.2 1.6 29.365
-0.6 11.6 84.053
5.4 -5.2 48.851
-3 -6.4 27.948
-1.8 1.2 -1.8076
3.8 3.2 10.056
10.2 1.6 8.4066
11 -4.4 71.558
7.8 0.4 0.72801
-1.4 -6 24.354
-6.2 6.4 66.233
2.2 10.4 44.542
9.8 2.8 -2.3075
0.2 7.2 26.94
0.6 -0.4 1.9105
-3 -4.4 9.6612
-6.2 -6.8 23.612
0.2 -6.8 32.344
1.8 3.6 9.134
4.6 7.6 0.13976
-1 0 8.8683
-0.2 -5.2 30.208
1.8 8.4 25.504
-3.8 4 23.762
6.6 10.4 15.538
11.8 -2.8 60.019
-5.8 -6.8 18.689
-6.2 6 55.514
-3 11.6 109.22
10.2 9.2 -3.7365
6.2 -7.2 83.948
2.2 -5.2 27.291
-5 -3.2 17.361
-5.4 -2.4 14.684
1 -5.6 36.103
0.6 6.4 16.917
13 -3.2 78.55
5 -0.4 4.2323
11 -1.6 49.146
-6.2 -3.2 10.632
5 8.4 20.521
-4.6 5.6 45.426
-5.4 0 5.9288
4.2 1.2 8.2909
12.2 4.4 0.083001
-0.6 2 2.8946
-5.4 2.8 24.78
11.8 5.2 -5.942
0.2 -0.4 10.368
11.8 -4 83.781
-6.6 -2.8 0.0063559
5.8 -2.4 22.968
-3.8 1.2 6.028
9 6 -7.9885
3 0 8.1472
3.4 8 17.262
0.2 2.8 8.9284
2.2 8.8 22.994
-2.6 -3.2 16.115
0.6 5.6 13.337
-5.8 2.4 25.564
-3.8 11.6 107.14
13 0.4 35.18
-6.6 11.6 151.42
11.8 10.4 -8.045
-0.2 -4.4 18.943
-2.2 -6 24.555
6.2 -1.6 30.685
2.2 -7.6 69.939
13 1.6 24.588
-3.8 10.8 100.54
3.4 -6.8 56.117
-5.4 2 24.661
-2.6 -2 2.47
-1.8 8 48.648
-0.6 5.6 13.586
-5.4 -2 14.118
5 5.6 8.1558
11.4 -3.6 67.297
11.4 0 33.437
-2.2 -3.6 4.6674
6.6 -4.8 59.163
-0.6 3.6 7.3049
3.4 5.6 10.275
5.4 1.2 2.8378
-3 -4.8 14.506
3.4 2 -0.26421
-5.4 8.4 87.073
-6.2 9.2 95.062
11.4 -2 45.712
-1.4 10 67.523
-4.2 4 27.595
9 1.6 -2.1421
9 3.6 12.299
4.6 -7.2 67.596
1 6 6.034
5.4 2.4 -7.8228
1.4 0.4 4.7643
4.2 -4.8 46.932
-6.2 2 10.908
-0.6 -4.8 25.95
-1 12 94.949
0.6 10 59.92
6.6 -6.4 61.077
-3 9.2 73.875
-1 -6.4 37.348
-1.4 4.8 12.576
8.2 10.8 16.025
5.8 10.4 18.247
-5.8 -0.8 18.51
6.6 0.4 11.579
10.6 11.6 5.1185
-6.6 -0.4 14.717
-2.2 6.4 47.07
13 8 -15.41
1 -4 14.799
-4.6 12 127.36
11.8 10.8 -2.8452
5 5.2 4.7971
-5.4 -1.6 14.282
0.6 0.8 -4.9388
-4.6 10.4 103.22
1.4 -6.8 45.964
-1 3.6 9.252
12.6 5.2 -9.1319
11.8 1.6 12.098
6.2 -4.8 48.733
9 10.8 6.2171
6.6 -2 19.636
12.6 0.8 25.571
4.2 8 22.153
-6.6 0 9.3396
5 0.4 1.3294
-4.2 1.2 14.656
7 3.6 0.61682
0.2 0.4 2.0156
9 -1.2 34.547
-4.6 8 74.15
10.2 -7.2 125.59
12.6 -6.4 142.59
-0.6 7.2 32.727
-5.4 -6.8 25.807
-2.6 4 32.144
10.2 -4 65.413
-4.2 -7.6 28.047
6.6 -3.6 22.259
-5.8 4.4 45.245
9.4 12 25.398
-1.4 -4 14.863
0.6 -5.2 37.666
-1 7.6 30.25
11 1.2 18.148
-6.6 -1.6 11.746
11 4 -7.6516
4.2 9.6 20.056
-3.4 -7.2 27.966
10.2 2.8 4.8863
-4.2 4.8 38.255
11 7.6 -8.8376
0.6 6.8 15.988
-4.2 -5.2 16.325
-5.8 4 32.129
-3 2.8 9.4082
1 2.4 4.7941
-5.4 -4 -0.50281
-1.8 6.4 34.152
-3 5.6 31.757
-3 -3.6 10.328
11 -5.2 90.436
-2.6 -0.4 3.9944
1 10.8 61.211
12.2 3.6 -6.5329
-6.6 4.8 53.882
-4.2 5.6 35.998
12.2 -7.2 146.65
-0.2 6 19.739
13 -0.4 51.387
12.2 0.8 15.744
-5.4 -2.8 11.074
9.4 8.8 7.7991
-5 -4.4 8.9085
11 11.2 0.017285
2.2 -5.6 35.095
3.8 5.6 7.553
4.2 12 53.235
4.6 3.6 -7.3893
-5 -6.4 19.562
11 9.2 -4.5012
9.8 -3.2 57.238
9 -6.8 96.681
-2.2 2 6.4487
9.8 8 -1.2088
10.2 4.8 -7.774
-6.6 8.4 82.64
6.6 11.6 18.561
1 -3.6 15.251
-6.2 8.4 94.123
4.6 6.8 1.7312
10.6 6.8 -5.4853
12.2 6.8 -7.515
-6.2 -4.4 15.173
11 -6.4 102.66
1.8 -7.2 55.681
3 4 7.5979
9.4 6.8 -2.4992
12.6 10.4 -7.7709
1.4 -6 45.995
3.8 8.8 14.293
-0.2 9.6 53.593
9.8 -7.2 109.01
0.2 4.8 9.6131
-2.2 -4.8 23.197
11.4 -0.8 31.654
1.4 -2.4 11.079
1 5.6 12.389
5 -2.4 12.143
-2.2 -5.6 8.5676
0.6 -2.8 17.662
-1 6.4 23.48
-3 8.4 60.173
-6.6 -7.6 18.704
-1 -4.4 14.228
4.6 0.4 -0.77879
4.6 6.4 8.2121
10.6 -4.8 81.5
6.6 -4 48.756
8.2 4.8 -11.062
5.4 7.2 7.791
-1 7.2 38.118
9 8 2.1877
-3 0.8 9.7209
0.6 -4.4 24.842
1 2.8 -4.2788
3.4 4.8 2.9949
-4.6 -2.4 10.667
-1.8 2.8 10.16
11 -0.8 34.13
-6.6 5.2 51.789
9.4 10.8 6.7139
-6.6 8 88.541
4.2 -7.6 76.672
-5.8 3.6 33.927
6.6 -6.8 95.789
13 6.8 -3.7693
5 -3.6 33.677
-4.2 10.8 102.05
13 11.6 3.1547
10.2 5.6 -7.7121
9.4 -5.2 80.19
6.2 1.2 6.4838
4.2 -1.6 12.694
10.2 -5.2 85.706
6.2 8.4 10.03
7.4 -0.4 12.174
-1.8 10.4 86.955
3 8.4 27.093
-5.8 9.2 99.461
5.8 12 38.713
-3 9.6 84.238
-5.4 8.8 87.468
-1 0.4 -1.492
2.6 -6.4 44.106
-1.4 -4.8 22.114
7.8 -1.6 21.6
6.6 2.4 -4.7487
-0.2 10 53.785
6.2 2.8 -8.9852
12.6 -1.6 58.366
-6.6 -6 12.844
3 -6 41.263
5 2.8 -9.576
-5.8 0.4 11.286
6.2 -7.6 88.562
13 4.8 0.31814
2.2 2.4 -2.4671
0.6 11.2 74.521
10.6 12 8.9989
-6.6 -4.8 13.512
3.4 0 4.5825
10.6 7.2 -9.5407
9.8 -7.6 128.34
-1.4 -0.8 -2.6498
12.6 -7.2 150.16
8.2 -4.8 65.741
-2.6 -1.6 -2.5247
1.4 -1.2 12.805
4.2 -7.2 82.148
-2.2 4.8 22.323
11.8 8.8 -2.8932
-0.2 6.8 29.927
-2.2 -2 12.596
13 0 33.439
1 7.2 30.357
3.4 11.2 47.074
-6.2 10.4 107.91
1.4 -4.4 28.36
-5 6 64.952
-3.8 4.8 43.305
-2.6 11.2 100.27
-5.8 -2.8 6.0629
0.2 -6.4 43.5
-5.4 -7.6 24.664
7.4 7.2 -7.3636
10.6 -0.4 30.293
10.2 -4.4 72.443
2.6 7.2 14.841
10.6 4 -8.8514
4.6 -6.4 51.935
-2.2 10 70.561
7.4 6 -0.34986
3 1.2 -13.706
-1.4 1.6 4.1918
-2.2 3.2 8.6723
3 -4 20.991
-3.4 -2.4 3.7488
9.8 -1.2 30.997
5.4 12 42.611
8.2 2.4 7.9825
9.8 7.2 -5.0372
1.8 0.8 16.04
12.2 -6.8 137.19
5.4 -4.4 39.677
5.8 6.4 7.1243
11.8 4.8 -3.3143
3 0.8 -8.6543
6.2 -6.8 84.729
-1.4 -6.4 38.658
3.8 -4 33.396
-5 -1.2 4.466
-4.2 -2 5.2799
2.2 12 49.988
-3 0.4 5.5978
-5.4 3.2 20.801
11.8 7.6 -4.6125
11 -4.8 91.008
3.8 3.6 -0.96311
-6.2 7.2 77.679
2.2 1.2 -0.1271
-3 -5.2 16.872
3.8 -7.2 67.738
13 -6.4 136.46
11 -0.4 30.292
-1 -3.2 11.774
6.2 -2 21.157
-4.6 -3.6 4.2037
2.2 10.8 45.502
7.4 -7.2 103.73
9.4 -4.4 67.573
12.2 -4.8 104.63
-4.2 -6 0.47848
-0.6 11.2 78.457
-3.8 8.4 62.663
8.2 3.2 7.3772
9 9.6 -2.3526
-2.2 8.4 64.106
1.8 1.2 1.4032
-6.6 2.8 30.928
10.6 4.4 -7.6242
2.6 1.6 13.317
11.8 -6 105.26
2.2 11.6 59.825
8.2 10.4 8.0833
0.2 -3.2 14.333
11.4 -7.6 138.59
11.4 5.6 -7.6212
7 4.8 12.667
3.4 4 2.5399
-1.4 10.4 68.386
-0.2 8.8 50.133
3.8 10 25.705
5 -2.8 14.885
-2.6 -6.4 33.167
1 8.4 33.332
-2.6 10.4 75.203
11.4 12 5.1722
13 -2.8 65.738
7.8 -3.2 39.474
2.2 0.4 7.0071
8.2 -2.4 31.577
-3 2.4 15.984
5.8 -4.8 44.663
6.6 2.8 3.0909
3 2.8 -1.0652
-3.8 2.8 15.04
12.2 6 -4.0472
3.4 -7.6 69.147
-6.6 -2 4.1421
10.6 2 6.3883
-6.6 0.4 16.468
-2.2 7.6 46.122
4.2 -0.4 5.0854
7.4 1.6 14.6
-3 -0.4 0.10657
4.6 5.2 -0.83555
2.6 -1.6 9.742
5 -1.6 20.262
4.6 1.2 12.093
-3 5.2 30.408
0.6 3.2 12.471
13 3.2 3.3345
-3 -2.8 18.506
4.6 9.2 6.0988
10.6 -2.4 47.105
2.6 8.4 34.258
0.2 4.4 6.8856
8.6 4.4 1.9479
4.2 -6.8 68.883
9.8 -2 31.25
7.8 11.6 19.626
7.8 -5.2 69.302
1.8 -7.6 60.227
13 8.4 -15.77
9.4 6 -14.159
-1 -3.6 8.5563
-1.4 9.6 65.938
3.4 -5.6 50.898
-5 6.4 51.866
6.6 0.8 13.788
0.6 -6.8 49.764
9.8 10.4 -0.77378
8.6 -1.6 29.241
-6.2 -5.2 8.418
5 4.4 -1.9101
11 7.2 -10.525
1 9.2 43.01
9 4 -5.1051
11.4 -6.4 122.4
-2.6 3.2 19.602
-3.8 -6.4 25.07
-5.4 0.4 14.697
-3.4 2.4 18.532
-5.8 1.6 17.123
1.4 0.8 -6.5568
-1 2 10.685
-1 10 54.429
10.6 -0.8 34.891
9 -4.4 66.406
3.8 8 5.8787
-5.4 -0.8 20.162
4.2 -5.6 58.811
-5.8 -3.6 12.911
-0.2 -5.6 30.173
9.4 -3.6 67.684
2.2 3.2 14.537
-5.8 6.8 58.773
6.2 -0.8 13.73
7.4 9.2 3.022
-2.6 9.6 78.023
4.6 9.6 24.189
-6.6 9.6 104.32
1.8 2 -2.7462
11.8 2.8 5.5815
0.6 8.8 37.105
3.8 6.8 -0.53627
1.4 5.6 6.941
3 -5.2 33.343
3.4 -1.2 16.475
0.6 9.2 37.991
-5.8 -5.2 13.693
-4.2 9.2 90.42
12.2 12 0.61463
7 11.2 20.741
-6.2 11.6 143.73
4.6 -1.6 10.644
-2.6 6.8 44.374
7 4 -5.7916
1.4 -2.8 33.366
-6.6 2 30.323
11.4 -4.4 85.187
7.8 -7.2 88.887
-4.2 0.4 8.943
7.4 -6 73.261
4.6 5.6 -9.3362
7 4.4 -3.2391
-5.4 1.6 22.329
-0.2 5.6 19.196
-4.6 8.8 86.55
1.4 9.2 39.715
4.2 2 0.29013
8.6 5.2 2.4291
7 2.4 11.235
2.2 -1.6 10.304
-1.8 -5.2 27.968
2.6 -1.2 3.5762
-5 0 11.074
5.4 -4.8 47.632
8.6 11.6 6.0055
13 9.6 -5.2816
8.6 -5.2 78.846
-3.8 -0.4 12.306
6.2 6.8 -7.1145
4.6 -2.4 14.995
3.4 10.4 33.23
5.8 1.6 16.976
-4.6 1.6 9.3803
13 -5.6 125.93
3.8 4.4 -3.3572
9.8 6.4 -16.167
6.6 5.6 -9.5351
-3.8 9.2 77.585
5.4 -2.8 27.217
8.6 -3.2 51.819
-5 2.4 24.795
10.2 11.2 2.6304
-5.4 4.8 35.544
7.4 5.6 -5.3699
0.2 10.8 73.378
-3.4 -4 15.861
-2.6 -5.6 25.686
7.8 1.2 1.1501
-5.4 11.2 121.95
-3 -5.6 15.715
7 7.6 -1.6144
-3.4 11.6 107.47
10.2 -6.8 115.43
7.8 12 12.638
12.2 1.6 32.411
9 -4 58.342
2.2 6 10.329
4.6 -5.2 38.508
-5 9.6 92.019
-5.4 5.2 46.033
3 -2.8 12.535
1 4 3.5907
-4.6 -0.8 0.18115
5 1.2 -2.3416
-3.4 -4.8 26.836
-2.2 3.6 16.429
-5 -4 6.8851
7 11.6 19.825
10.6 5.6 5.856
2.6 4.8 -2.7685
5.8 -3.2 33.842
-3 3.2 10.554
-4.2 2 19.72
2.2 -2 8.5794
12.6 -2.4 59.978
11 0 21.775
2.2 2 -8.8664
8.2 8.8 7.2775
10.6 10.8 -9.1804
9.4 -4.8 72.053
0.2 3.2 -0.28958
-1.4 5.2 20.389
-3.8 -5.2 29.34
7 2.8 -7.0713
8.6 0.8 7.5443
-0.6 9.6 55.831
8.6 2.8 1.8269
3.4 -0.8 -1.4508
-3.8 10 84.979
-1.4 0 0.97699
7.4 -4 44.016
-1.8 0.8 14.254
-6.6 4.4 55.297
5.4 -1.6 6.8366
11 10 -14.417
6.2 6.4 0.79871
-5.8 12 144.37
5.4 10.8 31.656
-6.6 -5.6 7.5617
-2.2 -4 6.7834
1.8 -4.8 32.516
11.4 -1.2 44.282
0.6 1.6 5.2348
-5 -0.4 15.886
13 -7.6 156.24
10.6 9.6 -1.4284
-3.4 11.2 103.05
-1.8 12 99.736
6.2 12 28.185
5.4 4 -1.7771
-1.8 3.2 10.687
11.4 3.2 -2.8888
3.8 -0.8 7.4212
-5.8 3.2 35.114
11.8 -2.4 48.1
11 10.8 4.0602
3.4 9.6 27.53
7.8 -4 54.898
6.2 3.2 -1.5369
2.6 -4 28.141
10.2 8.8 -7.5687
5.8 -2 21.423
10.2 -1.2 45.701
-5.8 10.4 117.53
8.6 -5.6 86.759
-3.8 -2 2.8372
9.8 9.2 -1.1085
10.6 1.2 12.313
1.4 4.8 7.2579
5.4 -7.6 86.405
-6.6 8.8 90.053
9.8 -4.4 70.327
-1 5.6 14.18
-5 -1.6 12.72
9 7.2 -1.166
7.8 -6.8 83.646
10.6 -5.6 96.476
9.8 3.2 3.4968
7.4 -2.4 21.794
7.4 -6.8 95.731
11.8 9.2 -18.804
-5.8 2.8 31.403
1 11.2 59.533
4.2 -1.2 3.4602
10.6 9.2 4.5028
5.8 -2.8 35.333
12.2 7.6 -8.402
11.8 6 -8.8682
3.4 3.2 3.4502
-5.4 -3.6 0.71871
-6.2 5.6 45.422
-6.6 4 40.142
2.6 -3.6 17.274
0.6 2 2.7007
10.2 3.6 -3.6618
7 -2 31.119
-5.8 -6.4 11.733
11 -6.8 122.17
10.6 0.4 24.678
-6.2 -2.8 4.3172
9.8 0.8 -1.3137
10.2 8.4 1.194
6.2 0 8.7497
-0.6 -7.6 35.585
9.4 -2.4 42.312
1.4 -3.6 12.039
-3.8 -2.4 -0.15498
-0.6 -7.2 40.522
3 3.2 -0.13793
5 -6 58.812
-2.2 -1.2 -6.5344
7.4 1.2 3.6776
-2.2 1.2 14.036
2.6 -0.4 6.0672
-6.2 8 77.119
-2.6 12 110.67
-5 7.6 64.418
-5 7.2 62.311
3.8 6.4 1.4176
9 1.2 6.049
1.8 7.2 25.279
1 -6 30.832
5 -5.6 55.286
-3.4 3.6 19.452
1.4 -5.2 26.893
-5.4 1.2 20.474
13 9.2 -9.0868
4.2 2.8 5.2863
1.8 5.6 9.7121
-2.2 -0.8 11.481
12.2 2.8 -2.5705
-1.8 1.6 2.6487
-4.6 -6.4 19.014
-2.6 8 49.271
1.4 -7.6 53.122
-3.4 6 38.055
-5.8 11.2 139.22
1 -0.8 7.4498
-1 2.4 8.0385
0.6 10.4 52.597
0.6 -3.6 24.534
8.2 3.6 4.7785
0.6 -2.4 11.698
1.8 10.8 45.67
10.6 -4 76.723
5.4 10.4 24.669
-6.6 10 129.36
9.8 -4 57.66
-0.2 -4.8 16.683
-5.8 -5.6 19.609
5.8 5.6 9.0073
7.4 -4.4 48.697
-3.8 -4 10.85
6.6 -2.8 32.002
0.2 11.6 75.796
11.8 1.2 20.08
-0.6 -6.4 30.823
-0.6 8.4 51.962
3.8 6 8.9737
7 10.4 7.7192
11.8 -5.6 105.03
-6.2 2.4 37.047
11 4.8 -4.2199
3 -6.8 56.758
3.8 9.2 11.68
5.8 2.8 0.050813
11.4 -7.2 128.2
-4.2 6.8 54.453
-0.2 -2 3.7104
-4.2 7.2 67.688
-3.8 3.6 17.088
7 -4.8 50.362
12.6 -3.2 73.896
8.2 5.6 -14.452
-6.6 9.2 106.9
5.8 8 0.024668
3 9.6 31.237
5.4 11.6 38.358
-1.4 -7.2 35.9
0.2 -7.6 59.491
2.2 9.2 34.185
7.8 5.2 -6.7719
11.4 5.2 4.6771
9.8 4.4 -4.7123
10.2 7.6 -2.1442
4.2 6.8 13.285
9 9.2 -7.3704
-4.2 -2.8 8.7625
7.8 7.6 -1.4032
1.4 10.8 58.543
3.8 -2.4 18.597
8.6 8.4 0.28575
-1.8 -5.6 18.728
7 6.4 -12.056
7.8 11.2 16.517
11 -3.6 59.953
8.6 2.4 6.6215
7 9.2 6.7894
8.6 -2.8 41.726
2.6 1.2 -0.4652
-6.6 7.2 79.364
-1 8.8 48.979
-6.6 -5.2 10.607
-5 -0.8 5.0082
4.2 7.6 15.507
4.6 11.2 35.755
1 12 70.312
8.2 0.4 12.97
4.6 1.6 1.2779
-6.2 12 142.24
-0.6 1.6 -4.2506
6.2 0.8 13.735
3.4 -2 15.082
4.2 6 7.7048
4.6 -4.4 40.764
5 -4.4 45.532
0.2 8.4 33.651
7.8 9.2 7.0133
2.6 2 1.4647
-5 -6.8 25.874
3.4 -5.2 34.95
11.8 0.8 17.477
-3.4 6.4 40.781
3.8 2 0.032756
-1 6 20.975
7 -7.2 84.863
3.8 11.6 29.644
-2.6 6 30.61
3.8 0.4 5.9423
1 4.4 10.219
-3 -6 25.118
9.4 -1.6 29.727
12.2 -4 90.877
9.4 -4 60.954
9.8 4 2.753
7.8 -6 83.451
-1.4 -2 6.7369
6.6 11.2 27.088
-3.8 -1.2 9.4679
9.8 10.8 -5.356
8.2 -3.6 53.334
8.6 10.4 -2.6261
-6.6 3.6 47.499
2.2 -4 26.012
11.4 2 5.932
9.4 8.4 -0.93849
-5.4 10 103.28
-2.2 8 50.204
9.4 7.6 -1.8811
7.8 -7.6 97.369
-3.4 8.8 68.103
-5.4 7.2 71.051
11 -7.6 128.87
-6.2 -0.4 11.338
7.4 3.6 -1.2589
-2.2 10.8 88.552
-2.2 1.6 5.1796
-2.2 4 14.496
-2.6 -6 22.086
-3.4 -0.8 7.7014
11 3.2 -3.3309
6.2 7.6 6.7372
3.4 -6.4 50.481
1.8 -3.2 25.394
7.4 6.4 -2.8353
-2.2 6.8 33.968
10.6 -3.6 65.138
2.6 -7.2 56.325
3 -0.8 -0.96168
-0.6 -5.6 30.036
9.4 6.4 -16.75
13 2 15.085
-1.8 5.6 34.485
10.6 -6.4 103.97
-1.8 2.4 0.86384
7 -3.6 45.305
9 -4.8 74.11
1.4 11.6 67.066
9.4 11.2 2.4891
5.4 11.2 31.919
3.8 -0.4 4.9839
-1.4 3.6 11.441
7.4 2 6.6756
7 6 -3.5702
6.2 1.6 3.2531
-1 -1.2 -1.271
4.6 -2 25.429
3.8 1.2 -1.0353
-5.4 -4.4 12.999
8.6 8.8 -1.3425
11 3.6 7.6889
4.2 -3.6 33.517
9.4 2 2.0876
-5 3.2 35.059
3.8 -3.6 37.966
12.6 7.6 -7.3167
-6.6 11.2 135.64
9.8 5.6 -8.9049
4.2 6.4 3.4327
-6.6 -2.4 2.9918
-6.2 -2 17.006
11 -2 38.394
11 5.6 -6.8121
1.4 9.6 48.761
9 11.6 23.584
12.2 9.6 -11.948
-6.2 -2.4 2.807
-4.2 -1.6 -1.3172
7.4 -7.6 108.22
6.2 11.2 24.327
-1 9.2 57.254
-1.4 2.8 7.1705
8.2 -3.2 47.597
7.4 8.8 -0.14735
-1 -1.6 6.8062
-6.2 7.6 81.393
8.6 11.2 12.483
11.8 11.6 3.1892
-4.6 -7.2 27.807
1.4 -5.6 30.062
11.4 6 -7.5475
8.2 8 -6.5879
9 4.4 -1.1781
3 -4.4 29.719
5 8.8 13.462
11.4 2.4 5.4505
-3 0 7.7098
-1 -2.4 -6.2993
13 10.4 -17.414
-1.4 -4.4 17.221
3 8.8 26.076
-2.2 -3.2 9.3142
4.6 -1.2 8.3831
3.8 -5.2 41.478
-1 -6 25.255
4.2 1.6 -1.4433
-5 -2.8 3.9516
11.4 2.8 0.43871
-3.4 10.4 99.953
7.4 7.6 -7.0937
-4.6 6.4 50.425
-4.6 -2 5.3792
8.6 6.8 -5.8694
10.6 -1.2 31.485
3 0.4 5.6134
0.6 -5.6 34.516
-3 10.4 97.738
-0.6 1.2 5.8718
-3.4 0 6.688
-0.2 -6 31.656
-3.8 2.4 15.501
-2.2 4.4 18.068
5 -4 41.149
3.8 2.8 -8.8148
1 7.6 28.626
11.8 -1.2 44.03
8.6 -3.6 51.212
2.6 -2.4 11.694
9.4 4.4 -7.1997
-1.4 8 48.662
6.6 6.8 -3.4938
2.2 6.8 12.303
-4.6 7.2 62.022
1.8 6.8 13.679
3.8 10.4 33.187
-4.2 11.6 125.37
-2.2 -4.4 24.062
5.4 -6 58.143
-3.8 -2.8 12.506
-3.8 5.6 40.107
5.4 3.6 2.0836
9.8 -0.4 40.238
12.2 6.4 -14.719
13 2.8 14.211
-0.6 4.4 9.5279
-3.4 5.2 37.617
8.2 9.6 15.785
2.6 2.8 0.42757
2.2 -2.4 11.834
-4.6 8.4 75.989
-2.2 -2.8 16.07
7.4 11.2 22.091
8.6 0 20.861
11 2.4 14.676
-2.6 -2.4 15.502
-0.2 2 -7.3393
-0.2 0 -1.5704
-3.4 9.2 66.004
1 -4.4 23.149
6.2 6 5.2389
5.8 9.2 6.0908
-5.8 -4.4 16.082
1 10 46.556
7.4 -1.6 13.325
-1 -4.8 19.016
-0.6 7.6 29.325
-2.6 2.4 11.23
7.8 9.6 10.394
9 -6.4 85.775
5 -7.6 78.119
5 11.2 30.012
1 0.4 5.4809
-3.8 -6.8 27.865
12.6 -3.6 78.584
3 5.2 10.128
5 10 11.82
-0.6 2.4 6.6007
5.8 7.6 -6.7094
11.4 7.2 -1.634
3.4 11.6 40.772
-6.6 1.2 21.964
8.2 6.8 2.2245
3.4 1.2 -3.4839
-3.4 1.6 3.5732
-5.4 -5.6 13.564
12.6 4.4 3.0472
-2.6 5.6 28.475
5.4 8 9.3398
8.6 -7.6 111.39
-2.2 0.4 2.2986
9.8 11.6 7.6225
-2.2 5.6 38.243
12.6 6.4 -9.1707
7.4 2.8 -7.0602
-3.4 4.8 31.495
4.6 8.4 19.574
-6.2 5.2 55.252
12.6 6 -3.5089
10.2 0.4 17.651
0.6 11.6 65.767
7.8 10 2.0755
8.6 4.8 1.8937
12.2 5.2 6.4543
1.4 6.4 15.687
2.2 -6.4 43.105
-2.6 -7.2 27.014
-0.6 8 29.943
10.6 5.2 -4.0023
-3 -2.4 -0.7234
11.4 -5.2 93.593
6.6 -1.2 16.624
-6.2 10.8 120.69
-6.2 -1.6 9.5696
-1.8 -4 18.959
1.4 7.2 23.743
-4.2 3.6 21.821
-5.8 9.6 103.47
9.4 10.4 7.2605
5 -3.2 30.328
-6.2 11.2 129.42
-4.6 -4.8 13.361
8.6 -6 78.791
12.6 3.2 -1.358
-3.8 6 35.279
10.2 -3.6 59.192
-0.2 10.8 71.801
7 1.2 5.6062
1.8 -6.4 43.814
6.2 -4.4 33.24
3 7.6 19.441
9.4 -2.8 45.577
10.6 -7.2 115.29
4.2 -2.8 20.881
9 8.4 -4.61
3 11.2 38.456
1.4 6 9.4451
2.6 12 55.005
-3.4 -3.2 11.242
5.8 4.8 -5.3815
-6.2 1.2 20.941
0.2 -5.6 35.214
12.2 0 32.763
1.8 -0.4 0.95308
6.2 8 6.1936
0.6 -4.8 38.569
7.8 -1.2 14.548
-0.2 0.8 -3.5611
0.2 7.6 50.318
-6.2 -3.6 11.139
0.2 -5.2 18.16
5.8 3.2 5.5274
-5.8 7.2 74.519
-4.6 2.8 30.114
-2.6 4.8 44.186
6.6 4.8 -4.6347
9.4 -0.4 23.936
3.8 5.2 -2.0789
5 2.4 6.2262
1.8 -2.8 16.23
13 1.2 30.174
5 11.6 16.662
11.8 8 -5.231
7.4 4.4 -5.6765
-5 -2.4 5.9645
8.2 4.4 -9.2266
9 -7.2 109.85
11.8 -6.4 121.52
-6.6 -3.2 20.113
9 0.4 20.718
11 5.2 -11.205
-3 10.8 99.508
2.2 9.6 32.066
2.6 11.2 50.234
12.2 -2 48.202
1 11.6 69.903
12.6 1.2 16.499
5.8 -4 43.597
-2.6 0 16.147
-3 12 102.73
-3.4 -2.8 16.452
0.2 5.2 6.8251
-4.6 4.8 25.778
-0.6 4.8 14.752
12.6 9.6 -8.7319
4.2 -3.2 29.084
10.6 4.8 -0.34263
5.8 -1.2 20.494
9.8 -6 91.023
9 -3.6 49.115
7.4 -2 36.363
-6.2 4 46.221
5.8 -4.4 42.308
2.6 10.4 42.203
-4.6 11.6 123.6
0.2 12 85.062
3.4 5.2 9.5049
-1.8 7.2 42.74
9.8 9.6 -5.3167
-0.2 8 36.035
-1.8 -4.4 15.836
-0.6 -4 23.899
4.6 2.8 -0.2178
3.8 -5.6 54.158
-5 8 79.112
6.6 -0.4 20.244
7.4 -6.4 76.698
9.4 1.2 13.254
5 6.8 0.38894
-1.8 -3.6 9.6123
-5.8 -7.6 16.266
-3.4 4.4 26.239
1.8 3.2 -3.8505
1 10.4 48.512
8.2 -7.2 107.07
-1.4 6 28.488
-3.8 1.6 16.676
3.4 -6 57.148
3.4 6.4 3.4864
-6.6 -6.8 28.638
1 1.2 5.8457
11.4 9.6 -2.5535
-5.8 6.4 60.602
-4.6 -5.2 20.253
9.8 11.2 5.537
-5 11.6 134.69
8.2 7.6 -0.87259
1.4 10 46.413
5.4 7.6 0.75161
-4.2 -3.6 16.486
2.6 -2.8 14.096
4.6 -3.2 27.988
7 0.4 -0.66223
-5.4 10.8 122.81
3.4 7.2 10.871
-1.8 -6.4 29.752
11 6.8 -7.7932
6.2 -6 69.036
-4.6 2.4 18.502
2.2 7.6 22.535
0.2 11.2 68.447
-0.6 12 80.717
7.8 0 8.9242
-0.6 -3.2 6.8276
3.8 10.8 32.458
9 -5.6 79.115
-5.4 9.2 97.843
9 3.2 10.548
5.4 -6.4 65.761
-4.2 9.6 85.055
9 -2.4 47.031
8.6 -2.4 43.377
-5 -7.2 33.856
11 11.6 10.798
-5.8 7.6 83.691
-6.6 10.8 134.37
6.2 10 6.1268
12.2 10.8 1.6302
11.8 3.6 2.1687
7.4 5.2 -1.3864
-2.6 6.4 33.439
-0.6 6.8 32.396
-2.2 -0.4 1.7807
8.6 -1.2 23.19
-5.4 -6.4 25.766
5.8 -7.2 84.499
0.2 6.8 14.763
10.2 2.4 8.3375
2.6 0 -2.5745
-3.4 4 20.84
4.6 -4.8 43.472
11 -2.4 58.43
7.8 -0.8 18.555
11.8 7.2 -18.91
1.8 -2 11.61
2.6 4.4 6.6763
10.2 1.2 7.9846
4.6 2.4 -2.8022
3.8 12 46.082
6.2 -6.4 81.918
5.8 5.2 5.7214
5.4 8.4 10.724
-5.4 4 36.196
-1.8 0.4 -6.3819
13 2.4 26.477
1.8 10 47.572
5 9.6 24.01
9.8 -5.2 84.25
-2.6 5.2 20.677
12.2 -1.6 52.484
-0.2 -0.4 7.166
11.4 -2.4 54.705
3 -3.2 25.7
1.8 12 62.389
7 -4 42.204
1.8 -3.6 28.952
0.2 -1.2 3.4865
7 9.6 12.854
11.4 -6 105.47
11.4 11.6 3.2409
13 -3.6 83.9
5.4 0.8 -3.0749
1.4 -4 18.346
-0.2 7.6 27.897
-0.6 -6.8 38.535
4.6 10.8 26.33
8.6 10 0.17663
9.4 10 -10.401
-3.8 -7.6 32.798
4.6 -6.8 61.1
-3 4.8 17.095
12.6 8.8 -5.3325
9.8 -1.6 41.635
-3.4 -5.2 31.932
-0.6 9.2 51.17
4.6 -3.6 30.046
1 -1.6 8.836
12.6 1.6 22.209
0.2 -4.8 17.936
-0.6 0.8 5.2847
12.2 -5.6 125.39
11.8 -0.8 40.342
1.4 12 73.711
-1.4 1.2 7.3752
-5 8.8 83.535
11.8 3.2 2.4037
10.2 10.8 -3.3903
7.8 6.4 0.56085
0.2 -2 11.316
10.2 -0.4 29.367
10.6 -5.2 92.949
10.6 10.4 4.4535
5.4 2.8 0.35914
2.6 -0.8 17.767
-4.6 0.4 22.539
7.8 8.8 5.2927
-2.6 3.6 17.497
3.4 4.4 7.4894
9.4 -3.2 51.044
4.6 11.6 47.351
1.8 10.4 54.259
12.6 10 -3.3636
2.6 8 26.877
9 0.8 10.286
-2.6 -4 1.1506
11.8 4.4 7.7578
-6.6 0.8 29.072
12.2 -0.8 40.264
3.4 3.6 -8.5301
9.4 9.2 1.5994
4.2 2.4 -3.6149
7.8 6 -19.95
4.2 7.2 7.7028
7 12 20.852
-5 5.6 24.366
0.2 -3.6 5.6409
-5.8 -7.2 30.041
12.2 -5.2 108.05
6.2 9.6 21.128
-0.2 -7.6 39.614
9 0 22.266
10.6 2.8 9.1743
5 7.6 10.056
-0.2 -7.2 36.652
-1 0.8 4.8189
5 -6.8 77.342
-3.4 -0.4 3.7224
-5 1.6 11.816
5.8 10.8 21.264
9.8 -2.8 50.189
0.2 6 19.662
13 5.6 -2.3571
-3.4 9.6 72.201
6.2 -3.2 38.638
3.8 9.6 29.623
5.8 9.6 18.113
13 3.6 5.3169
0.6 -6 37.756
11.4 1.6 14.266
1.4 1.2 -7.167
-3.4 6.8 41.149
1.4 4 13.694
0.6 5.2 10.412
9 10 7.4582
12.2 1.2 30.438
-5.4 12 135.19
5.8 -3.6 37.394
-3 8.8 65.578
12.6 11.6 2.1345
-5.4 -0.4 10.103
-3.4 8.4 73.135
10.2 -5.6 94.976
10.2 -4.8 88.286
-2.2 -7.6 51.725
1.8 4.4 -0.79005
1.4 8.4 32.72
4.2 -4.4 34.349
-1.8 -0.8 3.8316
8.6 -7.2 107.25
7.4 8 6.301
-4.6 5.2 41.794
1 1.6 -0.94645
-3 6 45.708
2.2 -0.4 20.599
13 -7.2 151.36
-1.4 -2.4 2.5693
12.6 9.2 -25.122
1.4 3.2 4.3413
-3 -1.6 13.455
1.8 -6 39.285
8.2 0 8.7739
7.4 11.6 18.319
5.8 -6 68.169
11 0.4 25.45
-3 -0.8 0.21381
-1.8 6 28.515
2.2 6.4 12.003
-3.8 8 60.126
-4.6 6.8 52.526
-1 4.4 16.366
11.4 -4.8 95.003
2.6 9.6 35.133
11.4 4.4 8.2968
-3.8 9.6 93.727
12.6 -4 79.099
2.6 6.8 9.6441
4.2 -6 60.398
-6.2 -6.4 13.648
9.8 -0.8 36.713
-2.6 -0.8 5.7199
-3.8 7.2 51.1
5.4 2 -3.3343
-1.8 -6 35.098
5.8 -0.8 15.617
7.8 4 -0.52359
-1.4 -0.4 15.727
-3.4 -7.6 29.078
12.6 5.6 7.3789
12.2 9.2 -0.70338
3.8 -4.4 39.35
6.6 3.6 -2.2445
5.8 -0.4 3.1645
-3.4 -6 27.156
0.2 -0.8 10.848
11.4 9.2 -2.4541
8.6 1.2 8.1558
4.6 12 54.084
2.2 -4.4 33.342
-3.8 0.8 10.089
8.6 -0.4 30.757
2.2 -7.2 53.531
4.6 6 4.082
-1 9.6 57.285
-5 -6 19.967
10.6 10 9.8446
11.4 11.2 1.0233
5.4 -7.2 75.675
3.4 -3.6 23.005
-4.6 -5.6 17.55
9.8 3.6 1.2295
13 10.8 -16.421
5 12 37.715
11.8 -4.8 92.479
11.4 10.8 1.1725
12.6 0 40.764
5.4 -3.6 37.123
0.6 -7.2 51.006
3.8 -6 50.402
-6.6 1.6 25.016
2.2 1.6 1.146
-5.4 11.6 127.8
7 -0.4 21.722
6.6 10 8.7476
-6.2 4.8 56.407
5.8 1.2 9.0339
11.8 -7.6 141.8
10.2 10.4 2.7577
7.8 -5.6 81.775
12.2 -4.4 93.306
6.6 -6 84.972
2.2 -0.8 4.8817
12.6 6.8 -14.112
-5.8 -4.8 16.143
11.4 8.4 3.0501
-1.8 2 6.2057
-6.6 2.4 31.63
3.4 8.8 14.86
-5.8 -6 22.803
11.8 9.6 -1.3392
7.8 4.8 -1.8521
7 -1.2 14.859
1.8 -4.4 25.011
-4.2 -3.2 5.8634
-5 4 27.563
5.4 -0.8 10.45
11 -4 70.035
8.6 -6.8 91.896
5 -0.8 13.773
8.2 -1.2 17.721
9.4 0.4 13.86
1.4 4.4 7.6298
-4.6 -7.6 36.819
3 2 4.7495
13 -1.6 56.378
10.6 8.8 -9.4376
-1.4 2.4 8.1523
-5.4 2.4 22.736
12.2 10.4 -7.7135
6.6 5.2 -12.095
-3.8 0 -0.51526
10.6 -2.8 59.402
2.2 -3.6 24.97
12.2 -7.6 153.15
3 4.8 -5.0947
-1 1.6 6.2984
-4.6 10 100.66
7 7.2 -0.62245
3 -1.6 15.452
12.2 10 -6.7089
12.6 -5.6 114.05
5 0.8 6.9474
-3 7.6 56.619
7.4 10.8 18.69
2.2 10 42.554
-0.2 10.4 66.202
8.2 -6 78.546
-1.8 7.6 37.248
5.8 6 0.85478
-3.4 12 122.59
-5.4 5.6 49.291
-1.8 -3.2 2.4197
-3 6.4 42.454
5.4 -5.6 68.14
-4.2 0.8 9.9311
12.6 3.6 1.3039
2.2 3.6 2.0576
-0.2 -6.8 46.175
-1 -2.8 7.95
1.8 -6.8 50.378
8.6 8 -2.0453
6.6 9.6 12.504
-5 0.8 10.22
9.4 9.6 -0.6287
9 8.8 -1.5614
9.8 -5.6 92.359
5.4 3.2 -10.571
7.8 0.8 7.511
7 -7.6 96.56
5.8 -5.6 57.736
-1 -0.4 2.46
13 -0.8 44.668
-4.6 1.2 9.3329
8.2 1.2 3.199
1 -2.4 13.58
-4.2 1.6 15.937
-0.6 10.4 61.054
9 2.4 3.8665
8.2 2.8 -4.9435
1.4 11.2 67.805
3 -0.4 5.0981
4.2 4.4 5.9438
-2.2 7.2 37.755
-6.6 7.6 76.173
-4.2 2.4 19.982
1.4 6.8 14.126
1 6.8 22.967
7 -6.8 88.829
-6.2 0.4 13.456
1.8 -2.4 17.08
3.8 -7.6 65.179
2.6 -6.8 49.539
-1 -0.8 -3.9446
5.4 4.4 -10.098
0.2 -1.6 1.5182
1 -7.2 41.641
7 10.8 9.4226
3 -2 16.73
11.4 8.8 -3.3748
3 7.2 18.223
9 2.8 0.097813
-3 4 22.712
5.4 -2 14.145
-5 -3.6 14.551
1 -4.8 30.335
3.8 -3.2 25.893
-3.4 3.2 11.42
-6.2 2.8 22.88
3.8 -1.2 10.924
-0.6 -0.4 -4.8813
-1 -6.8 27.702
6.2 10.8 26.618
10.2 -7.6 127.5
-5.8 -2.4 14.603
2.2 4 4.8579
12.2 4.8 -4.0002
4.2 4 -5.2526
-2.6 -1.2 -0.6537
3.4 -2.8 15.097
1 0.8 -7.6374
3.4 7.6 9.6171
7.4 -2.8 36.228
11.8 10 -2.6253
5.8 0.4 5.3407
5.4 8.8 16.153
2.2 7.2 24.476
0.2 6.4 20.113
2.6 4 7.2903
8.2 0.8 11.273
3.4 10 29.011
-5.4 9.6 99.756
11.8 -1.6 40.117
-1.4 7.6 41.997
8.2 11.2 16.26
-2.6 2 3.5109
3.4 0.8 5.0457
-5.4 -6 19.988
-1.8 -2 -1.6611
9.4 2.8 0.36092
1.4 -0.8 14.904
8.6 3.6 -1.392
2.6 0.4 8.1452
11.4 -0.4 37.249
1 -2 10.428
0.6 0.4 2.8475
2.2 -4.8 34.833
4.6 8.8 20.221
8.2 10 9.4705
-1 1.2 5.6869
-5 10 105.87
-1 2.8 6.297
7.4 -4.8 67.073
-2.2 6 24.185
-4.2 -4 21.047
7.8 3.2 -1.1976
9.4 -1.2 32.718
0.2 -7.2 46.582
-1.4 5.6 42.412
10.6 8 -17.652
-3 1.6 7.0343
7.8 -0.4 10.276
5 10.4 19.047
-0.6 6.4 20.461
6.6 12 27.242
-1.8 10 75.937
11.8 -7.2 127.26
8.2 12 37.763
-2.2 11.2 90.308
-3 -1.2 8.4232
3 -5.6 56.284
-4.6 -0.4 12.744
-4.2 10.4 100.72
-3 -7.2 26.304
-4.2 0 7.0709
6.6 3.2 0.92676
7.8 10.4 0.36987
4.6 -4 32.429
-6.6 6.8 70.85
-4.2 8 68.278
-2.6 -3.6 12.38
11.8 4 -2.5397
9 -0.4 21.418
-6.2 8.8 92.292
5 -4.8 43.522
11 2.8 5.8732
-2.2 2.8 8.3126
1 3.2 5.6759
10.6 1.6 3.8183
6.2 9.2 17.801
8.6 4 0.3271
6.6 -1.6 19.462
-5 1.2 7.1834
0.6 4 -3.0127
-2.2 -1.6 0.12825
7.4 -3.6 36.823
1.4 7.6 23.826
-5.4 6 51.034
12.6 -0.4 44.785
3 2.4 2.3127
-2.2 10.4 77.794
-3.8 2 17.38
8.2 6.4 -16.447
2.6 -2 17.933
-3.8 6.8 48.368
6.2 7.2 -3.7138
0.2 -4.4 17.098
10.2 -0.8 37.277
-1.8 5.2 32.418
-5 4.4 30.895
-1.8 -4.8 32.201
9.4 -6.8 99.287
-4.2 -4.8 24.13
-1.4 -5.6 32.862
2.2 0.8 5.0974
12.6 8.4 -7.3497
-5.8 -1.6 13.188
7.4 12 17.386
11.4 10.4 -0.83206
11 8.8 -2.3091
12.2 2 8.0297
8.6 12 29.158
-1 -7.6 49.482
-6.2 9.6 120.91
12.6 -5.2 112.49
6.2 11.6 31.816
-5 -4.8 8.2759
13 -6.8 139.74
7 8.8 7.4095
12.2 8 -16.503
-1.8 -7.6 42.427
3.4 6 -0.83346
-6.2 3.6 42.591
6.6 8.4 15.84
4.6 7.2 12.896
0.6 4.8 12.425
-1 -5.6 29.843
0.2 10.4 61.763
4.2 11.2 39.97
-5.4 10.4 107.93
13 7.6 -10.377
-3.8 6.4 49.545
6.6 4.4 -0.065177
1.8 8 25.981
8.2 2 -3.6138
10.2 -6 109.09
5.8 11.2 24.056
4.2 -2 18.901
-1.8 9.2 69.57
12.2 8.4 -19.197
-3.8 4.4 30.091
6.6 6.4 -5.8925
9 -2 40.725
7.4 4 -2.7553
-1.4 8.8 44.845
-3.8 5.2 39.651
-0.6 8.8 47.615
-3.8 -7.2 24.116
-4.6 -6 17.894
2.2 8.4 33.403
-1.8 -2.8 6.2357
4.2 10.4 36.119
2.6 6.4 0.73412
-3.8 -1.6 5.5635
1.8 5.2 12.348
-5 2 18.018
0.6 7.6 26.877
7.4 4.8 -3.6452
3.8 2.4 6.679
-5.4 -5.2 16.378
7.4 0.8 15.189
11.4 -3.2 72.99
-4.6 -1.6 -3.2337
11.4 7.6 -8.0583
7.4 -0.8 16.225
-4.6 2 19.666
7 8 3.415
9.4 5.2 -3.5481
10.6 7.6 -12.069
-5 10.8 112.03
13 -4.4 104.61
1.4 -4.8 34.895
-3 -6.8 36.524
11.8 -4.4 96.318
-5.8 10 113.05
-4.6 9.2 79.381
9.4 -7.2 113.38
-5.4 6.8 73.571
13 10 -4.5917
6.6 7.6 -1.4703
8.2 -4 54.74
-1.4 -1.2 6.2193
9.8 0.4 24.053
9.4 -6.4 104.23
-1.8 -2.4 -0.60696
1.8 4.8 6.9821
4.6 -0.4 -3.4418
9.4 -0.8 24.556
5.8 -6.8 85.609
6.6 -5.6 64.164
5.8 6.8 -6.8293
3 -7.2 60.396
11.8 -5.2 105.94
4.6 0.8 -6.3235
-2.6 -7.6 34.862
-3.4 2.8 17.391
-5 10.4 113.95
-2.6 -4.4 18.451
4.2 5.6 -6.0656
7.8 -6.4 78.451
-4.2 -5.6 11.704
-3.4 8 62.008
10.2 -6.4 98.641
5 -2 0.30776
0.6 1.2 -1.9448
3.8 4.8 0.82046
4.2 4.8 -1.4623
10.2 9.6 0.11741
12.2 8.8 2.5756
2.6 7.6 10.447
0.6 -1.2 -1.4471
11 2 16.152
6.2 -5.6 71.554
9.8 7.6 4.3769
3 3.6 8.3146
5.8 11.6 34.285
-3.8 0.4 5.2406
7 2 0.93797
0.6 10.8 65.161
-0.2 6.4 28.597
12.6 -6 121.4
-1.8 8.8 50.612
5.4 6.8 -6.8768
-3 3.6 22.583
-3 6.8 41.769
11 0.8 25.443
10.6 -7.6 136.69
12.2 4 6.5572
