-2.6 2.8 20.256
1.4 1.6 2.1661
13 7.2 -5.955
3.8 0 4.9612
13 -5.2 117.26
3.8 -6.4 55.851
11 -3.2 54.247
1 5.2 5.1657
7.8 5.6 -1.9407
-5.4 -3.2 14.435
8.2 -6.4 89.604
2.6 5.6 -1.2442
1.8 7.6 18.013
8.2 -1.6 38.337
6.6 1.2 -0.33684
10.2 7.2 -7.608
-4.2 8.8 76.376
1 -0.4 5.0272
0.2 2.4 -3.6972
6.2 -5.2 71.775
2.6 2.4 3.4979
9.4 4.8 -7.2619
5.4 9.6 24.206
1 -3.2 13.759
-5.8 -0.4 20.384
-1.8 4.4 24.82
-4.6 3.6 21.492
-1.4 -1.6 13.07
10.6 6 -5.5212
-5 12 136.79
3 6.8 12.48
-0.2 -4 9.1373
1.8 -1.6 11.287
11.8 6.4 -4.7875
9.8 1.2 18.944
3 10.8 46.262
7 -6.4 84.165
-2.6 -2.8 12.657
-4.2 6.4 49.813
-0.6 -1.2 -3.8714
2.6 0.8 -3.623
1 8 32.126
9.8 4.8 -6.7038
3 10 30.573
-5.4 8 77.386
-4.2 3.2 29.798
2.6 9.2 26.306
-0.6 -0.8 -5.193
-3.4 7.6 57.049
5 4 -9.9749
9.4 8 -2.3776
12.6 -2.8 72.38
7 5.6 -9.8991
0.6 2.8 4.3031
9 6.8 -4.5571
2.2 -3.2 17.204
-0.6 4 12.993
4.2 -6.4 51.695
4.6 3.2 -9.1281
5.4 0.4 -1.8539
10.6 -6.8 112.43
7.4 2.4 -2.5558
8.6 9.6 0.50569
-2.6 4.4 34.016
10.2 3.2 -2.7706
3.4 0.4 5.7508
11.8 12 6.1956
6.2 -2.8 36.774
1 -5.2 26.177
0.6 3.6 -2.9603
1.4 -2 17.206
3 4.4 -7.9435
4.6 4.8 -1.0569
10.2 4 -4.3928
3.4 -7.2 64.882
1.8 0.4 7.1652
12.6 2.4 19.823
8.2 -7.6 103.11
-5 -2 19.101
-1.8 10.8 89.489
1 2 -1.6718
8.6 7.6 6.5867
-1 11.6 85.518
8.6 3.2 -4.5996
2.6 3.6 1.5751
6.2 4.4 -11.146
1.4 -1.6 10.732
-0.6 -2.4 -1.1766
4.6 -0.8 14.575
9.8 -6.4 98.574
10.2 8 -19.311
3.8 -6.8 62.713
5.8 4.4 -10.197
5.4 -2.4 19.843
7 0 26.695
-2.2 -6.8 30.399
1.8 6 13.707
-0.6 2.8 9.4793
-6.2 -6 23.196
9.4 -7.6 115.87
-2.6 2.8 20.256
1.4 1.6 2.1661
13 7.2 -5.955
3.8 0 4.9612
-1.8 4 11.647
-0.2 12 90.33
1 -2.8 12.473
9 -2.8 43.045
-5.4 3.6 24.36
10.2 -2.4 42.88
10.2 -3.2 62.803
-5.8 2 21.167
-3 -3.2 3.6509
-0.6 6 17.73
0.2 2 8.1637
-0.6 -2.8 -5.0143
10.2 0 22.277
1 -1.2 8.8393
6.6 -0.8 14.123
8.6 1.6 12.236
7.8 -4.4 61.063
8.2 1.6 5.6778
7.4 3.2 -3.7766
-3.4 1.2 13.965
-1.4 12 95.445
-2.2 -6.4 14.951
9.8 -3.6 58.923
-4.6 -4.4 17.271
-2.2 0 14.087
5 2 3.7474
6.2 8.8 3.2646
4.2 3.6 -1.6062
-2.2 2.4 19.232
3 11.6 53.411
9.8 5.2 6.0804
12.6 -4.8 107.23
11.4 0.8 25.721
7.4 -3.2 35.91
2.2 -1.2 2.6742
0.2 0.8 3.7314
12.6 0.4 23.74
-0.6 10.8 80.212
8.2 -6.8 103.08
7 -6 74.641
-1 6.8 43.57
11.4 10 11.561
-1 4 17.493
-1.8 4.8 17.476
-4.2 -6.4 19.264
-3.8 10.4 102.93
5.8 7.2 1.2186
-1.8 11.6 97.543
-4.6 4 37.239
11.4 6.4 -5.2163
3.4 12 53.295
5 3.2 -5.1735
-0.2 -3.6 23.279
4.6 4 1.9357
10.2 12 20.047
-1.4 4 14.702
1.8 -4 13.858
5 6.4 -0.058718
-1.4 11.6 75.046
-6.2 3.2 27.351
-6.6 3.2 26.599
-6.2 0 14.012
7.8 8.4 -2.4992
7.8 1.6 8.7007
13 8.8 -2.6505
-4.6 9.6 88.346
7.4 -5.2 74.095
-5.8 8 90.584
3 -6.4 47.796
1 9.6 41.346
3 12 56.929
7 3.2 -1.8396
8.2 7.2 -0.53385
-3.4 -1.2 12.623
-5.4 4.4 34.309
9.8 -6.8 103.92
6.2 -0.4 9.0704
-6.2 -7.6 26.415
9 -3.2 43.465
5 6 -0.20845
-2.6 -4.8 16.297
10.6 -2 48.176
11.8 -3.6 83.596
12.6 4 0.88018
-5.8 0.8 3.7948
0.6 4.4 7.6276
-0.6 0 6.0362
4.6 -7.6 71.112
-1 -2 23.6
-5.8 11.6 138.14
0.2 -2.8 -3.7936
5.8 8.8 13.189
5.8 8.4 13.542
-4.6 -1.2 11.488
-3.4 10 84.671
-4.2 12 125.87
1.4 10.4 56.571
1 4.8 16.433
-5.8 4.8 39.93
-1 5.2 18.993
-3.4 -5.6 16.494
11.4 -1.6 40.792
-3.4 5.6 38.473
11.4 8 -23.117
-3.8 -4.4 10.492
-3.4 -3.6 3.3323
7 -2.8 22.71
-1.8 -1.6 -8.0639
10.2 -2 51.857
8.2 8.4 16.495
3.4 -1.6 16.504
-6.6 -4 16.007
1.4 0 -7.5073
11.4 6.8 -16.896
-1.4 3.2 13.239
2.2 4.4 13.396
11.8 -2 46.169
8.6 5.6 -3.9684
7 8.4 0.24178
11.4 3.6 5.8244
-5 0.4 10.78
-3.8 3.2 20.277
-3.4 0.4 6.6911
-0.6 -4.4 15.539
6.6 1.6 -4.9854
-3.8 -5.6 9.1477
3.4 -3.2 27.255
11 8 -4.457
-1.4 2 0.3003
9 4.8 2.0277
-4.2 -0.4 -1.9461
6.6 4 -21.261
-2.6 0.4 12.571
6.2 2.4 8.1937
3.8 7.6 18.057
1.8 6.4 13.027
-2.6 0.8 3.5195
-6.6 6 58.577
6.6 2 3.6862
-0.2 9.2 52.9
8.6 6.4 -1.0429
9.8 8.8 -3.7531
0.2 1.6 1.8079
-4.2 -6.8 27.184
12.6 7.2 -9.4572
6.6 8 -6.3003
-2.2 0.8 8.3987
2.6 -5.6 41.901
-5 5.2 54.436
-2.6 1.2 4.5307
1.4 2.8 9.2673
12.6 8 -10.646
-3.8 8.8 67.057
13 -4.8 107
0.6 -3.2 19.196
7 -4.4 57.116
0.2 5.6 13.3
-6.2 0.8 11.841
8.6 -0.8 25.687
-3 11.2 105.5
-6.2 -1.2 13.619
1.4 2.4 2.7574
9.8 -2.4 33.739
-4.2 -7.2 25.426
3.4 2.8 -10.564
3.4 -4.4 17.295
-1.4 -5.2 15.645
5 8 2.7738
9.4 4 -9.9681
2.6 -3.2 21.917
-5 11.2 111.92
1.8 4 -2.7527
7.4 10 9.9191
-1.4 -2.8 8.1065
6.6 -7.6 94.303
3.4 2.4 0.63478
6.2 2 -6.4472
-2.2 12 100.73
7.4 6.8 -2.157
-1 10.4 64.942
-3 8 61.797
-0.2 5.2 12.728
-0.6 3.2 16.314
10.6 8.4 -1.2568
9 5.6 -0.56681
4.2 0.4 4.0284
-3.4 -6.4 22.493
5.4 9.2 20.65
8.2 -0.4 12.863
10.6 -1.6 48.671
12.6 -6.8 138.78
-6.6 12 158.37
8.6 -4.8 72.154
11.4 4.8 1.288
12.2 -2.4 67.273
0.6 -2 4.5678
5 0 9.0187
11.8 -3.2 80.781
12.2 2.4 12.835
2.2 5.6 10.003
4.2 10.8 36.111
9.8 10 -11.526
7.4 8.4 9.9905
1.4 -0.4 11.035
0.6 -7.6 58.634
3.4 -4.8 35.099
8.6 -4 52.372
-4.2 5.2 27.94
-0.2 -2.4 8.9975
9 10.4 6.1674
10.2 2 7.383
3 9.2 32.991
4.2 5.2 9.486
2.6 10 36.122
6.2 -3.6 35.743
5.4 6 -2.1001
-3.8 -0.8 2.8778
7.8 8 1.8781
7.8 -2.4 22.725
10.6 0 23.739
4.6 -2.8 28.153
6.6 0 0.78194
-6.6 -1.2 0.28807
12.6 -0.8 50.854
8.2 -2.8 34.543
1.8 9.2 38.103
6.2 -2.4 22.349
8.6 0.4 9.9034
10.6 2.4 10.034
9.8 6 -3.8046
-2.6 7.2 49.904
-1.4 11.2 88.747
-6.2 1.6 29.365
-0.6 11.6 84.053
5.4 -5.2 48.851
-3 -6.4 27.948
-1.8 1.2 -1.8076
3.8 3.2 10.056
10.2 1.6 8.4066
11 -4.4 71.558
7.8 0.4 0.72801
-1.4 -6 24.354
-6.2 6.4 66.233
2.2 10.4 44.542
9.8 2.8 -2.3075
0.2 7.2 26.94
0.6 -0.4 1.9105
-3 -4.4 9.6612
-6.2 -6.8 23.612
0.2 -6.8 32.344
1.8 3.6 9.134
4.6 7.6 0.13976
-1 0 8.8683
-0.2 -5.2 30.208
1.8 8.4 25.504
-3.8 4 23.762
6.6 10.4 15.538
11.8 -2.8 60.019
-5.8 -6.8 18.689
-6.2 6 55.514
-3 11.6 109.22
10.2 9.2 -3.7365
6.2 -7.2 83.948
2.2 -5.2 27.291
-5 -3.2 17.361
-5.4 -2.4 14.684
1 -5.6 36.103
0.6 6.4 16.917
13 -3.2 78.55
5 -0.4 4.2323
11 -1.6 49.146
-6.2 -3.2 10.632
5 8.4 20.521
-4.6 5.6 45.426
-5.4 0 5.9288
4.2 1.2 8.2909
12.2 4.4 0.083001
-0.6 2 2.8946
-5.4 2.8 24.78
11.8 5.2 -5.942
0.2 -0.4 10.368
11.8 -4 83.781
-6.6 -2.8 0.0063559
5.8 -2.4 22.968
-3.8 1.2 6.028
9 6 -7.9885
3 0 8.1472
3.4 8 17.262
0.2 2.8 8.9284
2.2 8.8 22.994
-2.6 -3.2 16.115
0.6 5.6 13.337
-5.8 2.4 25.564
-3.8 11.6 107.14
13 0.4 35.18
-6.6 11.6 151.42
11.8 10.4 -8.045
-0.2 -4.4 18.943
-2.2 -6 24.555
6.2 -1.6 30.685
2.2 -7.6 69.939
13 1.6 24.588
-3.8 10.8 100.54
3.4 -6.8 56.117
-5.4 2 24.661
-2.6 -2 2.47
-1.8 8 48.648
-0.6 5.6 13.586
-5.4 -2 14.118
5 5.6 8.1558
11.4 -3.6 67.297
11.4 0 33.437
-2.2 -3.6 4.6674
6.6 -4.8 59.163
-0.6 3.6 7.3049
3.4 5.6 10.275
5.4 1.2 2.8378
-3 -4.8 14.506
3.4 2 -0.26421
-5.4 8.4 87.073
-6.2 9.2 95.062
11.4 -2 45.712
-1.4 10 67.523
-4.2 4 27.595
9 1.6 -2.1421
9 3.6 12.299
4.6 -7.2 67.596
1 6 6.034
5.4 2.4 -7.8228
1.4 0.4 4.7643
4.2 -4.8 46.932
-6.2 2 10.908
-0.6 -4.8 25.95
-1 12 94.949
0.6 10 59.92
6.6 -6.4 61.077
-3 9.2 73.875
-1 -6.4 37.348
-1.4 4.8 12.576
8.2 10.8 16.025
5.8 10.4 18.247
-5.8 -0.8 18.51
6.6 0.4 11.579
10.6 11.6 5.1185
-6.6 -0.4 14.717
-2.2 6.4 47.07
13 8 -15.41
1 -4 14.799
-4.6 12 127.36
11.8 10.8 -2.8452
5 5.2 4.7971
-5.4 -1.6 14.282
0.6 0.8 -4.9388
-4.6 10.4 103.22
1.4 -6.8 45.964
-1 3.6 9.252
12.6 5.2 -9.1319
11.8 1.6 12.098
6.2 -4.8 48.733
9 10.8 6.2171
6.6 -2 19.636
12.6 0.8 25.571
4.2 8 22.153
-6.6 0 9.3396
5 0.4 1.3294
-4.2 1.2 14.656
7 3.6 0.61682
0.2 0.4 2.0156
9 -1.2 34.547
-4.6 8 74.15
10.2 -7.2 125.59
12.6 -6.4 142.59
-0.6 7.2 32.727
-5.4 -6.8 25.807
-2.6 4 32.144
10.2 -4 65.413
-4.2 -7.6 28.047
6.6 -3.6 22.259
-5.8 4.4 45.245
9.4 12 25.398
-1.4 -4 14.863
0.6 -5.2 37.666
-1 7.6 30.25
11 1.2 18.148
-6.6 -1.6 11.746
11 4 -7.6516
4.2 9.6 20.056
-3.4 -7.2 27.966
10.2 2.8 4.8863
-4.2 4.8 38.255
11 7.6 -8.8376
0.6 6.8 15.988
-4.2 -5.2 16.325
-5.8 4 32.129
-3 2.8 9.4082
1 2.4 4.7941
-5.4 -4 -0.50281
-1.8 6.4 34.152
-3 5.6 31.757
-3 -3.6 10.328
11 -5.2 90.436
-2.6 -0.4 3.9944
1 10.8 61.211
12.2 3.6 -6.5329
-6.6 4.8 53.882
-4.2 5.6 35.998
12.2 -7.2 146.65
-0.2 6 19.739
13 -0.4 51.387
12.2 0.8 15.744
-5.4 -2.8 11.074
9.4 8.8 7.7991
-5 -4.4 8.9085
11 11.2 0.017285
2.2 -5.6 35.095
3.8 5.6 7.553
4.2 12 53.235
4.6 3.6 -7.3893
-5 -6.4 19.562
11 9.2 -4.5012
9.8 -3.2 57.238
9 -6.8 96.681
-2.2 2 6.4487
9.8 8 -1.2088
10.2 4.8 -7.774
-6.6 8.4 82.64
6.6 11.6 18.561
1 -3.6 15.251
-6.2 8.4 94.123
4.6 6.8 1.7312
10.6 6.8 -5.4853
12.2 6.8 -7.515
-6.2 -4.4 15.173
11 -6.4 102.66
1.8 -7.2 55.681
3 4 7.5979
9.4 6.8 -2.4992
12.6 10.4 -7.7709
1.4 -6 45.995
3.8 8.8 14.293
-0.2 9.6 53.593
9.8 -7.2 109.01
0.2 4.8 9.6131
-2.2 -4.8 23.197
11.4 -0.8 31.654
1.4 -2.4 11.079
1 5.6 12.389
5 -2.4 12.143
-2.2 -5.6 8.5676
0.6 -2.8 17.662
-1 6.4 23.48
-3 8.4 60.173
-6.6 -7.6 18.704
-1 -4.4 14.228
4.6 0.4 -0.77879
4.6 6.4 8.2121
10.6 -4.8 81.5
6.6 -4 48.756
8.2 4.8 -11.062
5.4 7.2 7.791
-1 7.2 38.118
9 8 2.1877
-3 0.8 9.7209
0.6 -4.4 24.842
1 2.8 -4.2788
3.4 4.8 2.9949
-4.6 -2.4 10.667
-1.8 2.8 10.16
11 -0.8 34.13
-6.6 5.2 51.789
9.4 10.8 6.7139
-6.6 8 88.541
4.2 -7.6 76.672
-5.8 3.6 33.927
6.6 -6.8 95.789
13 6.8 -3.7693
5 -3.6 33.677
-4.2 10.8 102.05
13 11.6 3.1547
10.2 5.6 -7.7121
9.4 -5.2 80.19
6.2 1.2 6.4838
4.2 -1.6 12.694
10.2 -5.2 85.706
6.2 8.4 10.03
7.4 -0.4 12.174
-1.8 10.4 86.955
3 8.4 27.093
-5.8 9.2 99.461
5.8 12 38.713
-3 9.6 84.238
-5.4 8.8 87.468
-1 0.4 -1.492
2.6 -6.4 44.106
-1.4 -4.8 22.114
7.8 -1.6 21.6
6.6 2.4 -4.7487
-0.2 10 53.785
6.2 2.8 -8.9852
12.6 -1.6 58.366
-6.6 -6 12.844
3 -6 41.263
5 2.8 -9.576
-5.8 0.4 11.286
6.2 -7.6 88.562
13 4.8 0.31814
2.2 2.4 -2.4671
0.6 11.2 74.521
10.6 12 8.9989
-6.6 -4.8 13.512
3.4 0 4.5825
10.6 7.2 -9.5407
9.8 -7.6 128.34
-1.4 -0.8 -2.6498
12.6 -7.2 150.16
8.2 -4.8 65.741
-2.6 -1.6 -2.5247
1.4 -1.2 12.805
4.2 -7.2 82.148
-2.2 4.8 22.323
11.8 8.8 -2.8932
-0.2 6.8 29.927
-2.2 -2 12.596
13 0 33.439
1 7.2 30.357
3.4 11.2 47.074
-6.2 10.4 107.91
1.4 -4.4 28.36
-5 6 64.952
-3.8 4.8 43.305
-2.6 11.2 100.27
-5.8 -2.8 6.0629
0.2 -6.4 43.5
-5.4 -7.6 24.664
7.4 7.2 -7.3636
10.6 -0.4 30.293
10.2 -4.4 72.443
2.6 7.2 14.841
10.6 4 -8.8514
4.6 -6.4 51.935
-2.2 10 70.561
7.4 6 -0.34986
3 1.2 -13.706
-1.4 1.6 4.1918
-2.2 3.2 8.6723
3 -4 20.991
-3.4 -2.4 3.7488
9.8 -1.2 30.997
5.4 12 42.611
8.2 2.4 7.9825
9.8 7.2 -5.0372
1.8 0.8 16.04
12.2 -6.8 137.19
5.4 -4.4 39.677
5.8 6.4 7.1243
11.8 4.8 -3.3143
3 0.8 -8.6543
6.2 -6.8 84.729
-1.4 -6.4 38.658
3.8 -4 33.396
-5 -1.2 4.466
-4.2 -2 5.2799
2.2 12 49.988
-3 0.4 5.5978
-5.4 3.2 20.801
11.8 7.6 -4.6125
11 -4.8 91.008
3.8 3.6 -0.96311
-6.2 7.2 77.679
2.2 1.2 -0.1271
-3 -5.2 16.872
3.8 -7.2 67.738
13 -6.4 136.46
11 -0.4 30.292
-1 -3.2 11.774
6.2 -2 21.157
-4.6 -3.6 4.2037
2.2 10.8 45.502
7.4 -7.2 103.73
9.4 -4.4 67.573
12.2 -4.8 104.63
-4.2 -6 0.47848
-0.6 11.2 78.457
-3.8 8.4 62.663
8.2 3.2 7.3772
9 9.6 -2.3526
-2.2 8.4 64.106
1.8 1.2 1.4032
-6.6 2.8 30.928
10.6 4.4 -7.6242
2.6 1.6 13.317
11.8 -6 105.26
2.2 11.6 59.825
8.2 10.4 8.0833
0.2 -3.2 14.333
11.4 -7.6 138.59
11.4 5.6 -7.6212
7 4.8 12.667
3.4 4 2.5399
-1.4 10.4 68.386
-0.2 8.8 50.133
3.8 10 25.705
5 -2.8 14.885
-2.6 -6.4 33.167
1 8.4 33.332
-2.6 10.4 75.203
11.4 12 5.1722
13 -2.8 65.738
7.8 -3.2 39.474
2.2 0.4 7.0071
8.2 -2.4 31.577
-3 2.4 15.984
5.8 -4.8 44.663
6.6 2.8 3.0909
3 2.8 -1.0652
-3.8 2.8 15.04
12.2 6 -4.0472
3.4 -7.6 69.147
-6.6 -2 4.1421
10.6 2 6.3883
-6.6 0.4 16.468
-2.2 7.6 46.122
4.2 -0.4 5.0854
7.4 1.6 14.6
-3 -0.4 0.10657
4.6 5.2 -0.83555
2.6 -1.6 9.742
5 -1.6 20.262
4.6 1.2 12.093
-3 5.2 30.408
0.6 3.2 12.471
13 3.2 3.3345
-3 -2.8 18.506
4.6 9.2 6.0988
10.6 -2.4 47.105
2.6 8.4 34.258
0.2 4.4 6.8856
8.6 4.4 1.9479
4.2 -6.8 68.883
9.8 -2 31.25
7.8 11.6 19.626
7.8 -5.2 69.302
1.8 -7.6 60.227
13 8.4 -15.77
9.4 6 -14.159
-1 -3.6 8.5563
-1.4 9.6 65.938
3.4 -5.6 50.898
-5 6.4 51.866
6.6 0.8 13.788
0.6 -6.8 49.764
9.8 10.4 -0.77378
8.6 -1.6 29.241
-6.2 -5.2 8.418
5 4.4 -1.9101
11 7.2 -10.525
1 9.2 43.01
9 4 -5.1051
11.4 -6.4 122.4
-2.6 3.2 19.602
-3.8 -6.4 25.07
-5.4 0.4 14.697
-3.4 2.4 18.532
-5.8 1.6 17.123
1.4 0.8 -6.5568
-1 2 10.685
-1 10 54.429
10.6 -0.8 34.891
9 -4.4 66.406
3.8 8 5.8787
-5.4 -0.8 20.162
4.2 -5.6 58.811
-5.8 -3.6 12.911
-0.2 -5.6 30.173
9.4 -3.6 67.684
2.2 3.2 14.537
-5.8 6.8 58.773
6.2 -0.8 13.73
7.4 9.2 3.022
-2.6 9.6 78.023
4.6 9.6 24.189
-6.6 9.6 104.32
1.8 2 -2.7462
11.8 2.8 5.5815
0.6 8.8 37.105
3.8 6.8 -0.53627
1.4 5.6 6.941
3 -5.2 33.343
3.4 -1.2 16.475
0.6 9.2 37.991
-5.8 -5.2 13.693
-4.2 9.2 90.42
12.2 12 0.61463
7 11.2 20.741
-6.2 11.6 143.73
4.6 -1.6 10.644
-2.6 6.8 44.374
7 4 -5.7916
1.4 -2.8 33.366
-6.6 2 30.323
11.4 -4.4 85.187
7.8 -7.2 88.887
-4.2 0.4 8.943
7.4 -6 73.261
4.6 5.6 -9.3362
7 4.4 -3.2391
-5.4 1.6 22.329
-0.2 5.6 19.196
-4.6 8.8 86.55
1.4 9.2 39.715
4.2 2 0.29013
8.6 5.2 2.4291
7 2.4 11.235
2.2 -1.6 10.304
-1.8 -5.2 27.968
2.6 -1.2 3.5762
-5 0 11.074
5.4 -4.8 47.632
8.6 11.6 6.0055
13 9.6 -5.2816
8.6 -5.2 78.846
-3.8 -0.4 12.306
6.2 6.8 -7.1145
4.6 -2.4 14.995
3.4 10.4 33.23
5.8 1.6 16.976
-4.6 1.6 9.3803
13 -5.6 125.93
3.8 4.4 -3.3572
9.8 6.4 -16.167
6.6 5.6 -9.5351
-3.8 9.2 77.585
5.4 -2.8 27.217
8.6 -3.2 51.819
-5 2.4 24.795
10.2 11.2 2.6304
-5.4 4.8 35.544
7.4 5.6 -5.3699
0.2 10.8 73.378
-3.4 -4 15.861
-2.6 -5.6 25.686
7.8 1.2 1.1501
-5.4 11.2 121.95
-3 -5.6 15.715
7 7.6 -1.6144
-3.4 11.6 107.47
10.2 -6.8 115.43
7.8 12 12.638
12.2 1.6 32.411
9 -4 58.342
2.2 6 10.329
4.6 -5.2 38.508
-5 9.6 92.019
-5.4 5.2 46.033
3 -2.8 12.535
1 4 3.5907
-4.6 -0.8 0.18115
5 1.2 -2.3416
-3.4 -4.8 26.836
-2.2 3.6 16.429
-5 -4 6.8851
7 11.6 19.825
10.6 5.6 5.856
2.6 4.8 -2.7685
5.8 -3.2 33.842
-3 3.2 10.554
-4.2 2 19.72
2.2 -2 8.5794
12.6 -2.4 59.978
11 0 21.775
2.2 2 -8.8664
8.2 8.8 7.2775
10.6 10.8 -9.1804
9.4 -4.8 72.053
0.2 3.2 -0.28958
-1.4 5.2 20.389
-3.8 -5.2 29.34
7 2.8 -7.0713
8.6 0.8 7.5443
-0.6 9.6 55.831
8.6 2.8 1.8269
3.4 -0.8 -1.4508
-3.8 10 84.979
-1.4 0 0.97699
7.4 -4 44.016
-1.8 0.8 14.254
-6.6 4.4 55.297
5.4 -1.6 6.8366
11 10 -14.417
6.2 6.4 0.79871
-5.8 12 144.37
5.4 10.8 31.656
-6.6 -5.6 7.5617
-2.2 -4 6.7834
1.8 -4.8 32.516
11.4 -1.2 44.282
0.6 1.6 5.2348
-5 -0.4 15.886
13 -7.6 156.24
10.6 9.6 -1.4284
-3.4 11.2 103.05
-1.8 12 99.736
6.2 12 28.185
5.4 4 -1.7771
-1.8 3.2 10.687
11.4 3.2 -2.8888
3.8 -0.8 7.4212
-5.8 3.2 35.114
11.8 -2.4 48.1
11 10.8 4.0602
3.4 9.6 27.53
7.8 -4 54.898
6.2 3.2 -1.5369
2.6 -4 28.141
10.2 8.8 -7.5687
5.8 -2 21.423
10.2 -1.2 45.701
-5.8 10.4 117.53
8.6 -5.6 86.759
-3.8 -2 2.8372
9.8 9.2 -1.1085
10.6 1.2 12.313
1.4 4.8 7.2579
5.4 -7.6 86.405
-6.6 8.8 90.053
9.8 -4.4 70.327
-1 5.6 14.18
-5 -1.6 12.72
9 7.2 -1.166
7.8 -6.8 83.646
10.6 -5.6 96.476
9.8 3.2 3.4968
7.4 -2.4 21.794
7.4 -6.8 95.731
11.8 9.2 -18.804
-5.8 2.8 31.403
1 11.2 59.533
4.2 -1.2 3.4602
10.6 9.2 4.5028
5.8 -2.8 35.333
12.2 7.6 -8.402
11.8 6 -8.8682
3.4 3.2 3.4502
-5.4 -3.6 0.71871
-6.2 5.6 45.422
-6.6 4 40.142
2.6 -3.6 17.274
0.6 2 2.7007
10.2 3.6 -3.6618
7 -2 31.119
-5.8 -6.4 11.733
11 -6.8 122.17
10.6 0.4 24.678
-6.2 -2.8 4.3172
9.8 0.8 -1.3137
10.2 8.4 1.194
6.2 0 8.7497
-0.6 -7.6 35.585
9.4 -2.4 42.312
1.4 -3.6 12.039
-3.8 -2.4 -0.15498
-0.6 -7.2 40.522
3 3.2 -0.13793
5 -6 58.812
-2.2 -1.2 -6.5344
7.4 1.2 3.6776
-2.2 1.2 14.036
2.6 -0.4 6.0672
-6.2 8 77.119
-2.6 12 110.67
-5 7.6 64.418
-5 7.2 62.311
3.8 6.4 1.4176
9 1.2 6.049
1.8 7.2 25.279
1 -6 30.832
5 -5.6 55.286
-3.4 3.6 19.452
1.4 -5.2 26.893
-5.4 1.2 20.474
13 9.2 -9.0868
4.2 2.8 5.2863
1.8 5.6 9.7121
-2.2 -0.8 11.481
12.2 2.8 -2.5705
-1.8 1.6 2.6487
-4.6 -6.4 19.014
-2.6 8 49.271
1.4 -7.6 53.122
-3.4 6 38.055
-5.8 11.2 139.22
1 -0.8 7.4498
-1 2.4 8.0385
0.6 10.4 52.597
0.6 -3.6 24.534
8.2 3.6 4.7785
