11.631 -8.3012
9.4323 -5.4874
12.95 -6.3514
8.0671 -10.112
10.769 -14.69
9.3364 -12.078
12.719 -7.8745
12.559 -9.128
12.955 -5.954
10.033 -4.3279
9.8006 -6.1456
13.167 -8.9646
9.0069 -7.6273
12.905 -4.2622
12.279 -9.5652
13.009 -4.7442
9.466 -8.4273
9.4671 -9.5606
10.159 -6.8026
11.571 -6.9906
9.6696 -11.011
8.6553 -5.9487
10.441 -9.4402
10.973 -10.318
10.25 -10.103
9.5487 -8.8621
12.334 -3.6456
10.598 -6.847
11.948 -9.204
8.6475 -7.6417
10.997 -5.5807
10.855 -8.6539
11.857 -6.9627
9.8885 -10.912
10.253 -11.139
10.62 -7.2483
10.67 -6.7153
10.214 -7.2874
11.971 -8.9601
8.7229 -6.6608
11.401 -3.4031
10.641 -9.1068
11.231 -4.4298
9.2943 -11.003
12.044 -9.1922
11.507 -8.3748
10.823 -9.2711
10.005 -8.3576
10.228 -7.4768
11.387 -7.472
11.316 -11.965
11.523 -7.0969
16.082 -9.7847
9.2204 -6.9654
9.0992 -13.476
11.765 -9.917
9.1915 -7.6248
9.4833 -7.9644
10.584 -11.85
13.819 -1.6936
7.9196 -9.4657
11.557 -6.4739
8.9489 -11.28
11.478 -10.086
8.7991 -10.184
9.8332 -8.2173
11.946 -4.8329
13.39 -7.2574
5.8357 -14.419
10.919 -8.8416
11.115 -8.5433
12.191 -4.2323
9.6095 -6.9007
11.055 -4.4679
10.913 -6.8025
10.539 -12.289
10.654 -10.998
12.558 -9.7786
8.1471 -3.2308
10.743 -11.501
10.382 -9.5899
13.427 -6.0157
10.326 -6.8938
10.776 -8.6898
11.438 -9.3063
11.269 -2.2041
10.946 -10.756
10.217 -9.5454
10.704 -10.128
11.974 -6.8114
11.076 -8.8732
11.197 -10.888
10.813 -7.8076
5.516 -16.051
9.1683 -8.2569
10.051 -5.0083
10.976 -4.5174
9.5088 -7.762
10.837 -9.5186
11.112 -9.052
8.9015 -6.9305
9.8273 -7.1452
12.414 -12.643
11.749 -9.2176
8.2705 -8.0143
12.914 -2.624
11.923 -4.7367
12.231 -8.3838
10.969 -4.4234
11.628 -8.8736
9.5825 -10.397
9.2146 -10.917
6.7807 -6.454
9.5336 -5.5046
8.8995 -5.2879
12.222 -2.3898
11.29 -12.436
7.9244 -9.0569
10.422 -4.6582
9.0472 -11.135
9.3729 -9.11
9.9647 -7.7686
10.91 -5.4762
14.83 -8.3547
6.6347 -8.0188
13.521 -9.5925
12.703 -5.1569
13.463 -10.703
9.2604 -6.539
12.752 -10.576
12.259 -8.0882
13.886 -8.2368
10.704 -7.728
9.9707 -9.6926
13.377 -1.7007
11.609 -11.319
11.764 -8.4255
11.904 -9.0035
11.778 -9.0449
12.325 -8.642
9.8947 -6.0861
11.769 -5.1247
13.352 -10.449
7.9189 -5.841
10.51 -9.9565
10.726 -7.9294
10.359 -4.6132
14.734 -5.8182
6.5502 -5.7636
8.7618 -8.5376
11.664 -10.994
12.843 -11.245
9.133 -6.0955
10.537 -6.9177
9.9415 -12.402
12.437 -5.2308
11.746 -2.7794
8.9074 -6.5161
7.3312 -9.4075
11.974 -6.5572
14.787 -6.2771
11.865 -9.0338
7.7534 -6.47
12.845 -3.7952
10.513 -6.042
13.283 -8.7416
9.6487 -12.809
12.243 -12.195
12.037 -5.0469
13.909 -4.9087
10.562 -4.9854
11.616 -7.1257
13.442 -6.249
8.4334 -9.9837
10.298 -11.013
9.561 -9.1845
9.4 -10.711
14.565 -1.6809
8.3322 -8.2648
11.289 -8.4396
9.5 -10.239
13.279 -5.1647
13.855 -5.6477
12.755 -8.9474
10.197 -12.209
11.162 -6.2429
10.076 -4.581
9.5201 -5.5128
12.456 -8.2868
14.008 -5.1709
13.566 -6.2472
8.7417 -8.5416
11.057 -3.667
10.719 -4.9444
11.241 -8.9672
14.448 -6.3378
9.014 -7.0046
10.569 -7.4396
9.6848 -10.25
13.011 -9.4987
10.978 -8.7878
8.654 -5.8769
9.8113 -9.5852
10.546 -8.4716
10.271 -8.941
9.3298 -8.4511
9.9505 -4.9124
12.234 -9.7897
10.553 -4.0873
10.995 -2.3666
11.305 -4.1117
11.367 -7.8992
9.7398 -11.093
12.65 -10.093
14.02 -11.905
11.981 -8.1
11.849 -7.0113
11.808 -6.2538
10.032 -7.5017
9.0008 -6.4723
9.8595 -4.6956
10.78 -4.9982
13.341 -6.1129
11.85 -9.7211
11.508 -7.2218
9.5058 -11.677
11.51 -6.0973
11.635 -7.412
10.278 -9.8153
9.1567 -12.397
12.655 -4.5004
10.014 -8.059
11.192 -9.4492
9.5169 -10.587
9.4577 -8.4836
9.9949 -3.0199
11.587 -13.975
13.996 -7.6126
10.601 -7.8457
9.4391 -9.26
10.791 -8.167
12.986 -12.935
10.192 -13.111
12.784 -7.3602
10.021 -9.155
10.318 -6.9437
15.145 -7.4064
13.53 -10.854
10.599 -4.0846
12.727 -10.851
