0.9374 -1.3526
-1.3068 -7.7557
-3.9874 3.6357
-6.5057 0.80207
-0.058182 -1.3128
-2.8528 -6.4084
9.8134 -0.53779
2.5914 5.0866
1.0854 -1.2642
3.9877 3.1455
-5.8212 -3.7982
6.6104 -5.4548
3.2775 5.4281
-3.1706 -5.6491
-4.473 5.3891
-12.047 2.8737
-5.5314 1.488
10.165 4.3168
-2.5998 -6.9759
2.9762 4.9869
0.7758 -0.76297
3.3475 2.3185
-5.7833 2.4926
-0.41658 -1.7225
-6.7744 10.317
-4.1325 -4.9748
-8.4857 9.2226
0.80209 -8.2023
10.569 2.8691
-5.9745 -1.3349
2.096 4.3953
1.0231 -2.631
-0.090498 -0.82902
1.7298 4.964
-5.3287 -5.1439
-10.258 5.6376
5.4836 10.546
-3.3641 -5.3744
0.0067281 -2.21
3.5658 -8.3886
-1.1783 -7.6134
-3.0002 11.385
-5.2733 2.833
7.802 -4.7108
-2.873 11.335
11.018 0.63472
-0.59481 -7.8005
4.8693 11.831
-1.018 6.0611
4.9153 0.023778
3.9079 -0.071673
-3.3678 -5.9492
9.6425 6.4546
10.604 -2.7609
-3.8559 11.673
3.5362 10.802
-7.0878 0.20961
9.5744 7.1135
11.306 1.9304
-9.1825 7.7923
0.4224 5.9175
0.64337 12.964
1.7804 6.184
4.1076 1.3413
5.2128 2.0221
3.2864 -1.3651
0.3547 5.4462
-10.204 6.1793
-5.1834 2.4384
3.7044 0.38459
0.23161 5.8527
-0.055358 -1.7119
0.98181 -1.5496
-7.2523 10.406
1.1738 -2.1675
-4.422 11.043
-0.59192 -1.6088
-3.2059 4.476
10.774 -0.96996
9.6486 -3.9149
7.9285 7.6142
4.5977 1.4712
4.1932 3.3563
10.567 -1.7991
9.9483 6.7276
2.9603 3.3704
1.4543 5.2979
10.528 -0.35725
-5.2182 -4.6075
-2.9902 11.826
-2.0612 -7.6486
0.00050726 5.6746
2.1017 5.0722
7.3691 9.4599
-12.402 2.7577
-5.4678 4.392
3.9942 -1.0553
9.4623 -0.39083
-5.6662 -3.0927
0.67886 6.6086
-0.25646 -7.0957
10.49 5.3633
8.4908 5.8945
3.3206 2.6251
3.7612 10.748
3.2144 3.3779
-5.3398 3.4516
6.9757 -6.9047
4.0197 -0.30777
-4.1698 -6.0441
10.997 2.5622
10.867 1.7599
8.9343 5.8078
4.1659 -1.2169
10.539 1.179
0.3823 -0.96015
3.9827 0.40526
3.6264 -1.0079
1.5565 12.328
7.0032 9.7819
5.2865 -6.3173
-6.5616 10.373
2.4912 -0.57353
1.9665 5.4191
0.6006 12.38
3.6856 4.5457
0.88098 -2.2263
2.0043 -2.1433
4.5806 -6.762
-3.0836 -7.4587
9.4479 -4.8464
-0.6003 -7.1564
6.6853 -6.5439
-4.904 2.557
-0.06946 5.5537
-11.048 3.0303
6.3493 8.8039
-10.85 5.4775
0.624 5.6969
3.7646 -1.7119
-3.2871 5.764
-3.7997 5.3298
9.7502 2.2214
-6.101 -0.15807
0.16299 -1.6173
3.3779 2.23
0.32931 5.1104
2.9836 0.41965
2.3842 -0.46001
3.8001 2.4784
4.8586 0.91859
-0.73271 -8.5948
0.62969 11.164
2.9924 -0.36474
-5.728 1.6862
0.33685 -1.7056
-1.427 6.1524
-5.5293 2.9746
-3.4946 5.0284
5.0502 2.0869
-2.7735 12.209
0.22967 -7.5476
4.2948 11.17
7.8461 -4.4795
-4.4336 3.6441
9.9272 2.6616
6.9531 9.2989
6.6812 -4.8274
9.7883 4.43
3.158 4.2246
-12.668 3.5173
1.4414 -2.6469
4.4579 0.24178
2.9849 -0.46243
2.6981 3.9304
2.6705 -0.6358
0.42883 -2.2164
3.5331 10.876
-12.189 4.5082
-3.2331 -5.3137
-4.0301 4.4987
0.58391 -1.3759
11.318 1.978
9.6431 0.66543
-5.7346 1.75
-1.7672 -7.352
-0.31488 5.0249
-4.6729 4.9411
-5.8324 0.11676
4.8724 1.7981
1.9338 5.0793
-0.83864 -0.9773
0.48015 5.1484
-6.0756 -4.1988
3.692 2.2957
7.8442 8.1947
0.39616 -1.7714
-0.52097 -1.0967
3.6809 -0.051291
0.93709 5.9151
3.964 3.2842
-10.413 5.2544
-1.038 -0.8082
-5.9171 -0.62954
-0.53077 5.8027
9.2013 -1.1178
1.9121 -2.6852
1.1961 -2.5229
7.0907 -6.5679
2.7939 -1.3073
-13.217 2.8132
-3.4611 11.293
4.677 -7.787
-6.3776 -3.013
0.17345 6.4202
1.9948 -1.9003
1.9936 -8.1593
10.251 4.0112
10.245 -3.2523
4.61 1.2463
-5.4865 -5.0106
3.2136 -7.1432
6.3108 -6.1982
2.7977 -1.098
-4.5128 4.019
-4.8669 -4.4575
0.98343 -0.90137
-2.9914 4.5464
3.4769 -1.8395
3.0945 11.041
-5.9639 -1.3497
4.9755 1.9916
0.75472 -1.6621
4.3756 2.8414
10.537 -0.88408
-5.152 2.9671
-5.305 1.1231
3.8925 2.1563
-4.1053 4.6233
2.9633 11.632
1.1907 -1.0896
6.6468 9.7721
7.3023 9.5133
-4.3052 3.9862
-5.1741 1.5368
-9.203 9.5342
-11.51 6.4023
-13.132 2.6822
-4.9765 -5.1071
-1.6171 -8.1883
-3.0541 12.015
-0.20603 6.4594
4.2056 -0.53996
3.1295 -1.6283
-0.84951 -1.7065
-6.4609 -0.30072
0.056992 -1.941
3.047 -1.1873
-0.080641 -0.9492
-0.11982 -1.7397
5.7669 9.1148
6.2807 -7.2191
1.5021 -7.5884
-3.9334 3.9688
-5.3522 2.1404
8.54 -2.9906
0.85243 -1.1327
0.17599 5.0192
1.0828 11.568
4.2564 2.4146
-0.20822 5.632
10.166 -1.7223
-10.356 7.3155
-6.4703 1.5796
3.6067 -0.65197
-5.6848 -4.2491
9.6277 -0.61844
-6.3721 0.2475
3.2867 -1.9173
8.6767 8.5025
-5.5407 -0.91622
-2.9848 11.007
10.546 -2.0423
0.70649 -0.70866
-7.2834 -0.83731
3.7763 3.0113
2.3319 5.4411
-1.7112 4.7771
3.0801 -2.0453
4.6009 2.6196
7.9544 9.5103
-5.8425 -3.8608
8.4016 8.5212
4.5113 0.70928
9.6493 -0.31392
3.3173 4.3575
-6.877 0.71019
2.413 12.15
-10.066 5.7355
6.8187 8.8843
3.3719 1.3288
-3.8325 10.874
-4.8517 -5.7389
0.87319 -1.5201
2.0118 5.3147
4.6268 2.6843
8.19 -4.8926
4.8206 0.30187
-0.98765 -1.0591
-4.1399 12.387
-3.8962 5.3293
-10.199 6.0925
1.2015 -2.0333
0.93989 5.3582
-4.9196 3.8069
2.1284 -2.203
0.1499 11.899
-11.534 6.6277
-5.8601 2.885
-5.3585 4.1495
-4.4944 -4.6061
-8.3374 9.7771
-1.214 5.1759
3.3614 3.9868
7.4735 -4.8411
-4.5728 4.0991
9.7258 -4.3257
2.9146 3.4873
-8.3888 10.004
4.0679 3.1926
-5.0307 3.5801
-1.7813 -7.0775
9.6008 6.3749
2.146 -1.147
-4.3811 -4.3667
1.3074 -2.0185
-11.812 0.74276
3.9658 1.8877
1.0836 -1.7476
4.6706 -6.466
-4.9694 3.6576
0.86298 -0.80381
1.7733 12.005
10.734 4.0819
1.0548 5.9993
0.74488 5.3155
0.31038 -2.2085
3.4739 10.403
0.68312 -2.4108
-1.2831 6.7556
-6.5656 -1.1082
9.7916 1.1334
-5.89 -2.9425
-1.5359 5.145
10.143 4.5926
0.73798 5.1455
-4.8193 3.4279
-6.9021 -2.029
-0.13388 -1.681
-6.0839 3.7231
-7.0829 -0.45841
-2.0126 6.5485
-4.9729 -6.1375
5.7436 -5.8765
2.6412 4.1187
3.7635 -7.0316
-3.6612 4.5412
2.9905 -0.86683
9.8448 -4.3292
2.878 11.29
-0.17823 12.923
-5.124 11.065
6.9664 -6.1224
-5.4702 -0.52748
-11.493 6.6404
-12.16 2.4045
9.8077 2.548
4.515 -0.55659
2.0452 -0.91911
-5.8327 -5.2854
2.9542 -8.7421
9.4103 5.5806
-3.5583 3.9732
3.3246 5.0403
-5.9445 -3.7972
9.6849 -3.3877
-0.2762 -0.78034
0.51726 11.548
10.2 3.0031
-3.9229 11.579
0.3447 -1.4946
-4.9121 10.19
0.97233 -7.8465
6.2454 8.6942
10.257 6.1233
-3.8225 -4.527
-5.0677 4.3532
2.332 4.3285
9.1718 6.4109
6.847 9.1782
4.5258 1.417
-0.091283 12.159
5.8201 10.186
-0.89187 5.4463
-0.012626 5.7936
-4.9345 -5.7521
1.6342 5.4984
4.8362 2.6005
3.6183 0.81083
10.794 2.096
0.98389 11.839
-2.3901 10.879
-0.47512 -7.1622
10.06 4.3154
-5.0415 -4.203
3.9815 1.095
3.5137 -0.046751
-9.3976 8.7105
1.5242 -7.7614
0.87592 -1.0913
-4.3373 -6.1919
1.7232 11.589
4.32 -0.20367
-5.7433 3.6094
3.8431 2.1253
-9.6948 5.9817
0.50735 -0.80232
3.3413 1.8492
7.8124 7.5529
4.7551 -0.27429
11.367 1.2262
-0.86597 -6.7555
8.9561 -3.6188
-6.5528 0.065557
-2.0503 11.523
4.7632 -0.18078
-3.8138 -6.1155
2.1924 4.9219
8.019 8.0837
5.8419 -6.3999
9.1702 4.6392
7.2428 -5.6048
-0.3869 12.394
2.2439 12.279
6.6144 -5.4896
11.207 2.3112
1.1771 -1.7083
0.85412 -0.92107
1.0489 -2.4546
9.2064 3.8758
0.71998 12.047
0.71778 11.365
-7.5467 8.9255
-5.747 -0.11381
-12.794 3.657
4.6975 -0.22146
4.4504 -7.7834
-6.7489 -2.2217
-4.0439 4.8156
-0.55454 5.901
3.4846 2.6142
9.4413 -0.1915
1.1745 11.022
-3.9522 11.939
-4.8768 2.7919
-2.6474 -6.3396
3.4035 -0.48643
3.8621 0.60416
11.107 4.1268
2.2051 4.1253
5.3808 11.105
0.11532 -1.2702
-0.47774 -0.72028
3.6271 -6.6861
4.5029 2.7267
2.929 -2.263
-1.2641 -7.003
5.9404 10.472
0.13212 -1.1115
-4.9024 4.2629
-1.2233 11.1
-6.7435 1.1936
6.6111 -5.6718
-1.3235 5.9009
2.2965 -2.2822
4.0366 3.0559
3.313 -0.36415
-7.0525 -0.94906
-5.6298 0.63733
3.9767 3.8953
7.9293 -5.0769
-3.55 3.744
-1.0195 12.757
2.5834 -0.62232
9.7446 4.236
9.6662 2.146
-5.453 -4.2607
6.0857 10.114
-4.3777 5.2496
3.3472 -1.5819
-5.3415 4.0925
0.28524 -8.4941
3.3695 1.498
-8.1956 9.3931
-3.8999 11.679
0.067101 -0.74939
9.0958 7.8167
10.749 4.6582
2.5071 -1.1313
4.9854 9.7516
9.7845 -1.7866
-3.1781 4.9978
1.2029 -2.0905
-12.797 3.2288
-13.043 1.597
4.7895 0.6958
-5.1341 10.427
6.8466 -6.414
-4.2038 -4.0139
4.2574 0.92035
3.3139 -0.78192
-4.7969 2.9373
-2.9562 -6.6874
-0.17285 -1.1128
-6.9618 10.394
3.4755 2.9362
9.26 7.2123
-0.99329 4.8778
8.827 -3.2817
6.5421 -6.7873
4.3806 -8.4031
8.136 6.2464
0.56413 -2.4267
-3.2863 11.498
3.4565 2.1924
-10.011 8.6479
2.1379 -7.246
-9.9974 8.8091
-6.3134 9.9777
-3.4305 5.5581
-0.37209 6.4345
2.8591 -8.6651
-6.1978 1.1634
-0.18889 -8.5388
1.5801 -1.746
0.27121 -8.8447
-4.2352 -6.0006
-1.5381 5.0217
-6.1917 11.098
-5.3955 -4.8083
5.7663 -7.5421
2.1923 -7.9691
-7.551 9.2229
3.596 4.1105
6.7313 8.6283
10.308 6.1084
-6.0301 -2.1269
-3.7867 4.7401
0.29611 4.7962
9.4639 3.992
1.4482 -2.2952
1.9003 -2.0313
1.5288 12.365
3.7988 0.63718
-6.1967 0.11092
-8.3681 8.9257
-5.3055 10.291
1.5213 11.427
-0.58832 -1.2475
2.3026 -1.0276
1.0496 -2.5137
-6.1125 0.61053
9.145 -2.6414
4.6173 10.249
-0.3101 5.1362
1.6659 -2.234
-5.7197 3.6339
-6.1636 0.2391
3.499 12.296
8.8431 6.7202
10.86 3.6516
-4.3094 4.5871
8.9285 5.656
-9.5045 7.9625
-4.7895 3.0094
6.0473 -5.8584
3.0973 -2.1064
-11.776 1.7726
1.2745 -2.0205
-6.0238 0.63679
-4.1336 -4.0327
3.559 -1.2381
4.5644 2.6892
0.30749 12.116
1.5516 -2.5273
-5.3078 -5.2092
-12.394 0.3917
-5.7092 0.40345
0.16997 6.5562
11.265 -0.87668
-3.7857 -5.6172
3.4289 3.6877
4.2373 1.8613
0.93169 12.095
4.1132 0.61309
-5.05 1.1096
2.9252 2.9691
10.608 3.4843
3.7716 0.46034
6.3175 8.9429
3.1062 -1.1928
5.3811 11.562
-11.186 3.6955
3.473 5.1468
-7.0863 10.468
-3.3452 -6.5415
3.9655 -1.5103
-6.6715 1.2027
-5.227 -4.9774
3.7047 4.2244
-5.9833 11.108
9.561 -4.5946
10.469 4.4392
-7.1321 -0.58508
9.571 1.1512
-6.6468 -1.1892
4.2408 2.8117
9.9098 2.6752
-10.114 8.342
0.16538 5.2159
-5.2076 4.1019
3.61 4.7356
-0.35644 12.286
-11.29 5.6639
8.9568 -2.4114
-4.446 -3.7594
10.061 -3.6606
6.3544 -6.5308
-1.2897 -8.4994
4.9662 -0.083989
-5.573 2.6187
11.239 0.13405
10.248 -3.1158
-6.4513 10.983
2.4625 5.1908
3.0989 -0.54857
1.895 6.1147
-6.7023 -0.40605
9.7906 3.3959
-2.1765 5.7793
7.435 -6.1324
-11.183 2.968
