0.25699 3.0715
2.3683 -1.9722
2.7551 -0.71242
-1.481 2.6258
1.8133 2.2061
-2.1654 -1.6205
-1.2997 -2.3833
-0.96975 2.8076
2.2306 1.8468
-1.7611 2.1774
-1.9555 2.09
-1.9725 -2.3809
2.0466 2.2318
3.098 0.79257
1.9995 2.1394
2.9912 0.56747
-3.1143 0.08144
2.9424 0.50499
2.7705 -1.3188
0.56568 -2.8375
3.0366 -0.80515
0.20612 -2.6717
-2.3901 1.1952
-1.8315 2.4251
2.0222 1.7168
2.7789 -0.60851
2.9803 -0.55234
-0.43027 -2.7287
1.6345 2.0399
-1.3784 -2.371
-2.4717 1.5874
2.8553 -0.22077
-2.6794 0.52889
-2.9054 0.31449
2.9314 0.65389
-2.0944 2.1363
-2.9019 -1.0248
1.8649 -1.8624
1.282 -2.7379
0.31255 2.9354
1.9025 -2.3988
3.0528 -0.069593
2.3833 -2.1336
-2.2816 2.13
2.8559 -0.84829
-0.15785 -2.7473
-2.5487 0.82844
-1.6641 -2.4989
-0.65338 2.7745
-3.054 -0.73242
0.10057 -2.8737
-1.5934 2.7375
2.5392 -1.2707
3.1096 0.082801
-2.0857 -1.7242
2.9463 0.14586
2.4527 1.2335
1.9771 1.9225
1.4183 -2.5654
1.1714 2.7285
-0.72753 2.664
-0.86405 -2.7551
3.1076 -0.57839
3.1139 -0.17114
-2.06 2.1823
-2.4114 1.7129
2.8287 0.36499
1.7906 -2.1391
-1.9312 2.4473
-2.706 0.54341
0.062324 -2.9253
-2.2093 -1.5535
1.5356 2.5913
-2.8474 0.86138
2.7452 0.89039
-2.2906 -1.3005
-3.0853 -0.18846
-2.0185 -1.6725
-0.75973 -2.7761
-0.69683 -2.7318
1.911 -2.4872
0.38601 2.6063
2.7721 -1.0718
2.4715 1.1645
-2.6354 -0.89714
2.9302 0.22356
1.1846 2.9353
-1.4524 2.5378
1.2032 2.4642
-2.6404 -1.0183
2.9298 0.6102
-1.6348 -2.722
-0.10513 3.0601
2.6101 0.76114
2.0298 -1.7675
1.5635 2.4864
-0.36983 -3.1446
0.1162 -2.6958
2.9542 -0.93598
-2.8761 0.2068
-2.6532 1.1731
1.5902 2.2171
2.0403 2.3684
-1.811 -2.2404
1.915 1.9307
-2.168 -1.4957
0.31584 -2.8396
-2.4605 0.85556
-0.053636 -2.9337
1.0856 -2.6339
1.7025 -2.0764
-2.872 -0.82224
-0.39409 2.8783
2.9592 0.50052
-2.6726 -1.7433
-2.6093 0.3871
-1.584 -2.0745
-1.6475 2.2871
-0.21634 -2.6972
0.56751 2.9733
-2.5282 0.6766
2.0755 -2.4322
2.8063 -1.4309
2.7779 -1.0496
-2.8356 0.83248
-3.0828 -0.31991
2.8238 1.0573
2.6619 -1.5398
-2.3578 1.6146
2.0008 -2.3728
-2.6242 -0.24517
-2.637 1.3193
-2.3905 -1.0483
-1.8118 2.5507
1.97 1.7288
2.6351 -0.93702
-0.30327 -2.8158
2.1946 1.8457
1.1665 -2.6032
1.5413 -2.1726
0.43454 -2.8548
2.7164 0.60568
-2.4585 -0.92824
1.375 2.2578
2.9524 -1.0941
-1.1795 2.8101
-2.3975 -2.0965
2.1954 2.2063
0.069045 2.628
2.5679 -0.54626
-2.2591 -1.6079
2.6367 1.5511
-3.0452 0.14572
-1.1682 -2.5722
2.9983 0.053366
-2.772 1.2989
2.5208 0.78085
-1.0048 2.9803
-2.5117 1.3219
2.2481 2.0129
3.0274 0.037629
1.1834 2.5741
-1.6767 2.2946
-2.6111 0.042239
0.36845 3.1226
0.071901 2.8194
-1.9642 -1.8255
-3.0218 0.58186
-3.0344 -1.0021
-0.81674 -2.706
-1.4907 -2.8213
-2.9777 -0.81292
-2.0912 -1.6824
0.51904 -3.1203
-2.7381 1.5941
2.4699 1.2274
2.9749 0.27716
-2.0062 -1.7023
1.1641 2.3643
-1.7512 -1.9272
2.0771 2.3156
1.7786 2.395
0.68242 -2.8242
2.079 2.0986
-2.1977 1.6922
2.4142 1.4454
1.0424 -2.6695
0.65037 -2.6546
2.3331 -1.2447
2.1259 1.8019
2.7737 -1.4104
2.8683 0.52776
2.7389 0.37511
-2.3024 1.5724
1.2623 -2.6095
2.6298 -1.5515
2.7995 0.47545
1.8764 -1.8882
2.5392 1.6648
0.16584 2.9691
1.5599 -2.2071
0.47373 2.5618
2.1154 2.2786
0.93901 -2.9682
1.0664 3.009
2.5264 -1.6934
2.6602 0.19288
2.963 -1.0037
-1.5344 -2.176
0.82578 -2.6009
1.0133 2.9531
1.8014 1.8978
-1.4283 2.6435
-2.9201 -0.20464
2.8898 -0.05596
0.4566 -2.7205
-2.9843 0.018242
-0.25384 -2.9781
2.7766 -0.40632
2.5941 1.3387
-0.061921 3.1977
2.6847 -1.6888
-3.0458 0.97168
0.96754 3.0451
1.5301 -2.2094
0.076148 -3.155
2.7214 -1.481
0.20576 3.0414
-2.4174 -1.7445
2.6388 -0.63438
-2.7357 0.72856
0.93602 2.8497
-0.52585 2.6373
0.66946 -2.7324
0.19892 2.7215
3.0205 0.6919
-2.6893 0.49642
-2.2213 1.3967
-2.4403 2.0181
1.4679 2.442
1.6079 2.7386
-0.35831 2.9593
2.8389 -1.2675
2.3746 1.8182
-2.0046 1.6901
0.25559 2.5975
-1.3154 -2.5476
2.894 -1.1209
-1.7362 -2.2543
-1.9948 -1.7477
1.4645 -2.6036
1.5445 2.6802
1.9524 -2.402
-2.5785 -0.9434
1.4512 2.8068
2.0811 1.5767
-0.80802 -2.7785
1.3235 2.4804
-0.95178 -2.4545
2.8155 -1.1402
-2.5748 -1.1178
0.26137 -2.8399
-1.9468 -1.7329
-1.4762 -2.6507
-0.5641 2.7695
2.8154 -1.1174
2.747 -0.48947
-0.10143 3.0594
-1.0847 2.5989
0.7459 -2.7669
0.83208 -3.0642
2.2496 1.5366
2.9825 0.35803
2.1435 2.094
-0.22867 2.8645
-1.0204 -2.4773
-1.4675 2.5637
-2.0554 -1.5939
2.4702 -1.4252
3.009 -0.12778
-2.8228 -1.1279
-0.41879 -2.9157
2.2402 -1.7587
2.1659 2.3227
0.92403 -2.514
0.06572 -3.0897
1.9951 -2.3675
-2.1676 -2.347
0.6418 2.9835
2.6249 1.7037
2.2839 2.1155
1.5506 -2.3155
-1.7671 -2.0496
-0.69119 2.5198
-0.5113 2.9284
-2.5391 -1.3313
1.9052 -2.1766
2.8762 -0.76873
3.127 -0.24411
-1.5204 2.1924
-2.6464 -1.0027
1.9299 2.2109
-2.2434 -1.388
-2.2216 -1.8382
-2.7654 1.1332
2.5203 -1.4097
2.7564 -0.26306
-2.967 1.1766
-0.44081 -2.5827
-0.28683 2.7819
3.0666 -0.20633
-1.1888 -2.7982
-2.1291 2.3026
-0.37436 3.0045
-0.57416 -3.0709
-0.78864 -2.9343
2.774 0.003287
-2.1862 1.4573
-0.78617 -2.617
2.3213 -1.7553
2.3714 -1.323
1.0104 -2.7183
2.3997 -1.0853
-0.77112 -2.5195
-2.0516 -1.7263
1.3257 2.3419
1.1042 2.3693
-2.8108 -0.71962
0.9446 3.0347
3.0154 -0.83179
-1.6172 -2.1379
2.6524 1.0289
-2.4448 -1.8872
2.8441 -1.4619
-2.4107 -1.7723
-1.6338 2.5613
-2.1028 2.0894
2.3529 -1.7789
0.51892 2.7188
-2.3796 -1.5318
1.1097 -2.6498
-1.853 2.1932
-1.7088 -2.4189
-0.15168 -3.0839
-1.9729 -1.7
2.5967 1.6579
2.742 -1.5016
2.664 -1.2985
1.975 -1.7744
-2.1846 1.7315
1.9652 1.7058
2.7779 0.91562
3.0211 0.23122
0.94837 2.8153
2.7554 0.80793
-2.3663 1.3475
3.1814 0.28841
-1.9626 -1.8291
2.0549 -1.6171
-1.5521 2.1806
1.8934 -1.8444
-0.97524 3.0004
-0.29179 3.0466
1.0367 2.7078
0.77152 -2.704
1.0417 2.9417
-3.1504 0.041595
1.6712 2.7185
1.9299 2.2018
-2.6301 0.42893
-2.3166 -2.1341
-1.294 -2.4616
0.24259 3.0747
1.3455 -2.7417
-1.0059 2.6272
-2.3833 1.4932
-1.4853 -2.3563
-1.6257 2.6719
-1.1012 -2.4149
-2.3007 -1.9144
-2.4823 1.5485
2.177 1.6813
-2.6846 -1.6015
1.7544 2.1169
0.45106 3.1538
0.24697 3.0453
-2.4467 0.92653
3.0435 -0.016869
2.8975 0.77003
-2.9766 0.63434
-2.6464 -0.39854
2.7648 1.3887
-3.1171 -0.44161
1.5113 2.1451
0.46231 -2.9737
2.3692 1.7351
-2.6828 -1.2584
-2.6997 1.1822
-2.3269 -1.285
-2.7322 -1.4809
