0.76256 -1.6342
-0.8672 1.1137
0.87352 -1.2105
0.39817 -1.3957
1.7145 0.92266
-0.3177 1.7852
0.93421 -1.1285
1.7033 -0.50326
0.86104 1.3458
-1.8125 -0.1378
0.43834 1.5108
1.1813 -0.94405
-1.1223 -1.2383
-1.6577 -0.97798
1.5892 -1.0327
1.9335 0.16475
0.91253 -1.6452
-0.5606 1.6879
0.68262 -1.6182
-1.7115 -0.6685
-1.4302 -1.1229
-1.1222 1.459
1.6177 0.060981
1.4692 -0.21328
-1.4888 -1.144
1.0868 -1.4112
1.0318 -1.0292
1.8243 0.3733
-0.52252 -1.371
-0.26644 -1.7709
-1.2393 1.105
-1.4237 1.3018
1.1465 1.2862
0.85591 1.1955
-1.4112 -0.89144
0.59356 -1.2934
-1.3296 -0.49321
0.12793 1.6685
-0.19354 -1.9644
1.7488 0.38886
0.39389 1.5676
1.5793 1.0332
1.4223 -0.032373
0.088761 1.8484
0.35971 1.6764
0.76536 -1.5973
0.42582 1.3514
1.4894 -0.94101
-0.29299 -1.777
1.6551 -0.37589
0.3677 1.386
-0.97732 1.3779
1.492 -1.0736
0.97653 1.6362
-1.8257 -0.57896
0.83924 -1.6913
-0.52657 -1.3919
-1.191 -0.83353
1.6554 -0.76927
0.81405 -1.3639
1.0097 -1.2235
1.654 0.50083
0.33179 -1.645
-0.24928 1.6659
1.6241 0.64079
-0.79878 1.7864
-0.59251 1.5062
0.84297 -1.2334
-0.26134 1.3755
1.3024 0.93687
-0.068068 1.7404
-1.7864 -0.42222
1.4117 -0.10023
-1.6798 -0.6953
1.1216 0.94792
-0.92377 1.7266
-0.27356 -1.6301
-1.54 -1.0165
0.13269 1.8976
1.36 0.77218
1.2006 -1.2579
1.6367 0.39074
-0.96796 1.5898
0.17721 -1.5232
-0.41762 1.6907
1.8778 -0.18996
-1.5888 0.21371
0.50455 1.8249
0.68847 -1.5344
-1.1852 -1.516
1.5268 -0.44374
-1.5624 -1.0357
-1.6436 -0.41233
1.3579 0.77273
-0.65537 -1.3374
1.8909 0.13173
0.12524 1.456
-1.1868 1.3743
1.5002 0.35287
-1.3436 1.2563
-1.4248 -0.54125
-1.9507 -0.34633
-1.8392 0.38042
0.15568 -1.8676
-0.09068 1.4823
-1.6413 -0.79079
-0.78513 -1.4916
-0.47755 -1.5581
1.6966 0.024564
1.1648 -0.85734
-0.73033 1.7902
1.2116 1.2512
-0.16959 1.392
1.7576 0.68894
-1.725 -0.95983
0.1116 -1.4655
1.7365 -0.47394
1.5077 1.2952
-1.733 0.30697
-1.6456 -0.6816
-0.97007 1.3802
1.0243 -0.97813
0.39386 1.5224
-1.7073 0.87399
-0.27846 1.7499
-1.6473 -0.17413
-0.84145 -1.3662
-0.62698 1.4399
-1.5624 -0.92401
-1.4312 -1.0019
0.47222 -1.863
-1.37 0.90316
-0.34014 -1.516
0.22593 1.3944
-0.29671 -1.4352
-0.18667 1.6759
0.52264 -1.3091
0.60484 -1.7734
0.72016 1.7715
1.3885 -0.1872
-0.50258 -1.7404
1.1963 -0.91463
0.461 -1.4012
1.291 -0.96731
-0.41386 -1.5494
1.4931 1.2753
-1.6703 0.85241
-1.1503 1.0392
-0.10192 1.7766
0.31323 1.7008
-0.16212 1.7265
0.1882 -1.7257
1.6323 0.71419
-0.94505 1.1134
-1.9411 -0.17251
1.5048 -1.2165
1.2647 1.1474
1.7145 0.46329
1.0257 1.2133
1.2656 -1.4088
0.75399 1.3089
-1.7073 -0.4382
-0.08202 -1.9408
1.0733 -1.0339
1.5112 -0.71181
0.82585 1.1358
1.8091 0.51035
0.2285 -1.8791
1.6381 0.048567
-1.2667 1.3568
1.1193 -1.0849
1.0895 -1.5125
0.49446 -1.4308
1.5944 -0.57801
1.7502 0.80171
0.14652 -1.6045
1.9756 0.12152
-1.5071 1.2508
1.3038 -1.2669
1.5336 0.37237
1.1557 1.4187
-0.73137 1.7218
-0.073569 1.5889
-0.99444 -1.6587
1.1588 -1.1521
-1.422 0.52824
1.027 1.3296
-0.34419 1.6808
1.7346 0.49554
1.1743 -1.318
0.92198 -1.4405
-0.77189 -1.4465
0.84525 -1.5333
0.78948 -1.8173
0.06376 -1.8624
-0.71197 1.7305
1.5172 1.1764
-1.2172 0.82512
-1.7697 0.11204
1.0667 -1.6584
1.9091 -0.54278
0.68858 -1.7314
1.5288 -1.2598
-0.17843 1.8827
-1.6082 -1.0359
1.0854 -1.0924
0.31588 1.6815
-1.5599 -0.44443
1.6002 0.10688
1.6435 0.18696
-1.8913 -0.32115
1.3894 0.95929
1.3173 -0.91344
-0.32274 -1.4038
-0.69364 -1.3211
-1.6174 -0.44305
-1.4333 0.060542
1.2388 -0.80077
-1.7386 -0.74802
-0.98656 1.5926
1.7313 -0.61763
0.14879 1.439
-0.27561 -1.7299
0.88635 -1.4566
1.8484 0.63876
-0.47926 1.4048
-0.13114 1.4234
-1.5207 -0.73569
0.36747 1.385
0.49888 1.8861
0.021569 1.4682
1.3569 0.45571
-1.3182 -1.0916
1.5728 -0.3262
-1.6362 0.89904
-0.98754 1.0226
-1.279 1.0609
1.7648 0.85442
-0.93641 1.2904
-1.0611 1.2773
-0.29755 1.5253
-0.75574 1.1948
0.88244 -1.4754
1.7024 0.26349
1.7999 -0.32714
-0.87103 -1.2623
0.39032 1.415
1.3301 -1.1614
-0.15751 1.629
1.4994 -0.20156
-0.90137 1.428
-0.41178 1.5522
-0.5034 -1.767
-0.70979 -1.2598
-1.7326 -0.57412
0.92502 -1.1423
-0.58241 -1.9005
1.7618 0.34251
-1.3841 -0.94536
1.052 -1.3286
1.6128 -0.16705
-1.8624 -0.39927
1.6197 0.67145
1.6631 -0.68911
-0.27181 1.7211
1.3259 -1.4477
-1.5957 0.48584
-1.4247 -0.35505
1.4215 -0.54545
-0.42244 -1.5064
0.59306 -1.4554
0.96588 1.087
-0.88906 -1.5574
1.7206 -0.28011
1.7036 -0.90477
-1.1044 -1.1063
0.057699 -1.7876
1.0226 -1.4387
-0.42215 1.5497
-1.4344 0.47632
0.34443 -1.6682
-0.77737 -1.2245
-1.8376 0.48233
1.58 -0.93432
-1.1575 1.328
-1.3629 -1.2261
0.9502 1.2938
0.10765 -1.5957
0.65111 -1.7164
-0.18232 1.9317
1.3871 1.4088
-1.2964 -1.1517
1.9275 -0.063693
0.92952 1.2449
-0.4102 1.5255
-1.6046 -0.1826
0.091618 -1.9495
0.77844 -1.7827
-0.90297 -1.4101
-0.61878 -1.3633
