-0.018708 -0.55543
-0.039446 0.37147
0.27976 0.19762
0.52085 0.044591
0.059003 -0.28243
-0.031232 0.10168
-0.067754 0.28655
0.1771 0.5568
-0.23546 0.24177
-0.18758 -0.088794
0.24806 -0.25773
0.48944 0.28218
0.26199 -0.16082
-0.42805 -0.26645
0.23898 0.003855
-0.28913 -0.26008
-0.17536 -0.14955
-0.23982 0.46909
-0.44695 0.065028
-0.16827 0.070163
-0.44893 -0.13779
-0.36114 0.47757
0.3558 -0.31398
-0.50659 0.20081
0.5871 -0.036326
-0.026682 -0.2697
0.57517 -0.028544
0.004828 0.16164
0.21472 -0.46373
-0.048696 -0.48048
-0.15727 0.10679
-0.090774 0.36246
-0.18111 0.40083
0.099035 -0.17199
0.48216 0.003431
0.1557 -0.17477
-0.00721 -0.28395
-0.16717 0.074624
0.026251 -0.10788
-0.34523 0.23247
-0.30631 0.14656
0.23795 -0.53946
0.37421 -0.091014
0.10049 0.40595
0.45066 0.20014
0.19645 -0.093049
-0.060289 0.10831
0.26103 0.42333
0.13137 -0.061268
-0.26393 -0.074885
-0.13133 0.33823
-0.043323 0.55122
0.18896 -0.28291
0.064099 -0.12539
0.017338 0.21093
0.14402 0.013951
-0.16288 -0.55845
0.4508 0.21585
-0.058361 -0.43541
0.24405 -0.43898
-0.24288 0.25328
0.41363 -0.040121
0.014467 -0.2901
0.40972 0.091199
0.13623 0.28479
-0.079099 0.41739
-0.21388 -0.4074
-0.30121 -0.11044
-0.28917 -0.23425
0.006725 -0.47889
-0.59259 -0.031788
-0.22004 -0.25886
-0.55913 -0.13274
0.30953 -0.038965
0.12211 -0.44415
0.31178 -0.12115
-0.25937 0.013871
-0.30471 -0.32062
0.28059 -0.24246
0.48296 -0.15112
0.18147 -0.41183
0.38075 -0.4595
-0.32878 -0.36354
-0.22524 0.14871
-0.54662 -0.12613
0.33855 0.052382
-0.32784 -0.21428
-0.20487 -0.29263
0.29397 -0.24037
-0.34608 -0.11943
-0.22481 0.020257
0.12969 -0.2432
-0.16367 -0.53813
0.46754 0.047185
-0.40771 0.32285
0.11212 -0.48836
0.25139 0.43944
0.12286 -0.22203
0.44877 0.017121
-0.17978 -0.33867
-0.052977 0.01586
-0.003976 0.26278
0.47964 0.24534
-0.05368 0.47981
0.31857 -0.23584
0.10773 -0.53644
-0.18121 0.48201
0.52516 0.05259
-0.35056 0.31056
-0.17489 0.27955
0.035916 0.5946
0.56901 0.17211
0.17646 0.31045
0.24186 0.35313
-0.035784 -0.10345
0.36267 -0.12854
-0.37095 -0.24464
-0.29562 -0.30036
0.008699 -0.024227
0.26592 0.43418
0.36286 0.15997
0.56518 0.14466
0.49608 -0.027506
0.27466 -0.31294
0.42337 -0.020924
-0.059619 -0.26763
0.038775 0.20949
-0.2357 -0.18791
0.44479 -0.19122
-0.22091 0.52825
0.064674 0.20642
0.049683 0.11034
0.074291 0.097276
-0.082685 0.10194
0.29168 0.017227
0.24691 0.30024
-0.23397 -0.13936
0.143 0.45731
0.49347 0.31649
0.28519 -0.055628
0.021921 0.33901
0.52359 -0.059906
-0.37118 0.40709
-0.047135 0.094978
-0.04161 0.11826
0.12429 -0.4173
0.26857 0.11256
-0.069603 -0.29568
-0.27078 -0.043133
-0.011341 0.10597
