0.17327
0.26036
0.27111
0.18542
0.48513
0.2653
0.56073
0.16492
0.27826
0.39648
0.12833
0.46929
0.2537
0.35519
0.18273
0.41491
0.1673
0.26687
0.32993
0.33066
0.23069
0.31197
0.1079
0.3025
0.27231
0.3149
0.39229
0.32817
0.089996
0.17177
0.22077
0.31218
0.54608
0.47403
0.24659
0.1524
0.3365
0.21946
0.28162
0.21408
0.2079
0.27552
0.14953
0.42761
0.31174
0.18344
0.24488
0.22356
0.28296
0.18396
0.21399
0.11103
0.36195
0.3165
0.30685
0.20573
0.57304
0.40161
0.13103
0.045738
0.24903
0.39087
0.14488
0.20583
0.18427
0.054741
0.31553
0.4144
0.36095
0.57982
0.11371
0.1741
0.10917
0.20299
0.26607
0.22302
0.29988
0.34387
0.03754
0.20045
0.17324
0.093399
0.25168
0.44744
0.22478
0.073495
0.23619
0.25701
0.40048
0.1487
0.18051
0.31533
0.26043
0.2916
0.18553
0.36288
0.09203
0.27312
0.26974
0.29319
0.1448
0.09751
0.2431
0.17419
0.57295
0.060777
0.24022
0.46539
0.2913
0.23239
0.13466
0.17598
0.25749
0.37138
0.14823
0.1394
0.12576
0.19595
0.056432
0.13611
0.31446
0.36794
0.08365
0.14081
0.39282
0.24251
0.21895
0.25395
0.22044
0.26583
0.1131
0.31065
0.28808
0.19801
0.10288
0.2366
0.32124
0.18022
0.30226
0.13714
0.42394
0.223
0.18746
0.43829
0.27377
0.44507
0.31346
0.23693
0.22146
0.24183
0.35253
0.38576
0.26176
0.1563
0.41191
0.22145
0.49759
0.26129
0.19792
0.25804
0.16953
0.25548
0.23958
0.29647
0.18114
0.4932
0.42133
0.32824
0.23779
0.15953
0.20858
0.17892
0.29746
0.18797
0.14918
0.19457
0.43346
0.23739
0.34158
0.19164
0.52869
0.27553
0.36405
0.40908
0.20605
0.21131
0.3489
0.15738
0.35531
0.32177
0.21897
0.20386
0.45352
0.13676
0.42602
0.24801
0.28152
0.32105
0.17858
0.14748
0.3087
0.19901
0.27905
0.12367
0.2352
0.3176
0.16386
0.17764
0.24097
0.17334
0.11782
0.12416
0.40802
0.2335
0.32535
0.43355
0.12853
0.35929
0.25758
0.3549
0.14436
0.13217
0.22722
0.19059
0.19055
0.18504
0.48145
0.28653
0.16625
0.38654
0.088857
0.18109
0.3017
0.44718
0.16143
0.25952
0.36103
0.34302
0.25355
0.11439
0.26693
0.22356
0.23366
0.25904
0.21616
0.1033
0.18826
0.56506
0.27888
0.31884
0.3632
0.16632
0.2865
0.36408
0.35057
0.13331
0.49965
0.13728
0.14977
0.38495
0.27987
0.45222
0.16753
0.35305
0.23042
0.4836
0.42077
0.38344
0.44918
0.34716
0.278
0.18039
0.13327
0.39294
0.38038
0.40585
0.32697
0.29328
0.21396
0.33851
0.24429
0.19863
0.44941
0.29696
0.36338
0.14191
0.22517
0.26284
0.26554
0.1703
0.10165
0.21585
0.35048
0.35807
0.33172
0.34573
0.20382
0.31386
0.37886
0.27623
0.3011
0.26445
0.21347
0.50618
0.42614
0.26704
0.32396
0.34983
0.23789
0.14453
0.35275
0.18999
0.35102
0.13956
0.23355
0.24936
0.18234
0.24981
0.28372
0.30726
0.28362
0.13974
0.25157
0.25121
0.18053
0.20028
0.3891
0.36666
0.41632
0.12412
0.41597
0.16293
0.36994
0.37651
0.12375
0.1354
0.25674
0.14665
0.22205
0.26649
0.24007
0.17713
0.38442
0.32265
0.38001
0.66078
0.20382
0.33267
0.19498
0.28892
0.41107
0.35627
0.19484
0.39708
0.30455
0.29097
0.27118
0.1426
0.41854
0.10742
0.26027
0.28805
0.19031
0.24681
0.27637
0.32896
0.12292
0.13547
0.21568
0.36986
0.38864
0.21399
0.13577
0.26313
0.46312
0.2393
0.18336
0.29345
0.29689
0.32014
0.13403
0.31252
0.20356
0.23197
0.19524
0.16386
0.24118
0.29231
0.26952
0.1585
0.32346
0.18685
0.1896
0.26798
0.34512
0.26082
0.21936
0.19622
0.28699
0.21509
0.33422
0.21085
0.21409
0.28233
0.27828
0.23768
0.20555
0.57296
0.18566
0.22403
0.54001
0.11159
0.22501
0.33985
0.28899
0.21251
0.32605
0.29576
0.37498
0.33877
0.11834
0.13984
0.27737
0.25938
0.40393
0.11458
0.34481
0.21633
0.1238
0.19882
0.34507
0.28585
0.23139
0.29821
0.17505
0.34006
0.19834
0.16809
0.2673
0.12067
0.17119
0.53084
0.1783
0.36691
0.2901
0.17298
0.1657
0.39935
0.36583
0.28449
0.29958
0.31424
0.34469
0.31295
0.12997
0.068675
0.098554
0.24904
0.30361
0.46049
0.32225
0.31542
0.2854
0.4217
0.40723
0.19117
0.35362
0.20222
0.39572
0.43363
0.38016
0.30127
0.15096
0.28033
0.21772
0.33957
0.30691
0.55214
0.3449
0.086942
0.2759
0.29585
0.26035
0.16052
0.20958
0.30244
0.238
0.23954
0.30287
0.46312
0.39622
0.56391
0.15708
0.16329
0.26151
0.50723
0.2161
0.11676
0.33373
0.22893
0.29141
0.35051
0.25586
0.17639
0.29049
0.29468
0.19208
0.16898
0.17735
0.24618
0.17294
0.26209
0.12235
0.36247
0.15022
0.18177
0.32259
0.1687
0.42192
0.11622
0.18006
0.32883
0.32918
0.10235
0.33622
0.29448
0.19479
0.4162
0.14014
0.46592
0.16083
0.29324
0.13839
0.40104
0.16626
0.18608
0.26179
0.38616
0.097398
0.11836
0.22793
0.35692
0.4864
0.19328
0.5062
0.27277
0.34658
0.60993
0.19908
0.32818
0.2003
0.3085
0.13862
0.35804
0.15507
0.11827
0.28485
0.28208
0.20539
0.22847
0.29527
0.46414
0.2173
0.15063
0.2221
0.26616
0.25354
0.2693
0.1475
0.22629
0.16117
0.2838
0.17496
0.27713
0.19419
0.24276
0.29499
0.44907
0.31484
0.25924
0.067139
0.1813
0.26522
0.20205
0.23999
0.34506
0.18216
0.40525
0.21065
0.28389
0.056015
0.31027
0.32822
0.28612
0.32668
0.30275
0.24542
0.28792
0.40099
0.10726
0.34796
0.23342
0.2869
0.16474
0.25199
0.36897
0.19642
0.26872
0.25714
0.49853
0.28222
0.53159
0.27046
0.36644
0.18651
0.30824
0.35483
0.3377
0.32459
0.20449
0.080549
0.24199
0.21497
0.27075
0.075901
0.22164
0.097724
0.29827
0.33643
0.24976
0.44778
0.25687
0.20713
0.22083
0.18053
0.24385
0.14455
0.18254
0.30051
0.29253
0.42632
0.24076
0.11701
0.15286
0.15088
0.12512
0.19999
0.20966
0.27173
0.16566
0.1966
0.30512
0.20138
0.33136
0.15288
0.24093
0.15416
0.44865
0.37474
0.1616
0.12209
0.20809
0.12046
0.19988
0.15789
0.22531
0.18592
0.27296
0.38459
0.45343
0.32165
0.15453
0.27128
0.16681
0.13982
0.38353
0.35352
0.1784
0.24296
0.2845
0.10638
0.3256
0.041649
0.3198
0.14763
0.27694
0.10849
0.3129
0.40137
0.29635
0.2431
0.25477
0.1174
0.21933
0.54593
0.21195
0.27744
0.1685
0.2995
0.3602
0.28244
0.10617
0.19619
0.32538
0.47122
0.28241
0.46438
0.23113
0.22431
0.32229
0.34082
0.51401
0.34518
0.56096
0.18901
0.17028
0.19679
0.24999
0.095286
0.25504
0.036727
0.32699
0.33823
0.29595
0.29601
0.28908
0.26034
0.27734
0.29184
0.1661
0.33482
0.35929
0.11885
0.27409
0.17275
0.19131
0.41568
0.39226
0.34921
0.25455
0.21894
0.32691
0.44764
0.21962
0.34797
0.43108
0.1535
0.33896
0.31861
0.40871
0.20563
0.3039
0.32208
0.4688
0.26987
0.34673
0.17059
0.37313
0.2059
0.22938
0.19038
0.18212
0.16689
0.28782
0.10663
0.17552
0.28668
0.12685
0.37677
0.30421
0.31592
0.17409
0.24674
0.51279
0.30789
0.32502
0.14452
0.19781
0.13811
0.33848
0.20209
0.092238
0.086883
0.21906
0.23697
0.34944
0.24107
0.21652
0.19316
0.42646
0.20201
0.26012
0.49033
0.2332
0.14192
0.49729
0.32903
0.13634
0.15646
0.21138
0.12008
0.22237
0.086137
0.26886
0.188
0.23928
0.34128
0.33241
0.21355
0.19638
0.044447
0.29282
0.16767
0.18528
0.20711
0.073814
0.56426
0.40229
0.34242
0.1911
0.40805
0.49653
0.11999
0.37089
0.39013
0.35857
0.12952
0.39152
0.56232
0.38967
0.23024
0.42519
0.29496
0.1786
0.15459
0.10368
0.26909
0.28965
0.38713
0.083959
0.31925
0.30247
0.38908
0.079739
0.059076
0.32664
0.29974
0.19082
0.17797
0.42023
0.2899
0.33654
0.059297
0.35419
0.20943
0.64131
0.23939
0.2963
0.12378
0.2295
0.21497
0.13907
0.3284
0.27638
0.33506
0.39082
0.20718
0.26964
0.26509
0.3739
0.15847
0.30549
0.2296
0.30355
0.27646
0.15721
0.41982
0.24084
0.2644
0.50978
0.42709
0.21471
0.17251
0.35257
0.25531
0.23773
0.25563
0.14901
0.35849
0.15182
0.21293
0.12115
0.30226
0.21302
0.20679
0.22486
0.09253
0.16577
0.15961
0.40503
0.14329
0.28302
0.35586
0.32608
0.1927
0.12223
0.48037
0.30685
0.37042
0.37343
0.17089
0.28388
0.3107
0.16271
0.087493
0.26396
0.16519
0.27739
0.24565
0.27289
0.30222
0.15772
0.24541
0.22872
0.30984
0.42345
0.21666
0.26849
0.10454
0.2497
0.32832
0.093272
0.30419
0.21672
0.35968
0.44517
0.12028
0.20291
0.2768
0.22964
0.20526
0.28554
0.30356
0.19306
0.21004
0.42992
0.40901
0.14263
0.29513
0.23307
0.19896
0.3912
0.10415
0.18905
0.12412
0.26532
0.23754
0.21873
0.12281
0.26991
0.26268
0.38834
0.23147
0.2571
0.060442
0.099584
0.47253
0.35485
0.14782
0.28199
0.18529
0.36372
0.39914
0.10724
0.30293
0.40614
0.17933
0.20867
0.36063
0.34905
0.27999
0.17776
0.35861
0.25246
0.19921
0.27781
0.26805
0.093855
0.38828
0.13649
0.20195
0.20542
0.50992
0.19631
0.24648
0.24339
0.13445
0.48197
0.5172
0.089666
