3.6654 2.5275
0.4113 1.3052
1.5588 1.9024
-0.018894 -2.7335
-0.22249 2.1694
-1.0923 0.40009
-0.083 -1.5259
1.5758 0.92171
-1.1564 -4.892
-0.24262 1.6343
1.5501 3.8388
1.2301 0.51151
-1.7256 -0.83598
0.21366 2.7152
1.8615 0.067284
2.2895 1.8203
1.6842 -2.1033
1.9554 1.2697
1.4904 -0.28654
0.081593 -2.1896
-3.2785 -1.3697
-3.5456 1.4777
2.2753 0.036898
1.538 0.74154
1.3152 -1.1481
-4.0339 0.17975
0.6641 0.79108
1.4918 1.1711
-0.49536 0.54681
-5.3649 -3.2483
-1.7459 -0.23368
0.38415 1.8534
-0.96939 0.21378
4.285 2.1809
-1.8274 -2.0197
0.57059 0.562
0.20355 2.3755
3.8745 2.3548
3.6859 0.99393
0.12002 1.3055
1.5849 -0.80744
-0.80747 1.5397
1.436 -0.10249
-3.0921 -2.9816
-2.0805 3.9415
2.9572 2.1545
2.6016 -0.026729
0.0609 -1.1002
0.36609 0.67113
0.31612 3.2033
-2.6534 2.1808
-1.1144 3.4637
-0.8721 0.59795
-2.6265 -2.7767
-0.35115 -3.2366
0.26088 3.7332
-3.4466 -2.3847
0.64122 -0.85634
-2.3944 -3.2972
-1.425 -0.9994
-0.80822 -0.31398
0.071892 0.08158
2.1867 0.066079
1.0425 -1.3544
-0.93386 -2.1907
1.415 2.444
-2.8665 0.89606
-4.2496 -0.1489
-0.24616 -1.7266
3.1438 0.33775
-5.0826 -1.0247
-2.3673 -2.4535
2.2523 -0.69505
-0.52744 -1.3165
-1.913 -3.2298
-2.0666 -0.8611
-0.11872 2.5116
2.5011 0.47767
-0.43499 1.9842
2.557 0.26313
-0.44578 3.4508
-0.36228 -1.3968
-3.0741 0.87575
2.4564 2.8192
0.92139 1.7939
0.45706 3.4119
-0.89191 -0.19302
0.34835 2.2945
-1.121 -0.58709
-0.2559 0.076677
-0.4298 1.8171
1.621 0.3959
2.0396 -0.61011
-0.62398 0.27515
1.5393 1.3806
-2.2527 2.4595
-0.011652 -0.96516
-2.8539 2.2614
0.8667 -0.22888
1.9055 -0.99028
0.039572 1.1011
-0.20295 -1.8272
-0.9822 -2.8755
-1.6086 -0.57332
0.31854 -0.82461
2.1651 -1.9319
-1.0351 -1.9183
0.82568 0.3291
-0.7887 1.7481
0.50416 0.19776
-1.7125 1.6516
-1.7876 1.8255
-1.523 -1.4608
0.038282 0.98773
-1.7653 -0.51282
-0.66055 -0.80586
1.3255 -0.7208
-1.7377 -3.6078
0.26508 2.3365
0.34725 -0.94772
0.068615 0.13584
-0.923 -0.9805
-1.3822 -2.1363
2.7586 2.014
-3.2002 -1.0505
-3.5276 1.0231
0.19009 0.89342
2.7529 1.9954
0.62477 -2.281
0.29219 -0.46549
1.4901 2.4227
1.9765 2.3484
-1.2569 -1.3823
-0.71021 0.11225
-0.44203 -2.8691
1.0346 -0.11865
-0.7426 -0.21556
-0.24221 -1.2355
1.587 -0.66774
-0.35932 -1.5126
-0.47328 0.63094
-1.1644 0.59505
1.0463 2.5802
-2.1669 -0.65571
-3.4536 0.68384
2.0572 -0.91964
-2.2195 -2.2099
-0.52216 -0.63222
-4.8256 1.4426
-1.0901 1.5325
-1.273 -1.1587
-2.068 1.4491
-2.0269 -2.7112
1.3607 3.2436
4.3481 -1.1077
0.90818 2.2351
-3.7954 0.11338
2.9538 0.94985
-1.119 -0.67005
-3.0662 -1.8867
-1.1546 2.7275
1.1907 0.10764
0.46615 -0.17577
1.1142 -0.020835
3.1381 4.8064
-1.5696 1.2173
-5.2415 0.28454
-0.30817 -0.16756
0.24085 2.912
0.4223 -0.4662
-1.9594 0.86459
-1.1855 -0.22107
-1.192 0.55018
1.2719 -0.5074
-1.0281 -0.53189
-0.17566 0.14891
3.6824 0.16941
-3.3239 0.61426
0.654 -0.61769
0.21782 2.1947
-0.14228 0.80357
2.1158 -0.03837
-0.40946 -3.3542
-3.6034 -1.674
1.3615 -2.1256
-0.7441 -0.75934
-2.3995 -0.61224
0.76036 -0.52376
0.92238 0.38635
-1.1555 -0.57739
-2.384 -1.3105
1.3778 0.89314
1.921 -2.9552
1.2424 -0.38688
-5.6752 -2.5519
1.2194 1.9061
0.028492 -1.3498
-0.64387 2.2416
-0.26847 -1.8754
2.111 -1.4932
0.033315 -1.4135
0.8536 -0.94502
-0.68099 -0.030875
-2.0233 2.2297
-3.8514 -1.879
3.7393 0.19009
-1.2027 0.75866
1.2967 0.15266
-2.3468 -5.6929
-0.91466 -1.3859
0.014392 -3.2308
0.79771 -1.4582
-0.75205 -3.099
0.046337 2.277
-1.9304 -0.7564
-0.11544 2.0029
-2.4253 1.3793
0.93489 1.1262
-0.13133 -2.8881
0.26092 3.2884
0.017288 0.073186
-0.15532 1.8052
-0.88558 -2.9732
-3.3542 0.91873
-1.6946 -3.7531
1.897 0.10018
-2.8194 -1.2098
2.6228 3.3495
-2.0186 2.2143
3.4751 0.87764
0.67958 2.0311
-1.2994 0.13991
-1.4872 -1.5708
2.4883 0.57255
-1.2055 -3.9485
-0.30606 1.7046
1.1667 -2.0364
-1.8566 -0.51183
-0.42792 5.9461
1.3075 1.1305
3.2339 3.9559
-0.82024 1.3516
0.036554 4.3575
-1.9259 2.5239
0.41262 -3.6666
0.24786 0.11166
-0.014057 2.2546
-0.80603 1.3662
0.52306 1.205
-1.5723 3.3742
