2.6706 4.7938
4.042 6.3699
3.3903 3.1825
3.7998 4.7436
2.9837 2.6258
6.3701 3.4095
2.6475 6.2273
3.0098 1.6417
1.3359 3.41
-0.13053 6.509
3.2487 6.4165
7.2417 7.137
2.5667 5.052
4.8831 2.0936
4.0705 5.278
3.6697 6.753
4.794 5.7329
3.09 4.6423
2.1662 4.7939
1.917 2.1309
4.6851 7.4954
1.5295 3.2436
2.0091 5.3675
4.1365 4.6898
3.2361 3.274
1.8155 2.5214
2.4654 3.2572
4.1402 3.7023
2.3017 4.3652
4.0233 6.2568
3.3218 4.5264
1.8983 4.262
2.6304 6.0181
2.9063 5.13
2.8339 6.3388
2.6221 2.4678
3.8151 5.8753
1.5103 4.5753
2.3705 3.8165
2.1437 5.3149
2.4421 4.7055
4.1938 5.3102
3.8888 4.555
3.7419 6.1295
1.6575 4.7104
3.0227 5.8065
4.8482 3.3659
4.0341 4.612
4.3269 1.9843
2.9834 3.8647
2.9883 5.3806
3.4637 5.0461
1.1492 3.5281
6.1772 4.3238
4.4318 6.1576
2.054 4.0985
3.4224 3.6626
2.547 5.1392
1.2468 4.0306
3.285 3.9466
4.0043 2.8761
3.8544 1.494
5.0044 6.4704
2.1894 2.8899
2.9878 8.1882
2.0216 3.039
3.2889 4.7736
2.2117 3.0155
1.8633 6.0257
2.2652 4.6641
4.3531 1.136
1.8557 4.0235
4.2742 3.5091
0.95504 6.1864
0.68131 4.4336
2.3869 4.218
2.4233 5.2478
4.328 1.8791
3.8835 5.4596
4.2637 4.0199
2.7131 5.0866
2.1653 3.7837
2.8771 3.9964
1.9938 4.9384
6.5429 -0.54185
1.3366 4.5418
0.79041 5.6802
4.476 6.315
4.3411 5.1424
1.9397 4.1964
5.5252 4.0989
1.1478 5.3568
4.6376 6.8652
2.3451 4.8226
1.135 3.3494
3.2404 4.022
1.5339 1.4555
4.0776 4.6634
3.9022 3.7448
6.7476 4.688
5.7245 5.3081
3.4542 6.9131
4.3561 5.3189
4.3472 4.9741
2.6574 3.8218
3.6404 5.2727
4.77 5.4715
2.7819 4.4219
2.6658 4.5783
2.2358 3.3766
5.0541 4.9974
4.3677 2.7805
3.5944 2.9788
3.4176 1.1694
2.4406 3.7288
5.53 5.8867
4.4528 6.2056
6.2776 4.2447
2.9784 7.5935
3.559 5.4025
2.4737 5.3547
4.6122 2.9543
3.9687 5.7108
2.1331 7.0697
2.0847 6.0766
4.6134 3.6928
3.7894 5.8295
3.1702 4.2869
3.386 4.7776
2.5647 4.4469
4.0423 6.1444
3.4783 4.8599
5.8006 6.5363
2.8522 3.4186
3.5233 4.0085
2.0032 3.6833
1.6926 2.8958
3.8144 4.5477
3.7738 3.4543
5.8136 5.5588
3.8855 3.1172
2.2471 1.3817
3.1343 1.5951
2.3851 2.9749
2.619 5.3624
1.0137 4.6006
4.2467 2.7623
2.1745 3.9862
3.8548 3.5579
4.6172 6.0709
3.8289 5.4163
7.0033 6.0616
3.0835 4.5058
3.3196 5.9602
2.6578 4.5326
4.9613 5.5206
2.8116 6.8384
-0.43832 5.5578
2.1772 5.84
2.9712 4.1577
2.7191 4.6411
4.746 3.0015
5.5789 4.2169
3.5515 4.9317
1.949 4.0802
3.3461 3.8797
2.6536 4.8822
2.315 4.3489
3.4618 3.2598
3.0051 5.0285
4.268 4.9411
5.927 4.2137
3.1774 5.8725
3.097 5.0022
5.2963 4.4835
1.7798 6.1335
2.4524 3.8838
6.3791 3.3935
3.9451 4.1631
2.6755 4.0597
2.2299 2.9102
3.7943 5.1583
2.716 3.2252
3.8004 3.5712
3.0322 4.7594
4.3257 2.1601
2.6927 6.1814
2.7474 5.2906
2.6527 5.8839
4.0148 6.4224
3.6438 3.548
4.2181 4.3874
2.42 6.278
3.3527 5.4487
5.6756 2.5466
2.9171 5.7187
4.1818 3.183
1.5742 4.0195
4.6244 3.6947
4.4874 4.9186
1.4712 5.351
3.6296 4.5951
4.4408 4.5719
3.6754 6.6349
-2.1677 3.4541
4.2748 3.8249
4.5103 4.6917
1.5366 8.439
3.7118 6.3908
3.5007 5.2442
4.2004 5.1836
3.3066 4.6317
1.9584 7.3636
4.6015 7.3403
1.9343 5.3717
2.1674 4.6897
2.5111 5.9691
1.736 5.7167
3.3897 3.9219
4.156 5.6446
3.1857 5.9038
6.2575 6.1461
6.2898 5.6156
2.1055 5.8525
3.7239 5.6698
5.1295 4.809
3.4017 2.133
4.7149 6.5184
5.2466 7.1034
3.4294 6.8594
3.6898 4.8731
5.393 6.5914
4.973 5.5775
4.1283 4.6034
4.3256 4.5591
2.2684 5.2999
3.4 3.2212
2.9737 5.3049
6.4615 3.6529
3.2716 4.1391
3.76 4.3631
4.1295 5.7376
2.7988 4.3756
4.3556 3.1695
4.739 2.1205
2.045 5.9943
2.9798 3.2885
3.7627 5.596
4.1657 3.5303
4.1767 6.0291
