10 -7.2 56.779
0.8 -8.4 9.8174
8 -5.2 33.222
-2 3.2 -2.0284
4.8 3.6 -18.111
-8.4 -5.2 -37.015
5.2 -8.4 42.271
-0.4 3.6 2.4602
-1.2 5.6 14.521
5.2 -3.6 9.1623
3.6 -0.8 -5.2923
7.2 5.2 -39.986
-7.2 6.8 48.134
-2 -2.4 -10.451
-2.8 0.4 1.812
3.2 -7.2 26.385
-0.4 0.4 -0.10888
6.4 2.8 -16.274
2.4 7.6 -6.4464
-2 -5.2 -0.52594
-8.8 -2.4 -14.781
-4.8 2.4 15.639
-7.6 1.6 9.5093
-4.4 -3.6 -9.0888
7.6 4 -30.007
-8 10 84.108
1.7764e-015 4.8 -4.5138
-3.2 -6 -7.1364
-1.2 -3.6 -2.9918
8.8 4.4 -40.819
6.8 -0.8 2.8624
1.7764e-015 8.8 8.3899
4 -8.4 30.698
-5.6 -4.8 -21.823
-7.2 4.4 34.369
-3.6 -3.2 -12.247
-0.4 -1.2 -6.8683
-2 6 13.339
6.8 2.8 -23.69
1.7764e-015 8 1.113
-8.4 6 44.919
-7.2 1.2 11.589
-0.4 7.2 16.068
-3.6 -2.8 -6.2954
-6.4 5.6 35.387
2 2 -0.80222
6.4 6 -38.762
9.6 -4.8 34.589
4 3.6 -14.948
-2.4 0.8 0.26124
6 4.8 -34.15
-0.8 -5.2 3.9632
-3.6 2 13.361
1.2 -8.4 22.651
1.6 1.2 -3.7761
2.4 -1.6 3.17
7.6 -8.8 62.062
4.4 0.4 -14.104
5.6 7.6 -33.541
-5.6 2.4 17.921
7.2 1.2 -20.017
0.4 -1.6 6.5918
8.8 10 -88.677
3.2 -4.8 13.776
-2 -7.2 -6.2445
-2.4 1.6 0.81937
-1.6 -4 -13.556
1.7764e-015 2.4 -2.3034
1.6 2.8 -6.4192
7.2 2 -17.552
0.4 -9.2 9.1291
-1.2 -1.6 -4.2502
9.6 0.4 -6.1648
5.2 -9.6 53.218
-8 -4 -23.977
-4.8 8.8 46.622
-2 1.7764e-015 -5.5614
5.6 5.6 -32.276
-4 9.6 46.444
5.6 1.2 -14.582
-0.4 1.6 -0.59476
3.2 2.4 -10.649
-1.6 -3.6 -1.8443
-3.6 -4.4 -9.0715
1.6 -2.8 6.5754
6.8 -8.4 52.612
7.2 6 -53.305
0.8 -8.8 16.161
2.8 2.4 -5.5561
2.4 -4.4 9.1904
4 -2 6.2059
-5.2 -8.8 -42.765
-1.2 4 14.082
-3.6 0.8 5.312
-9.2 -8 -66.037
6.4 -9.6 59.451
-5.6 0.8 1.9953
-1.6 -0.4 5.4335
10 5.2 -67.566
0.8 -2 -0.79824
