10 -7.2 56.779
0.8 -8.4 9.8174
8 -5.2 33.222
-2 3.2 -2.0284
4.8 3.6 -18.111
-8.4 -5.2 -37.015
5.2 -8.4 42.271
-0.4 3.6 2.4602
-1.2 5.6 14.521
5.2 -3.6 9.1623
3.6 -0.8 -5.2923
7.2 5.2 -39.986
-7.2 6.8 48.134
-2 -2.4 -10.451
-2.8 0.4 1.812
3.2 -7.2 26.385
-0.4 0.4 -0.10888
6.4 2.8 -16.274
2.4 7.6 -6.4464
-2 -5.2 -0.52594
-8.8 -2.4 -14.781
-4.8 2.4 15.639
-7.6 1.6 9.5093
-4.4 -3.6 -9.0888
7.6 4 -30.007
-8 10 84.108
1.7764e-015 4.8 -4.5138
-3.2 -6 -7.1364
-1.2 -3.6 -2.9918
8.8 4.4 -40.819
6.8 -0.8 2.8624
1.7764e-015 8.8 8.3899
4 -8.4 30.698
-5.6 -4.8 -21.823
-7.2 4.4 34.369
-3.6 -3.2 -12.247
-0.4 -1.2 -6.8683
-2 6 13.339
6.8 2.8 -23.69
1.7764e-015 8 1.113
-8.4 6 44.919
-7.2 1.2 11.589
-0.4 7.2 16.068
-3.6 -2.8 -6.2954
-6.4 5.6 35.387
2 2 -0.80222
6.4 6 -38.762
9.6 -4.8 34.589
4 3.6 -14.948
-2.4 0.8 0.26124
6 4.8 -34.15
-0.8 -5.2 3.9632
-3.6 2 13.361
1.2 -8.4 22.651
1.6 1.2 -3.7761
2.4 -1.6 3.17
7.6 -8.8 62.062
4.4 0.4 -14.104
5.6 7.6 -33.541
-5.6 2.4 17.921
7.2 1.2 -20.017
0.4 -1.6 6.5918
8.8 10 -88.677
3.2 -4.8 13.776
-2 -7.2 -6.2445
-2.4 1.6 0.81937
-1.6 -4 -13.556
1.7764e-015 2.4 -2.3034
1.6 2.8 -6.4192
7.2 2 -17.552
0.4 -9.2 9.1291
-1.2 -1.6 -4.2502
9.6 0.4 -6.1648
5.2 -9.6 53.218
-8 -4 -23.977
-4.8 8.8 46.622
-2 1.7764e-015 -5.5614
5.6 5.6 -32.276
-4 9.6 46.444
5.6 1.2 -14.582
-0.4 1.6 -0.59476
3.2 2.4 -10.649
-1.6 -3.6 -1.8443
-3.6 -4.4 -9.0715
1.6 -2.8 6.5754
6.8 -8.4 52.612
7.2 6 -53.305
0.8 -8.8 16.161
2.8 2.4 -5.5561
2.4 -4.4 9.1904
4 -2 6.2059
-5.2 -8.8 -42.765
-1.2 4 14.082
-3.6 0.8 5.312
-9.2 -8 -66.037
6.4 -9.6 59.451
-5.6 0.8 1.9953
-1.6 -0.4 5.4335
10 5.2 -67.566
0.8 -2 -0.79824
-4.8 2 6.3541
-3.2 10 29.997
-2 -4.8 -14.629
6 -4.8 27.342
-8.4 1.6 1.6072
7.2 -4.4 28.106
7.2 -5.2 36.352
-8.8 1.7764e-015 1.3564
-6 -5.2 -26.005
-3.6 4 20.648
-2.8 1.7764e-015 -1.0061
-3.6 -4.8 -16.403
7.2 -2 -6.0999
-2 -3.2 -7.3387
3.6 -2.8 6.3778
5.6 -0.4 -10.748
4.8 -6.4 33.345
5.2 -0.4 -5.7966
4.4 1.2 -11.773
-6.4 -0.8 -9.1304
-4.4 10 58.388
-5.2 -8.4 -38.954
6.8 -5.6 39.24
-7.6 -6.4 -45.321
-5.2 -2 -3.812
2 1.7764e-015 3.1747
3.2 6.8 -12.297
1.2 1.6 -4.908
-5.2 0.4 0.64129
1.7764e-015 9.6 7.4569
6.8 3.2 -33.551
9.6 -6.8 49.29
8.4 -1.2 -4.7974
4.4 -5.2 18.922
-0.8 -3.2 3.5158
-2.8 -1.2 4.2988
9.6 -1.6 0.60048
-3.6 8.8 34.558
5.2 -8.8 42.501
4 -8 28.679
-4 4.8 25.99
8.4 8 -69.076
-4 2 3.6857
-4.8 2.8 11.506
-7.2 -8.4 -50.839
-6.8 8.4 52.837
2.8 5.2 -11.335
-4.8 9.6 50.467
-7.6 2 16.366
8.4 4.4 -44.123
0.4 10 9.3978
2 1.2 2.9821
-3.2 -5.6 -11.614
1.6 2 -8.9857
7.2 10 -62.205
-4.4 2 10.659
-1.2 -6 5.6257
2 4.4 -8.8628
-4.4 9.6 44.327
-9.2 1.2 4.8788
-9.6 1.2 0.35285
-9.2 -2 -26.975
4.8 6.4 -25.373
4.8 -0.4 -8.1053
10 6.8 -67.4
-7.6 7.6 58.45
4.4 -7.2 37.075
-8.8 6 58.888
1.7764e-015 -8.4 8.4249
-2 7.6 19.966
1.7764e-015 10 1.65
4 1.2 -8.887
5.2 5.2 -29.438
-6.4 -3.2 -13.869
-8.4 2.4 10.742
6.8 -8.8 60.331
3.2 -2.4 5.1303
-9.2 -9.6 -68.994
6 -5.2 25.182
2 4 -11.745
-5.6 -6.8 -34.002
7.6 -4 17.465
8.8 -5.6 40.088
9.6 2 -26.863
-8.8 -1.2 -10.764
-2.4 2.4 14.737
-3.6 -2 -9.9217
1.6 -9.6 30.637
-4 -4 -17.373
-8.8 9.6 78.658
-2.8 -4.8 -7.7788
2.8 6.8 -7.8162
2.8 6.4 -14.634
-7.6 -3.2 -24.561
-6.4 8 45.846
-7.2 10 77.013
-1.6 8.4 27.324
-2 2.8 3.9293
-8.8 2.8 18.774
-4 3.2 22.956
-6.4 -7.6 -35.332
8.4 -3.6 17.096
-6.4 3.6 28.966
8.4 6 -46.967
-6.8 -6.4 -36.837
-6.4 -5.6 -29.35
4 -4.8 20.448
-4.8 -3.6 -20.809
7.2 -4 30.921
5.2 6.4 -32.539
0.4 -3.6 5.9651
-9.6 -6 -60.289
-1.6 -2 -5.5101
8.4 4.8 -50.778
-4.4 1.2 3.621
-0.8 2.4 -2.5606
8.8 -4 35.827
5.6 3.6 -25.221
4 6.4 -19.955
8.4 1.6 -27.465
-8 -1.6 -12.392
-6.8 1.2 -1.005
-6.4 -1.6 -7.9824
-3.6 -6.4 -11.168
3.6 -0.4 -0.1932
-6.8 -7.6 -49.122
0.4 -5.2 11.502
8 6 -43.226
-4.4 1.7764e-015 -0.97764
6 2.8 -7.6093
-7.2 -2.4 -23.62
3.6 2 -19.103
-5.6 -1.6 -3.3201
3.2 0.4 1.6226
0.8 5.6 11.176
-1.2 4.4 9.7882
-5.6 -1.2 -7.996
-9.6 4 32.875
3.6 1.7764e-015 5.7226
-3.2 7.2 26.958
5.6 4.4 -18.213
6.8 6.8 -35.491
-2.8 -0.4 -2.9686
-7.2 -8.8 -51.123
9.6 5.2 -55.1
3.6 6 -11.207
-5.2 -1.2 -12.059
-0.4 -7.6 4.2083
-8 3.2 21.311
-5.6 -0.8 2.4068
-1.6 0.8 4.3934
9.6 6 -66.985
-6.8 6.8 45.749
10 -6.8 58.639
-2.4 -5.2 -15.777
4 -6.4 24.45
-2.8 3.6 13.221
-9.2 -1.2 -16.372
5.6 -2.8 12.68
-6 9.2 66.481
-9.2 -3.2 -28.773
-1.6 0.4 0.25001
6.8 -4.4 25.044
-7.2 -9.2 -52.581
0.4 0.8 -0.41248
0.4 -6.4 15.552
-4.4 -7.2 -27.621
2 6 -15.126
6.4 2 -16.425
-0.4 -5.2 0.92876
-8 9.2 74.041
-1.2 2 4.6195
4.4 8 -22.902
-4.4 -4.8 -20.032
3.6 -9.6 45.292
0.4 0.4 0.069864
3.2 1.7764e-015 -0.46512
-5.2 10 56.663
4.4 4.8 -16.174
-4 8.4 34.85
-6 6 36.496
-3.2 3.2 -3.0992
-3.6 1.2 -0.71316
7.6 6.4 -49.799
6 3.6 -16.612
1.2 -1.6 -8.5036
-6.4 -8.4 -41.196
2.4 7.2 -13.88
5.2 -2.4 -1.066
7.6 -3.6 19.103
9.6 -8.8 79.416
-9.6 10 98.886
5.6 -6.8 34.059
8.4 2.8 -32.047
9.2 -4.4 30.757
-2.4 -4 -0.35158
2 -2 4.3364
8.8 -5.2 37.128
9.2 0.4 -6.1409
-0.8 3.6 4.482
1.2 8.8 -7.4026
6.8 8 -53.042
4.4 6.4 -40.936
-1.6 -2.4 -8.664
-2.4 -9.6 -12.669
0.4 -6.8 8.9171
5.6 -6 24.4
-7.2 3.2 20.383
-3.2 -4.4 -10.628
6 8.4 -44.316
7.2 1.7764e-015 -6.1714
1.7764e-015 7.2 6.0018
1.2 3.2 -2.2921
-0.4 8 3.8776
3.2 -5.6 16.805
2.4 4 -4.5372
-6.8 -2.8 -21.213
4.8 6 -26.386
4.8 -4.4 20.057
7.6 -2 6.6193
1.6 -4.8 12.586
3.6 -2 1.927
-9.6 -3.2 -36.688
9.6 -2.8 9.7025
5.2 -4.8 16.484
-1.2 7.2 4.057
3.2 -4.4 19.341
5.6 -1.6 10.256
7.6 0.4 -8.4828
6.8 4 -36.168
-5.6 5.2 27.353
-4.4 9.2 41.93
-9.2 -0.4 -8.0355
-3.6 9.6 49.596
2.4 -7.2 20.507
-6 -8.4 -38.882
-4.8 -0.8 0.37909
0.8 1.2 -2.1552
7.2 -0.4 -1.5632
8 -6.4 46.061
4.8 -1.6 8.1442
-4.4 -8 -26.343
-9.2 4.4 28.334
-0.8 8.4 11.554
6.8 0.8 -8.2842
-2.8 5.2 20.514
-2.4 -2.4 0.46609
-6 -6.4 -38.279
-9.2 -8.8 -67.266
-2.8 -8.8 -6.7111
-1.2 1.6 -1.1873
1.6 5.6 -10.285
-4 -2 -7.0948
-3.2 -7.2 -16.559
-1.2 6.4 14.091
-6.8 2 13.772
3.6 8.4 -25.954
8.8 -4.8 31.389
-8.8 -8.8 -67.936
-9.2 4 37.568
-6 9.6 62.7
7.2 7.2 -43.659
3.2 -9.2 41.454
-0.8 -7.2 7.091
-8 -5.2 -31.196
-8.4 -4.4 -35.306
-2 -7.6 -11.101
-2.4 4.4 10.483
10 -5.2 38.492
2 -2.4 2.1817
8 -3.6 20.302
-9.2 -5.2 -54.184
2 6.4 -6.0564
-7.6 3.6 19.682
-8.4 -2 -12.122
1.2 -0.8 -0.97532
9.2 2.4 -33.479
-3.6 1.7764e-015 -5.2156
-8.4 0.8 0.72332
8.8 3.2 -30.249
-2.8 -2.4 -3.8046
8.8 -6 53.22
-9.6 -4.8 -43.142
2.8 -4.4 12.235
-6.8 -0.8 -0.46561
6 4 -28.567
1.7764e-015 -2 1.9645
0.4 6 10.015
-2.8 0.8 3.7014
-0.8 6.8 12.497
-5.6 -5.2 -8.051
-2.4 3.6 5.707
-8.8 0.4 2.4814
-6.8 9.6 63.393
10 -1.6 -1.9137
-9.6 9.6 88.221
8.8 8.4 -70.006
-3.2 -6.4 -12.762
-5.2 -8 -33.308
3.2 -3.6 3.8016
-0.8 -9.6 2.5811
10 -0.4 -11.009
-6.8 8.8 53.855
0.4 -8.8 11.509
-8.4 1.7764e-015 -1.8556
-5.6 -4 -33.4
-4.8 6 30.111
-3.6 3.6 13.974
-8.4 -4 -29.736
2 3.6 -1.0572
8.4 -5.6 46.24
8.4 -2 14.385
-5.2 -5.6 -23.577
3.6 -6.8 20.845
-3.6 1.6 2.0175
0.4 3.6 5.9292
2.4 -0.8 1.4298
-6 -6.8 -29.78
0.4 1.7764e-015 -6.3118
-8.4 6.4 47.944
-9.2 7.2 60.578
8.4 -4 28.829
-4.4 8 33.142
-7.2 2 5.2453
6 -0.4 -4.3442
6 1.6 -16.236
1.6 -9.2 28.374
-2 4 14.918
2.4 0.4 7.3564
-1.6 -1.6 8.6453
1.2 -6.8 9.3649
-9.2 1.7764e-015 -6.0175
-3.6 -6.8 -16.38
-4 10 41.213
-2.4 8 25.827
3.6 -8.4 26.177
-6 7.2 50.926
-4 -8.4 -19.83
-4.4 2.8 19.396
5.2 8.8 -41.916
2.8 8.4 -13.461
-8.8 -2.8 -30.051
3.6 -1.6 -3.5614
7.6 9.6 -60.39
-9.6 -2.4 -27.102
-5.2 4.4 20.584
10 6 -64.991
-2 -6 -10.09
-7.6 10 77.322
8.8 8.8 -66.243
2 3.2 -14.091
-8.4 -3.6 -35.581
-2.4 -1.2 -1.3286
-7.6 8.4 57.326
-1.6 -8.8 -1.849
-4 1.6 7.6592
9.6 3.2 -48.304
8.8 -0.4 -5.9793
3.2 -6.8 28.517
6 8.8 -61.476
3.6 -4 12.202
9.6 -1.2 8.0695
1.2 6 -7.8694
-9.6 -2 -14.105
2 -1.6 -2.7416
-7.2 -0.8 -1.922
4 1.6 -13.58
-2.8 -1.6 -13.482
6 -3.2 6.6858
-7.6 6 51.515
7.2 -9.2 68.519
9.6 -8.4 60.57
-3.6 5.2 25.236
-8.4 -8.8 -65.165
-5.6 2 11.084
7.2 -6 38.753
-7.2 -9.6 -54.076
3.6 -5.6 22.148
-8.8 2.4 10.935
6.4 10 -58.261
-4.4 -6 -20.986
-2.4 -7.2 -11.28
-4 5.6 25.35
8 -0.8 -1.5526
-9.6 -3.6 -33.224
8 2 -24.974
1.2 7.6 0.46876
-6.4 -9.2 -54.316
7.2 0.8 -21.177
-7.2 2.8 19.021
8 5.6 -51.419
-2.4 4.8 17.201
-7.2 -7.2 -46.82
-8.8 2 12.218
-6 0.8 -0.34444
-2 0.4 5.9341
-8.4 -6 -51.401
-4.8 4.4 23.085
-6 3.6 15.487
-6 -5.6 -32.099
8 -7.2 53.513
-5.6 -2.4 -12.792
-2 8.8 21.109
9.2 1.6 -28.913
-9.6 2.8 19.686
-7.2 3.6 23.566
9.2 -9.2 78.671
-3.2 4 6.7408
10 -2.4 17.451
9.2 -1.2 8.7505
-8.4 -4.8 -39.113
6.4 6.8 -43.265
-8 -6.4 -39.054
8 9.2 -66.009
-0.8 -7.6 3.7043
0.8 3.6 -6.8728
1.2 10 -3.2781
1.6 1.6 0.28356
-8 -8.4 -52.782
8 7.2 -44.643
6.8 -5.2 22.463
6 -8.8 52.778
-5.2 1.7764e-015 0.39499
6.8 6 -34.775
7.2 2.8 -21.183
-9.6 6.4 53.996
3.6 9.6 -31.431
-2 -5.6 -1.4063
-9.2 6.4 49.849
1.6 4.8 -10.805
7.6 4.8 -44.679
9.2 4.8 -60.182
-9.2 -6.4 -61.737
8 -8.4 54.2
-1.2 -9.2 -0.83605
1.7764e-015 2 -1.2961
6.4 4.8 -26.559
9.6 8.4 -76.8
-1.6 -8 -5.9861
0.8 6.8 -1.3234
-3.2 7.6 24.049
6.8 -9.2 67.512
-2.8 2.8 9.6861
-5.2 -6.8 -24.946
8.4 -2.8 15.286
-1.6 -4.4 -6.1319
-2 3.6 8.8096
2 -4.4 18.532
-5.2 -7.6 -24.641
-2.4 -4.8 -10.774
-4 4.4 26.836
-6 6.4 36.519
-9.6 -9.6 -86.102
-4 -6.4 -25.113
1.6 -1.6 -0.91375
1.6 4.4 -5.3049
7.6 -6.8 41.69
3.6 -6 25.378
5.2 2.8 -15.232
2.4 5.2 -7.2073
-4 5.2 16.413
6 6 -36.909
-6 -1.2 -5.4262
-2.4 -6.4 -16.687
-2 0.8 2.2413
0.4 2.8 3.8356
-7.6 -4.4 -33.631
-4.8 0.8 2.9551
8 -2.8 12.281
-9.6 3.2 19.413
6.4 8.8 -43.557
-9.6 6 55.96
1.2 -9.6 22.106
-8.8 1.6 16.161
3.6 -8.8 31.987
10 4.8 -50.209
2 -5.6 14.584
-7.2 8.8 60.07
10 9.6 -91.283
7.2 3.6 -37.885
6.4 -7.2 48.529
3.2 -0.8 -3.3604
1.2 -3.6 8.1561
7.2 -7.2 48.802
3.2 6.4 -15.274
4.4 -2.4 15.116
-4.8 8.4 35.462
1.7764e-015 6.4 0.77639
-8.8 7.2 60.86
2.8 10 -7.2545
-6 7.6 43.724
-8.4 6.8 53.868
-4 -1.6 6.062
-0.4 -8.4 1.3702
-4.4 -6.8 -15.618
4.8 -3.6 15.945
3.6 0.4 0.14145
-3.2 8 31.023
3.2 0.8 -13.216
9.6 -3.6 27.531
-9.6 -8 -70.629
1.7764e-015 -8 5.0232
2 0.8 -6.9779
-8.8 -1.6 -21.81
3.2 -9.6 43.661
10 2.8 -32.152
-0.8 0.4 2.6038
-2.4 9.2 30.314
7.6 10 -63.189
-9.6 -6.8 -65.725
0.4 -2 -0.49303
7.6 5.2 -41.153
6.8 -9.6 65.298
-4.4 -2.8 -11.096
9.6 -9.2 69.156
5.2 -6.8 34.508
-5.6 -3.6 -10.067
-1.6 -3.2 5.5487
1.2 -9.2 21.689
-5.2 2.8 3.5358
8.8 6.8 -61.026
-3.2 4.8 18.335
-5.2 -4 -11.157
10 -2 8.7644
-2 5.2 13.026
0.4 9.2 6.4716
-9.2 8.4 81.952
-1.6 -6.4 -1.2074
-8 4 24.302
-6.8 2.8 10.713
-5.6 9.2 47.861
-8.8 -4.8 -46.752
-2.8 -8.4 -11.855
-8.4 -9.6 -68.501
4.4 5.2 -18.317
7.6 -2.4 7.6028
7.2 -6.4 47.618
-0.4 5.2 -1.0197
7.6 2 -21.335
1.6 -8.4 19.569
-5.2 8 47.721
4.4 4 -17.726
1.7764e-015 -0.8 5.34
-4.4 -0.4 2.3818
-5.2 1.2 3.2799
1.7764e-015 -6 -2.5343
-6.4 -4.4 -21.917
6.8 -3.2 15.819
2.4 10 -14.637
5.2 0.4 3.0305
6.8 5.2 -42.588
-1.2 -1.2 -6.4081
9.2 -8.8 83.987
2.4 -6.4 21.171
2.8 4.4 -10.545
8.8 2.8 -39.126
1.7764e-015 -1.2 2.9414
3.2 -8.8 35.553
-4.4 -8.4 -24.302
0.8 -6 15.06
-8 -3.2 -29.185
-7.2 -4 -28.957
-0.8 10 13.083
-6 -1.6 -4.8925
-8.4 1.2 6.2794
8.8 5.6 -56.386
8 -6.8 46.567
0.8 1.6 5.9041
-9.2 5.2 34.351
-0.8 -0.8 2.8985
-6 -7.2 -39.968
0.8 -9.2 6.6601
10 -8.4 83.942
8 -2.4 4.1776
-4 -5.2 -13.606
3.2 -4 10.612
-7.6 -5.6 -44.93
-0.8 8.8 14.994
4.4 -9.2 45.102
6.4 -6.4 41.736
9.2 -6.8 65.13
-7.2 -8 -42.969
-3.6 9.2 38.54
-6.8 6.4 44.738
5.2 1.2 -3.4086
6 7.6 -42.83
-5.2 6.4 40.084
-1.2 -0.8 1.2775
-9.6 0.8 -2.006
7.6 2.4 -26.918
-0.4 -0.4 -11.616
8.8 -8 69.589
-0.8 9.6 14.221
5.2 8.4 -34.706
-2.8 -5.2 -13.316
8.4 -9.6 83.809
8.4 3.6 -33.253
4 2.8 -10.663
0.4 2 -13.02
-4.4 8.4 38.456
-3.2 6.8 20.139
0.8 8 -1.0705
2 -4.8 20.057
-5.6 -8.4 -34.205
-2 6.4 14.264
-5.6 8.4 46.304
8.4 10 -80.56
10 -4.8 42.111
4.8 -5.2 26.646
-0.8 -1.6 -3.6644
5.2 -4.4 18.151
-6 0.4 2.491
2.8 -6.8 21.097
3.6 0.8 -7.8954
1.7764e-015 0.8 1.3823
-6.8 0.8 -0.28383
9.2 4 -40.618
0.4 -9.6 4.6098
-9.6 -4 -45.447
7.6 1.7764e-015 -7.8237
-9.6 -1.6 -27.335
-5.2 5.6 27.693
1.2 -2.4 4.1649
4.4 -0.4 -6.4075
-6 -2.4 -6.65
1.6 3.2 -0.35025
-0.4 -3.6 1.7799
2 -3.6 6.0068
1.6 -0.8 5.2351
-6 3.2 9.8459
-2.4 1.2 -1.6957
10 1.2 -22.17
-6 -4.8 -30.54
1.6 7.2 4.2026
7.6 -4.4 22.489
-0.4 6.4 9.0781
-2.8 2.4 6.6146
5.6 2.4 -14.828
1.2 -8.8 17.845
6.8 -4 18.832
4.8 9.6 -35.679
4.8 -7.2 37.927
-1.2 -9.6 2.5329
10 6.4 -56.821
6.4 4 -19.473
-4 -5.6 -15.384
-4.4 7.6 32.047
0.4 -7.6 6.5528
-8 4.4 33.381
3.6 -1.2 2.8717
-2.4 -8.8 -8.935
6.8 8.4 -43.635
5.6 -3.6 5.9695
-9.2 -7.2 -62.213
2 2.4 -8.1392
8 5.2 -44.262
-2 7.2 22.631
6 2 -19.689
8.4 -8.4 61.244
-5.6 1.2 6.4649
-6.8 -8.4 -51.276
-8.4 -1.6 -13.733
-6.4 0.4 0.36529
-8.8 -0.4 -9.4772
-1.6 -1.2 -4.4583
-4 1.7764e-015 -4.8193
-4 8 36.094
7.6 -2.8 10.313
6 -6.4 42.125
0.8 6 4.1389
-8.4 -2.8 -29.544
1.2 -7.6 12.645
-8.8 -5.6 -51.184
-3.2 -7.6 -18.149
6.4 -5.6 29.254
-0.8 1.2 3.8247
-8.8 4.8 44.408
3.2 -2.8 10.864
4.4 7.2 -34.913
-5.6 7.6 45.25
1.6 7.6 -15.603
-9.6 7.6 64.673
-1.2 1.7764e-015 -5.5921
8.8 0.8 -8.5317
-2.4 6.8 25.617
0.8 4.8 -6.1424
-1.6 3.6 12.623
1.7764e-015 -7.2 3.987
0.4 -3.2 0.7704
-2.4 7.2 18.652
-8.8 -7.2 -58.944
-7.2 7.2 58.582
9.2 10 -89.282
4 9.2 -25.155
-9.2 9.6 86.207
1.6 -3.6 2.4151
-5.6 4.8 21.493
4 2 -4.1545
-1.6 -4.8 0.084276
-9.6 1.7764e-015 -11.01
8.4 -6.4 46.225
4.8 -9.2 50.058
-7.2 -1.6 -12.575
4.4 -8 44.961
1.6 3.6 4.2998
4 2.4 -10.342
-8.4 -0.4 -5.5408
-3.2 3.6 7.7607
-7.6 6.8 42.773
-1.6 7.2 19.531
1.2 1.7764e-015 -1.8822
5.6 3.2 -21.3
4 0.4 3.5127
-0.8 -3.6 0.4686
-4.8 -7.2 -29.56
-0.4 -3.2 8.8996
-8 -2 -12.935
2.4 -6.8 21.412
5.6 9.6 -45.31
10 7.6 -79.715
5.6 -7.2 33.869
-6.8 -2.4 -11.978
3.2 4.8 -19.015
1.6 -4.4 5.3068
0.4 8.4 -0.80713
2.8 -0.4 1.2966
-7.6 -0.4 -1.1531
10 -7.6 68.332
0.8 2.4 5.1157
6.8 4.4 -34.832
3.6 3.6 -11.319
-6.8 7.2 44.733
2.4 -4.8 8.4739
5.6 -5.2 31.577
-8 0.4 3.0646
7.2 9.2 -54.79
-8.4 2.8 26.778
4.4 3.6 -15.272
-2.8 8.8 26.634
-6.4 -6 -40.43
-5.6 -7.6 -38.043
4.8 -0.8 4.0051
-8.4 9.2 76.124
-6 -7.6 -45.21
4 5.6 -13.216
-6.4 9.6 62.57
7.2 -8.8 66.806
4.8 10 -45.06
9.2 -0.4 5.5125
6 -6 26.8
-0.8 4 -6.9263
1.6 -7.2 9.5905
-8 7.6 53.555
-8.4 3.2 24.211
1.7764e-015 -4.8 9.9166
-2 2 4.4445
-7.6 -2.8 -20.806
2 -0.8 -1.7194
-6.4 -6.8 -36.702
-5.2 1.6 0.90494
-8 -6 -39.828
4 9.6 -34.237
7.6 3.6 -31.877
-0.4 2.8 -3.9703
2.8 -5.2 24.261
-6 1.2 10.707
-7.2 1.7764e-015 4.0063
-0.8 -4 6.5962
9.6 -4.4 27.154
8 -2 15.886
-0.8 1.7764e-015 -0.20237
5.2 6.8 -35.18
7.6 8.8 -62.592
6.4 -6.8 39.831
-2.8 1.2 2.3962
-4.4 3.2 17.652
-6.8 -7.2 -49.173
4 0.8 -11.972
5.6 -1.2 -0.22618
-3.6 7.6 30.612
5.6 0.8 -12.206
0.4 -2.8 4.0476
-6.8 8 42.118
-4.4 -2 -6.9785
4.4 -6 20.722
-4.8 -1.2 -9.4249
-9.6 2.4 12.787
2.4 -3.6 10.027
8 8 -55.382
3.2 4.4 -8.3962
-8.8 10 87.343
2.4 8.8 -11.83
-9.6 -7.6 -68.046
-5.2 -6 -25.772
-1.2 -6.8 3.9846
8.4 -3.2 25.477
-2.4 -0.4 -1.8422
-8 -2.4 -19.782
10 -9.6 90.166
7.6 7.6 -55.242
-6.4 9.2 58.345
-4.8 10 51.689
3.2 10 -19.573
2.4 2 -6.3623
-4.8 1.2 7.8512
8.4 1.2 -26.152
0.8 -2.8 -1.5007
-8.8 1.2 11.608
8.8 -4.4 27.59
8 8.8 -71.988
0.4 7.6 3.4475
4.8 -6 14.832
3.2 1.2 -2.9644
-0.4 -6 6.1008
7.2 6.8 -55.202
2.8 -4 3.5231
7.2 -3.2 16.995
-8.8 8.4 74.916
5.6 -7.6 44.703
-6.8 -4 -24.536
6.8 7.2 -43.137
7.6 -0.8 -8.8295
-1.6 2.8 -4.7688
2.4 -9.6 44.165
-9.6 6.8 59.279
6.8 -6.4 48.317
-4 3.6 24.707
-8 -3.6 -25.748
6 5.2 -31.362
4.8 -8.8 55.331
7.6 -7.6 45.644
6.8 1.2 -14.132
4.4 -4.4 25.713
4.4 -8.8 45.472
8.8 7.2 -61.417
-8.8 0.8 -4.0194
-2 9.2 24.201
1.2 -3.2 -1.6024
7.6 7.2 -61.636
2.8 -4.8 7.4935
9.2 5.6 -51.383
8.8 4 -54.154
0.4 1.2 2.9044
-8.4 -5.6 -44.983
-9.2 3.6 27.01
-9.6 2 16.285
-0.4 -5.6 -7.3669
-2.4 1.7764e-015 -5.0212
7.2 1.6 -16.557
4 -4 16.229
-8.8 -8.4 -66.11
8 -8.8 60.771
7.6 -1.6 5.5138
-9.2 -4.8 -47.308
6.8 -1.2 0.88596
7.2 6.4 -46.992
3.2 -2 1.1424
-3.6 -9.6 -16.612
6.4 -4.4 25.782
-1.6 -5.6 -10.224
-6.8 -4.4 -21.423
-3.6 -9.2 -24.216
1.7764e-015 1.2 -2.9615
2 -8 16.107
-5.2 -3.2 -10.28
4.4 -0.8 0.70971
-5.2 -0.8 -4.4561
-0.4 -2.4 1.9136
-9.2 6 45.743
-5.6 10 54.558
-8 5.6 41.45
-8 5.2 38.88
0.8 4.4 -1.3812
6 -0.8 4.1812
-1.2 5.2 5.9631
-2 -8 -9.3144
2 -7.6 18.45
-6.4 1.6 -4.5256
-1.6 -7.2 -1.6254
-8.4 -0.8 -8.048
10 7.2 -73.738
1.2 0.8 2.7508
-1.2 3.6 17.104
-5.2 -2.8 -12.743
9.2 0.8 -9.1985
-4.8 -0.4 -4.5618
-7.6 -8.4 -48.395
-5.6 6 33.587
-1.6 -9.6 0.11166
-6.4 4 22.981
-8.8 9.2 79.136
-2 -2.8 1.176
-4 0.4 5.4292
-2.4 8.4 22.647
-2.4 -5.6 -13.265
5.2 1.6 -12.853
-2.4 -4.4 -8.8677
-1.2 8.8 20.811
7.6 -6 31.343
2.4 8.4 -17.669
-9.6 8 69.294
6.8 -6 36.485
-3.2 -6.8 -8.2796
-8.8 -7.6 -57.068
2.8 3.6 -7.9138
4.4 -6.4 20.312
-6.8 -6 -31.721
3.6 -4.8 20.846
-2.8 9.6 35.538
8.8 -0.8 -5.5174
-3.6 -8.4 -26.364
-3.6 6.4 16.2
0.8 4 3.7204
4 8.4 -30.935
8.8 -7.6 61.443
-9.2 0.4 -0.13807
8 2.8 -28.843
1.7764e-015 -8.8 2.8262
0.8 7.2 -2.8729
2.8 0.8 0.68623
8.4 -9.2 79.753
-7.2 4.8 33.609
-3.2 -4 -9.9771
-7.2 5.2 39.907
-6.8 1.6 10.812
4 -6.8 31.44
9.6 -5.2 36.518
5.2 3.6 -21.573
-9.6 7.2 68.824
2.8 6 -13.851
1.7764e-015 7.6 8.8057
2.4 9.6 -15.32
-4.4 -9.2 -29.68
-2.8 -9.6 -9.4014
-0.8 7.2 13.573
4.8 3.2 -25.107
8.4 3.2 -30.872
6.8 2.4 -21.931
7.2 5.6 -41.293
1.2 4.8 -2.3378
6 7.2 -44.117
-7.2 -4.8 -25.892
4.8 5.6 -31.366
-1.6 8.8 25.03
0.8 -4.4 2.7945
5.6 6.4 -34.37
-4.8 -7.6 -28.618
4 4.4 -9.2003
4.8 9.2 -33.309
8 -5.6 40.771
5.6 0.4 -3.8264
4 7.2 -17.059
5.6 -4.8 20.224
-0.4 -0.8 -1.5877
-9.6 5.2 43.36
-4 6.8 40.504
-9.6 -7.2 -69.988
-8 -2.8 -20.841
1.2 5.6 -6.9128
1.6 9.2 0.22282
-2 10 30.052
5.2 -1.6 -2.1747
1.6 -0.4 6.315
-9.2 10 96.305
-3.6 -0.4 -4.5744
3.2 -1.2 0.33892
0.4 -4 7.7815
1.2 4 -4.0936
1.6 -6.4 14.795
2 -6.4 22.401
-2.8 6.4 15.44
4.8 7.2 -32.491
-0.4 1.7764e-015 4.6427
-8 -8.8 -61.699
0.4 -7.2 9.3027
8.8 -1.2 0.47412
-6.4 4.4 22.92
0.8 1.7764e-015 5.4733
-4 4 16.998
4 -9.2 41.575
0.8 9.6 -5.6274
-5.6 4 20.748
0.8 -1.6 -2.7439
-2 2.4 9.5937
-6 -8 -40.511
6.4 -3.6 17.216
9.2 -6 47.849
6.4 -6 28.178
6.8 2 -14.802
4.8 -8 38.886
-4.4 -4 -17.471
3.6 9.2 -23.688
-6.8 -3.2 -21.198
6.8 8.8 -56.297
5.2 -5.6 25.588
5.6 8.4 -47.916
-9.6 1.6 7.5571
-0.8 -6 2.8983
8.4 1.7764e-015 -10.825
6.4 6.4 -39.346
-8.4 8 66.505
-5.2 6 31.678
6.4 5.6 -34.823
4.8 -9.6 48.495
-6.4 6.8 44.236
-8.4 5.2 36.072
8 -9.6 79.317
-9.2 -2.4 -24.351
4.4 1.6 -4.0848
-5.2 8.8 49.069
-5.2 -0.4 -2.1111
-5.2 2 12.178
-5.6 -8 -31.177
-6.4 -2.8 -19.911
8 1.2 -14.056
3.2 5.6 -12.79
0.4 -8.4 12.843
-1.2 -5.2 1.4794
4.4 4.4 -26.541
-5.2 4.8 21.986
7.6 -5.6 38.785
-0.4 -9.2 3.1242
1.7764e-015 -2.8 -1.9005
-3.6 -7.6 -18.104
6.4 4.4 -31.976
10 1.7764e-015 -8.7048
-4.8 3.6 23.018
7.6 -8.4 68.189
-4.8 0.4 -0.3438
4 -5.6 31.249
6 -6.8 37.164
-1.6 9.6 30.361
6.4 9.2 -45.075
2.4 9.2 -10.935
0.8 -2.4 6.4327
-4.4 1.6 0.77828
4.4 1.7764e-015 2.5355
4 4 -11.2
3.2 -0.4 4.0298
-4 -3.2 -19.402
1.6 -4 0.79251
0.8 -0.8 1.2399
-8.4 -6.4 -45.76
5.6 6.8 -35.568
8 1.6 -21.714
1.2 -5.6 11.7
6.4 1.7764e-015 -7.2132
-8 1.2 -1.2264
0.8 -5.6 12.795
9.6 5.6 -59.15
-9.6 9.2 84.826
6.8 3.6 -14.981
1.2 4.4 7.3457
-9.6 -4.4 -47.838
-9.2 -4 -44.652
8 -4 26.09
8 3.6 -29.539
-1.6 7.6 13.714
6 9.6 -46.811
9.2 7.6 -65.193
-9.2 -4.4 -47.005
-7.2 -3.6 -28.285
4.4 -9.6 44.458
3.2 9.2 -26.579
-4 7.2 28.668
-4.4 0.8 0.48847
5.2 -5.2 32.133
4.4 6.8 -24.079
-4 -3.6 -3.6313
-9.2 5.6 49.269
5.6 9.2 -54.213
8.8 9.6 -80.842
-7.6 -9.2 -51.687
-1.6 -7.6 -9.6469
8.4 4 -40.159
5.2 6 -26.219
6 2.4 -14.816
1.7764e-015 -6.4 9.3429
2 6.8 -1.8093
8.4 0.4 -1.3197
-6 -2 -20.365
-4 -4.4 -13.039
10 8.4 -71.964
-4.4 -6.4 -24.473
1.7764e-015 6.8 6.0342
-5.2 -5.2 -25.546
1.6 -3.2 3.5643
0.8 -7.2 9.1581
-4 -8 -23.371
1.2 -0.4 -3.5612
-8 -4.8 -32.622
8.4 0.8 -11.141
-6.4 8.4 49.294
4.4 5.6 -23.111
-7.6 4.4 29.58
-7.6 -4 -27.588
5.6 4.8 -30.486
7.6 -3.2 5.7437
1.7764e-015 -1.6 6.1947
-2.4 -7.6 -4.3578
-6 8.4 56.79
-3.6 -0.8 -0.96923
-6.4 -2 -17.208
-3.2 -8 -15.221
-6.8 0.4 -7.3439
-5.2 2.4 6.0701
2 -6 17.635
0.8 0.8 -0.85064
-2 5.6 9.9103
8.8 -3.2 22.867
5.6 -5.6 32.944
-0.4 -4.4 -6.2754
6.4 2.4 -17.176
-4.4 6 28.04
3.6 4.8 -8.0459
-0.8 4.8 2.5272
-7.6 5.2 30.797
-1.2 4.8 -2.9304
0.8 8.4 -3.6855
-7.2 9.6 68.521
-5.2 -6.4 -20.227
2.4 -8 20.425
-6.8 -4.8 -30.298
-6.8 3.6 22.076
2.4 1.6 -3.4129
6.8 -2.4 4.5
9.2 4.4 -56.787
10 0.8 -18.585
-3.6 2.4 15.063
-6.4 3.2 19.347
5.2 7.6 -34.559
-0.4 0.8 2.3987
-0.8 -4.4 -7.8208
-7.6 6.4 48.087
-5.2 -4.8 -23.194
4.4 9.2 -39.966
5.6 -2 9.2207
8 0.4 -23.983
-5.6 -4.4 -18.349
-3.2 1.7764e-015 2.4411
-3.2 -2 -8.7608
-6.4 7.2 44.325
-2 -6.4 0.88442
3.2 4 -12.213
2.8 7.2 -14.269
-8.8 -6.4 -47.655
-2 8 18.844
4.4 -3.6 5.7889
-4 -6.8 -12.237
-3.6 5.6 26.451
-5.6 0.4 1.6319
4.8 7.6 -32.886
6 -8.4 56.783
2 -9.6 25.477
2 9.2 -10.681
-2 -1.6 0.092857
-6.8 -8.8 -44.756
9.6 -5.6 47.339
1.7764e-015 3.2 5.7815
2 8 0.35877
-3.6 0.4 1.8565
2.8 5.6 -6.8783
8.4 5.2 -48.478
0.4 9.6 11.235
-9.6 -0.8 -4.9758
5.2 4.8 -26.006
0.4 -0.8 1.2546
-6.4 -0.4 -7.5889
-8.4 -7.6 -53.27
9.6 2.4 -36.979
-5.6 3.6 13.02
2.4 6 -12.969
5.6 -9.6 50.37
-5.2 -1.6 -18.109
6.8 9.6 -60.698
-5.2 3.6 13.462
9.6 4.4 -45.8
4.4 0.8 -7.1579
-6.4 2.8 18.329
1.6 6.4 -11.7
-9.2 3.2 31.291
9.6 4 -49.002
7.2 -1.6 -3.914
-2.4 9.6 37.37
4.8 8 -39.179
5.6 2.8 -14.003
9.2 3.2 -34.384
-1.6 4.4 9.0728
-0.8 -8.4 5.5158
-5.6 -9.2 -42.324
-3.6 6 16.071
7.6 3.2 -26.359
-6 -4.4 -22.653
8.4 -7.2 48.421
3.6 -3.2 14.391
-9.2 8.8 81.089
-9.2 -3.6 -34.317
-4.8 -6 -23.18
-1.6 5.2 6.9436
-7.2 1.6 7.068
-8.8 7.6 61.374
6.4 8.4 -44.319
2 -5.2 13.17
-9.2 9.2 71.788
-7.6 -6.8 -43.845
5.6 -8 50.7
9.6 1.2 -16.119
-6.8 4 30.157
7.2 -5.6 29.441
-3.2 8.8 31.744
4 -0.8 -4.67
-1.2 -8.4 -4.7466
3.2 -6.4 19.55
1.7764e-015 5.6 -2.0809
6.4 -4.8 25.787
7.6 -9.2 76.922
1.2 -4.8 8.6705
6 6.4 -27.5
1.7764e-015 9.2 5.1306
-1.6 4 13.478
-0.4 10 11.082
-6.4 -5.2 -32.857
2.8 2.8 -10.705
-9.2 -0.8 -18.647
-2.8 -7.6 -13.168
9.2 -2 8.1551
-1.2 -2.4 -8.8824
3.2 6 -13.784
-2.4 -6.8 -13.139
4.8 -3.2 24.114
-3.2 -1.2 -5.659
-2.8 5.6 17.671
-9.2 -5.6 -42.711
-2.8 -7.2 -11.819
2.8 1.2 -6.8833
-8.8 5.2 43.969
-7.6 0.8 7.0307
-5.6 2.8 21.73
3.6 2.8 -6.4939
6.4 -2.4 12.8
0.8 3.2 4.9612
2 0.4 -2.003
-1.2 -4.8 -1.5452
10 -0.8 -5.2963
2 9.6 -0.50529
8.8 6 -50.315
4.4 2.4 -5.718
-8 -4.4 -27.739
5.2 2.4 -12.086
6 -9.2 53.987
8.8 -8.4 69.134
-9.6 -5.2 -47.025
6 -1.6 7.3268
8 3.2 -32.035
-6 8.8 60.215
-0.8 7.6 9.4408
-0.4 9.2 13.136
9.2 -4 29.563
-2 9.6 23.271
9.6 -0.8 -2.0135
2.8 -6 23.281
-5.6 -2 -9.6236
-6 10 71.189
-6.4 -4.8 -29.908
-2.8 3.2 7.6767
-7.6 2.8 21.875
-3.6 2.8 11.46
9.6 7.6 -74.014
1.2 -5.2 14.488
7.6 2.8 -29.475
2.8 -3.2 10.902
6.8 -8 44.54
6 -5.6 38.599
4.4 -4 15.283
-9.2 2 12.471
2.8 -6.4 27.439
-0.4 8.4 8.0003
-7.6 9.6 72.054
-2.8 10 42.104
0.4 3.2 1.8717
-4.8 5.2 25.921
6.8 7.6 -47.356
-3.2 6 21.634
-4.8 -6.4 -18.088
-3.6 -6 -19.035
1.6 0.8 2.6587
0.8 -7.6 13.351
-8 6 43.01
3.6 -2.4 4.2539
4.4 -8.4 45.859
6.4 -0.8 -5.6666
2 4.8 -15.113
-4.8 -5.6 -28.403
-8.8 -9.6 -66.028
-6.4 2.4 17.795
-1.2 1.2 3.8011
-2 8.4 27.379
5.2 -9.2 60.875
-4.4 4 23.502
-6.8 -0.4 -11.26
0.4 -8 12.246
0.4 4.4 4.0247
-9.6 -8.8 -80.256
-2 -0.8 -4.2138
8.4 7.6 -60.562
-8.8 4.4 34.176
-7.6 -7.2 -52.744
6.8 9.2 -54.798
-8 9.6 78.732
5.2 5.6 -31.313
-1.6 8 17.649
2.4 5.6 -15.971
-7.2 -5.6 -32.981
-0.4 -4.8 2.848
1.6 -5.2 7.0793
4 -1.6 9.9806
-8.4 8.8 72.489
0.4 5.2 -3.7582
-4.8 -8.4 -35.239
8 4.8 -41.363
3.2 -8 16.838
-7.6 0.4 -1.0258
-0.8 5.6 8.4571
-2.8 9.2 31.815
-3.6 10 43.357
4.8 -2 7.0557
-3.6 -5.2 -13.288
0.8 8.8 2.5608
6 -7.6 45.355
-8.4 7.2 53.823
6 1.2 -9.764
2.4 -8.4 17.629
-7.2 7.6 57.966
6 -4.4 12.484
5.6 -4.4 19.298
-8 -9.2 -65.239
8 9.6 -74.474
-8.8 5.6 45.433
-9.6 8.8 74.546
3.2 8 -22.281
9.2 8.8 -75.953
8.8 1.6 -17.966
4.4 3.2 -18.407
-5.6 4.4 25.331
-3.6 4.8 6.8464
-5.2 -2.4 -13.899
5.6 -3.2 7.2663
-8.4 -8.4 -61.395
2.8 -9.2 36.694
-2.8 4.8 19.198
7.2 0.4 -14.256
-0.4 -2 6.5896
-6.4 2 9.1972
1.6 -6.8 12.388
8 -4.4 33.849
4.8 -2.8 10.009
8.8 5.2 -51.037
-1.2 -4 -14.072
-0.4 2.4 -6.2498
7.2 -0.8 -14.464
1.6 0.4 -0.67118
0.8 10 -1.9526
3.2 -8.4 27.052
2.8 3.2 -5.9982
2.4 6.4 -10.866
-8.4 2 18.183
-4.8 -1.6 -9.8524
10 0.4 -21.719
-1.2 8 14.169
2 7.6 -5.7094
6.8 -7.2 45.932
-5.6 3.2 18.078
9.2 -3.6 39.32
-3.2 -2.4 -0.58449
8.4 -4.4 43.202
1.7764e-015 -5.2 6.1569
-1.2 10 14.109
4 -6 24.737
-1.2 -5.6 -5.7913
-2.8 -3.2 -8.9497
4 7.6 -19.987
8.4 -8 59.345
8.4 9.6 -73.984
10 -5.6 35.517
2.4 -1.2 2.6259
-1.6 -6 -1.7115
-3.2 5.6 12.859
-3.6 -8.8 -19.707
1.6 8.8 -13.813
5.6 8 -43.955
6.4 8 -42.877
-6.8 -9.6 -47.177
1.6 -8.8 22.012
-6 2.8 1.7998
9.6 6.8 -63.812
6.8 -3.6 21.794
-6.4 -7.2 -40.54
-3.6 7.2 26.862
1.6 -5.6 9.3107
-2 -3.6 -2.7926
9.6 -0.4 -10.765
-2.8 -6.8 -14.376
-3.6 -1.2 -1.7661
9.2 -7.6 51.398
8.8 -2.8 16.751
-1.6 10 28.624
-4.4 -0.8 1.405
-8 6.8 53.313
8.8 1.2 -14.077
7.2 8.8 -57.884
4.8 4.4 -23.519
-2.8 -4 -7.9111
7.2 -2.4 10.983
7.6 -7.2 46.915
7.6 8.4 -58.205
2.4 0.8 -4.9056
-0.4 -2.8 -5.2015
-7.6 -1.6 -14.26
4.8 6.8 -26.897
-5.6 1.6 -0.87238
0.4 2.4 5.0509
6.4 -5.2 28.379
1.6 9.6 -10.929
-1.2 8.4 8.4729
9.6 8 -80.94
-0.4 6 2.7112
6 -1.2 5.0515
-5.6 -6 -37.384
8.8 2.4 -25.202
-9.6 -1.2 -16.435
9.2 -2.8 12.612
0.4 1.6 2.3838
6.4 7.2 -47.627
1.2 0.4 -5.7046
4.8 4 -16.745
1.2 5.2 -3.7838
4 10 -26.143
-8 3.6 29.176
-2.8 -5.6 -4.335
-8.8 -9.2 -70.163
9.2 -7.2 59.559
3.2 7.6 -19.479
-3.2 -9.6 -21.003
6 -2 9.6434
7.6 0.8 -14.4
2 5.6 -4.7604
-3.2 -9.2 -17.079
-4 -1.2 -2.2475
2 -8.8 25.878
-6.4 -2.4 -13.701
-8 -0.4 6.6026
2.8 8.8 -21.697
6.8 -4.8 27.566
-2.8 4 7.9526
10 3.6 -34.46
-6.4 7.6 50.992
3.2 -5.2 20.635
0.8 7.6 -2.3659
2.8 7.6 -7.557
10 1.6 -36.41
-2.4 -8 -9.813
8.4 -0.4 -6.9927
-1.6 -0.8 1.4657
-6.4 4.8 29.829
-1.6 2 9.915
-2.4 3.2 4.957
6 8 -43.228
9.2 -0.8 3.7943
-8.4 10 91.254
2.8 -5.6 21.872
-6 6.8 44.342
9.6 9.6 -86.481
-8.4 -2.4 -30.004
-6.4 6.4 43.039
7.2 -7.6 53.489
7.2 -6.8 44.342
-5.2 -9.6 -40.694
-1.2 2.4 8.3123
-1.6 6.4 14.86
1.2 -6.4 15.572
-4.8 -2.8 -17.742
5.6 -9.2 58.404
4.4 6 -20.051
-7.6 3.2 26.052
-2 -0.4 6.4197
-6 4 19.175
-0.8 -2.4 -4.3408
10 -9.2 87.85
-4.4 -4.4 -8.1375
9.6 7.2 -64.1
-1.6 1.2 -1.16
-6 -3.6 -22.333
-1.2 -8 -0.78616
5.2 -2 -3.902
4.4 9.6 -31.376
2.8 -8 25.809
8 -1.6 4.3222
-6 -2.8 -16.654
-4.8 4 23.665
-0.8 4.4 3.0776
-6.8 6 39.411
-7.6 4.8 39.218
-4 2.4 8.4544
8.4 -6.8 54.694
-0.4 7.6 12.724
8.4 2.4 -30.34
-6.8 7.6 53.151
9.6 -6 48.269
-0.4 4.8 10.825
1.2 -8 11.013
-9.2 -8.4 -66.691
6.8 -2.8 10.889
-5.6 -2.8 -5.905
-6.8 5.2 26.699
2.4 1.7764e-015 -3.9826
-4.8 -8 -22.691
2.8 -2.8 17.381
4.8 2 -11.548
-4.4 -2.4 -9.7711
-6.4 -9.6 -43.076
9.6 3.6 -41.836
9.2 7.2 -59.415
0.8 -6.4 4.0825
3.6 1.6 -14.761
2.8 -2.4 9.9544
-6.4 -8 -43.734
-2.8 -2.8 -9.3866
8.4 7.2 -54.254
5.6 -0.8 5.4274
1.6 10 -12.918
-0.8 -6.4 -1.1197
-6.8 -1.2 -7.3438
5.6 -2.4 13.082
-0.8 -9.2 8.1913
1.6 4 -12.179
-4 7.6 28.662
-8 -8 -53.946
7.6 8 -54.424
8.4 9.2 -74.529
2.4 -9.2 31.971
0.4 -5.6 11.105
-7.6 -7.6 -48.681
6.8 1.6 -16.801
10 8.8 -95.271
2 10 -3.5849
8.8 -6.8 54.841
8.4 8.8 -62.903
9.6 -2 4.1819
2.4 -5.6 6.4309
-2.4 -9.2 -16.897
0.8 -8 16
-9.6 -0.4 -8.7931
-0.8 -0.4 12.069
-8.4 9.6 84.347
4 -2.4 15.149
3.6 8 -21.013
-9.2 2.8 13.856
2.8 -0.8 -0.48234
8.8 -9.6 74.696
7.2 8.4 -49.787
4.8 -7.6 33.601
9.2 -6.4 53.267
3.6 -8 29.295
-0.8 -2.8 -0.24008
9.6 4.8 -54.257
-8.8 -6.8 -53.475
8.4 6.4 -59.366
-4.8 1.7764e-015 -2.5456
-9.6 0.4 6.7823
0.4 6.8 5.5656
-8.8 -8 -66.476
8.8 7.6 -66.558
4.8 2.8 -19.467
4 -3.2 1.8189
-1.2 -6.4 -2.3813
-7.2 -5.2 -28.496
-8 2 9.4459
2.4 -2.8 9.818
8 -6 37.51
5.6 -8.8 45.386
2 -2.8 5.1107
5.2 -3.2 4.9698
6.4 -1.6 -6.937
-1.6 2.4 6.2773
-7.6 -9.6 -64.117
1.7764e-015 1.7764e-015 6.811
10 -3.6 28.399
7.6 6.8 -55.865
-4.4 0.4 0.49152
-8.4 0.4 5.6332
9.2 8.4 -82.414
3.6 3.2 -9.4627
-6.8 -2 -14.496
7.6 -4.8 24.403
-0.8 -5.6 -3.0378
9.2 -9.6 85.627
1.7764e-015 2.8 12.673
-4 -0.4 7.2421
-7.6 8 63.403
4 5.2 -16.756
1.7764e-015 -3.6 0.27306
9.2 8 -73.4
9.6 -7.6 61.163
2 -1.2 3.4438
-6 5.6 31.673
4.4 8.8 -20.949
-0.8 8 14.722
-3.2 8.4 22.963
5.2 -8 41.611
-4.8 5.6 25.708
2.8 4 -8.6871
-6.4 10 73.535
-8.4 3.6 29.327
-4.8 -5.2 -26.59
-6 4.4 26.023
2.4 -7.6 21.611
-7.2 -1.2 -12.558
9.6 1.6 -12.742
-0.8 1.6 10.915
-3.2 -8.8 -16.361
-4 -4.8 -9.9029
-1.2 -8.8 8.2771
5.6 6 -39.584
3.6 7.6 -22.159
-8 -1.2 -17.397
6.4 7.6 -51.358
6 6.8 -49.038
6.8 -7.6 54.39
2.4 1.2 -7.9067
4.8 -1.2 -2.278
4 -9.6 45.33
2.8 -7.6 26.478
-4 -2.4 -7.5953
10 -2.8 13.902
-7.6 -0.8 -11.438
5.2 -0.8 1.2465
-2 -4.4 -14.869
-7.2 -0.4 -4.6168
-3.6 8.4 33.462
6 0.4 -12.607
5.2 0.8 -6.7093
-1.6 9.2 24.834
1.7764e-015 -2.4 4.3495
1.2 2.4 5.3476
-5.2 5.2 28.252
-9.6 5.6 46.648
-7.2 0.4 2.8247
-1.6 4.8 13.238
-2 4.8 10.124
4 -8.8 48.298
-9.2 -1.6 -25.693
-1.2 -4.4 -5.0155
0.8 -9.6 20.686
-0.4 -8.8 -5.6685
-4 -2.8 -10.226
2.4 2.4 -2.1843
-2.8 -3.6 -6.8397
-2 -9.2 -5.905
4 8.8 -24.027
1.7764e-015 -4 1.8353
8.4 6.8 -55.952
1.7764e-015 5.2 1.4514
6 0.8 -2.0242
-6 2 7.1576
2.4 -4 11.989
-8 -5.6 -47.471
-2 -6.8 -10.226
0.8 -5.2 3.2487
-6.4 1.2 -3.8397
-9.2 0.8 17.052
0.8 -3.2 9.5424
-3.6 -2.4 -4.8985
-4 -8.8 -29.915
3.2 8.8 -15.391
7.2 -9.6 60.56
-8.8 -4.4 -43.306
-0.8 2 13.248
9.2 2.8 -31.154
1.2 2 2.9311
-5.6 -3.2 -16.781
0.4 -4.8 -6.1809
-2 -1.2 -8.4836
0.4 5.6 4.4794
4.4 -4.8 21.751
8.8 8 -69.44
2.8 -1.6 3.3685
2.4 6.8 -20.804
-0.8 5.2 5.5273
-2.8 4.4 4.9861
-0.4 2 5.4159
5.2 -1.2 -2.4407
0.4 8 1.0058
-8.4 7.6 59.882
8.8 -3.6 24.525
-4.4 5.6 23.531
5.2 9.2 -48.525
-5.6 1.7764e-015 0.12233
0.4 -1.2 5.7846
-8.4 -8 -61.048
-4.8 -4 -16.178
6.4 0.8 -6.7657
-1.6 -2.8 -2.7322
5.6 1.6 -14.584
-0.4 -1.6 -3.3918
8.4 -2.4 5.9694
-2 -4 -1.2228
-2.4 -1.6 -5.7689
-0.8 -6.8 -3.4968
1.6 6.8 -7.8478
5.2 8 -37.492
-4 -0.8 -2.783
-8 8 63.993
-4 0.8 5.3969
4.4 -6.8 37.623
-5.2 4 20.218
-7.2 -6 -42.241
4.8 1.2 -18.311
6.4 -3.2 17.968
-2.8 -9.2 -22.21
-4.4 3.6 20.429
7.6 6 -52.34
-6 -0.4 -3.0928
4.8 -2.4 16.937
2 8.4 -8.359
-3.6 4.4 17.338
3.6 10 -26.861
-4.8 8 44.001
8.8 -9.2 67.849
5.2 10 -43.149
-5.2 9.2 42.936
-6 -3.2 -7.9858
1.7764e-015 -7.6 14.871
-7.6 -2.4 -18.299
-7.2 8.4 56.861
-6 -9.2 -38.718
-7.2 -2 -15.52
3.6 1.2 -10.784
4.8 8.4 -35.773
1.6 -6 1.2351
-9.6 4.8 39.584
-7.2 6 42.532
-5.6 -5.6 -27.544
8.8 2 -14.215
6 -2.4 12.31
-9.2 6.8 56.357
2 -6.8 14.949
8 0.8 -14.927
-5.2 0.8 -4.3818
-2 1.2 1.8801
7.6 -0.4 -10.719
3.2 7.2 -17.499
5.6 2 -18.943
3.6 -3.6 22.194
-8 -0.8 -10.924
-2.4 2 0.92655
-5.2 -3.6 -17.644
4.4 -5.6 25.908
-1.6 5.6 12.844
-8.4 4 36.373
9.6 -2.4 15.123
1.7764e-015 0.4 0.27142
-5.2 8.4 46.452
-6.8 1.7764e-015 -12.847
5.2 4.4 -24.076
-0.4 -4 4.2989
-6.8 4.8 33.28
3.2 5.2 -14.569
-2.8 -6.4 -10.58
7.2 -2.8 19.479
-4.8 3.2 13.095
-8 2.4 16.133
-4.8 -6.8 -18.699
6.4 -8.8 53.254
-7.2 -6.8 -41.385
-4.4 -7.6 -16.761
-0.8 -1.2 6.3205
9.6 6.4 -62.781
-8.8 -3.6 -30.612
4.4 10 -29.549
8.4 8.4 -70.792
8 6.8 -53.451
9.2 1.7764e-015 -15.423
5.6 10 -42.819
-4 -9.6 -24.647
-9.2 7.6 71.462
9.6 -7.2 66.988
3.2 9.6 -28.346
-8 -6.8 -45.302
10 -8.8 76.616
4 6.8 -21.199
9.2 6 -61.641
-4.8 -9.6 -33.466
0.4 4 0.35842
-9.2 1.6 11.643
3.6 6.4 -27.378
1.6 5.2 8.2361
-2.4 2.8 3.8206
-4 -7.6 -27.778
-2.8 8.4 29.42
1.2 9.2 -3.9232
-8.4 8.4 80.3
10 5.6 -62.791
-6.8 4.4 15.117
3.6 2.4 -9.1797
-1.2 6 4.9197
5.2 1.7764e-015 -7.0777
7.2 -8 61.954
2.8 9.2 -16.606
1.2 -4 10.919
-4.8 7.2 30.29
9.2 6.4 -67.942
-6.8 2.4 11.875
3.6 4.4 -20.591
6 -4 23.205
4.4 2 -11.363
-4.4 6.8 33.43
-6.8 3.2 11.099
-3.6 6.8 25.419
-6.8 -9.2 -47.804
-7.6 -8 -52.748
-0.8 6.4 2.1172
-4.8 -4.8 -25.062
1.2 8.4 -5.0802
-0.4 4.4 -7.2218
-6.8 -3.6 -27.968
-1.2 3.2 2.8968
-8 1.7764e-015 -11.776
-2.4 5.6 18.682
4.4 2.8 -13.414
0.8 0.4 3.1826
-8.4 -7.2 -61.644
4.4 -1.2 -3.8072
8.4 -5.2 37.689
-7.6 -3.6 -25.879
8.4 5.6 -50.552
4.4 -2.8 -6.8317
-7.6 1.7764e-015 -1.6688
4 6 -23.988
6.4 3.2 -23.786
7.6 5.6 -34.434
-8 8.8 76.825
10 -6.4 60.946
-1.6 -6.8 -3.9968
-6 -8.8 -42.184
8.8 -6.4 50.735
-8.8 8 78.48
-7.6 7.2 51.415
6.4 -9.2 62.819
-8.4 4.8 44.74
10 8 -81.077
3.6 5.6 -21.628
5.2 -6 36.58
-4.4 -3.2 -7.3319
6.8 -1.6 4.3379
6.4 -8.4 51.523
-4.8 -4.4 -14.161
-1.2 2.8 -1.9309
1.6 -2.4 2.5413
6.4 -2.8 12.757
2.8 -8.8 31.082
3.6 -7.6 33.217
2.8 4.8 -15.742
1.7764e-015 -9.2 15.045
8.8 -7.2 48.013
1.6 -1.2 -4.5078
-5.6 -9.6 -42.44
-6.4 0.8 6.8391
-8 8.4 73.168
-5.6 -6.4 -29.13
1.2 3.6 -5.6256
4.8 -8.4 45.329
-7.2 -7.6 -39.712
-6.4 6 35.091
7.2 -8.4 50.895
2 -4 4.8782
-2.4 -0.8 -5.2492
0.8 2.8 2.067
1.2 2.8 1.1932
7.2 7.6 -52.908
9.2 6.8 -73.163
-0.4 5.6 -3.4328
-2.4 -3.2 -15.734
8 1.7764e-015 -17.974
3.2 -7.6 31.866
6.8 5.6 -33.885
1.7764e-015 1.6 -3.5727
2.8 9.6 -10.716
-6.8 -1.6 -5.2314
4 1.7764e-015 2.501
-2.4 8.8 24.617
-3.2 4.4 4.9927
9.6 -8 71.452
-4.8 6.8 33.501
2.4 4.8 -14.921
-6 1.6 10.298
-6 4.8 26.338
8 -1.2 -5.6245
7.6 -9.6 72.929
9.2 2 -19.942
3.6 -6.4 31.408
