10 -7.2 -30.14
0.8 -8.4 -4.906
8 -5.2 -23.29
-2 3.2 -0.95058
4.8 3.6 -28.073
-8.4 -5.2 -64.084
5.2 -8.4 -2.2297
-0.4 3.6 5.9669
-1.2 5.6 0.75981
5.2 -3.6 -12.539
3.6 -0.8 -6.3262
7.2 5.2 -49.682
-7.2 6.8 -13.063
-2 -2.4 -3.7629
-2.8 0.4 -0.92524
3.2 -7.2 -2.8471
-0.4 0.4 -4.908
6.4 2.8 -34.258
2.4 7.6 -17.152
-2 -5.2 -8.8595
-8.8 -2.4 -58.061
-4.8 2.4 -9.1914
-7.6 1.6 -29.911
-4.4 -3.6 -22.851
7.6 4 -55.49
-8 10 -8.0315
1.7764e-015 4.8 -8.9942
-3.2 -6 -20.697
-1.2 -3.6 -8.1361
8.8 4.4 -69.744
6.8 -0.8 -24.633
1.7764e-015 8.8 -7.2517
4 -8.4 0.6985
-5.6 -4.8 -39.49
-7.2 4.4 -19.254
-3.6 -3.2 -17.25
-0.4 -1.2 -1.7265
-2 6 2.7236
6.8 2.8 -37.001
1.7764e-015 8 -1.1874
-8.4 6 -22.795
-7.2 1.2 -26.58
-0.4 7.2 -3.6
-3.6 -2.8 -13.102
-6.4 5.6 -9.4794
2 2 -5.2088
6.4 6 -45.912
9.6 -4.8 -35.894
4 3.6 -11.541
-2.4 0.8 -7.1957
6 4.8 -36.165
-0.8 -5.2 -6.1261
-3.6 2 -2.9452
1.2 -8.4 -1.0547
1.6 1.2 -8.5871
2.4 -1.6 -6.2521
7.6 -8.8 -12.684
4.4 0.4 -13.319
5.6 7.6 -44.315
-5.6 2.4 -9.533
7.2 1.2 -28.998
0.4 -1.6 3.0053
8.8 10 -99.286
3.2 -4.8 0.99091
-2 -7.2 -16.238
-2.4 1.6 -3.4908
-1.6 -4 -7.4287
1.7764e-015 2.4 -4.9885
1.6 2.8 -3.2247
7.2 2 -41.173
0.4 -9.2 -12.894
-1.2 -1.6 -2.8085
9.6 0.4 -55.896
5.2 -9.6 -4.9213
-8 -4 -51.827
-4.8 8.8 -4.1631
-2 1.7764e-015 1.0373
5.6 5.6 -35.429
-4 9.6 -4.5657
5.6 1.2 -22.393
-0.4 1.6 -0.46668
3.2 2.4 -10.043
-1.6 -3.6 -4.2252
-3.6 -4.4 -21.464
1.6 -2.8 1.6894
6.8 -8.4 -5.9153
7.2 6 -56.108
0.8 -8.8 -2.0028
2.8 2.4 -17.683
2.4 -4.4 -0.16445
4 -2 -7.8586
-5.2 -8.8 -43.995
-1.2 4 -4.1995
-3.6 0.8 -11.33
-9.2 -8 -89.495
6.4 -9.6 -2.9114
-5.6 0.8 -20.876
-1.6 -0.4 -2.339
10 5.2 -84.142
0.8 -2 -5.2259
