10 -7.2 -123.56
0.8 -8.4 -15.266
8 -5.2 -67.835
-2 3.2 -13.393
4.8 3.6 -6.4536
-8.4 -5.2 -28.668
5.2 -8.4 -52.72
-0.4 3.6 -7.8083
-1.2 5.6 -17.2
5.2 -3.6 -31.928
3.6 -0.8 -6.2408
7.2 5.2 -22.746
-7.2 6.8 -94.549
-2 -2.4 -0.57685
-2.8 0.4 -9.6191
3.2 -7.2 -29.204
-0.4 0.4 -0.78103
6.4 2.8 -13.581
2.4 7.6 -9.5462
-2 -5.2 -0.98795
-8.8 -2.4 -45.015
-4.8 2.4 -34.769
-7.6 1.6 -64.746
-4.4 -3.6 -7.8839
7.6 4 -19.557
-8 10 -138.45
1.7764e-015 4.8 -12.946
-3.2 -6 4.9343
-1.2 -3.6 -0.25126
8.8 4.4 -34.8
6.8 -0.8 -27.774
1.7764e-015 8.8 -29.015
4 -8.4 -41.196
-5.6 -4.8 -9.5323
-7.2 4.4 -73.298
-3.6 -3.2 -6.7025
-0.4 -1.2 -1.5073
-2 6 -37.129
6.8 2.8 -21.372
1.7764e-015 8 -16.901
-8.4 6 -105.03
-7.2 1.2 -52.846
-0.4 7.2 -24.6
-3.6 -2.8 1.248
-6.4 5.6 -69.579
2 2 0.8611
6.4 6 -12.902
9.6 -4.8 -92.042
4 3.6 -6.1336
-2.4 0.8 -8.7209
6 4.8 -5.2819
-0.8 -5.2 -0.6416
-3.6 2 -22.941
1.2 -8.4 -18.088
1.6 1.2 3.1528
2.4 -1.6 -9.2808
7.6 -8.8 -91.361
4.4 0.4 -13.292
5.6 7.6 -15.043
-5.6 2.4 -42.586
7.2 1.2 -27.97
0.4 -1.6 -2.3743
8.8 10 -24.173
3.2 -4.8 -10.901
-2 -7.2 -4.652
-2.4 1.6 -7.8036
-1.6 -4 -3.323
1.7764e-015 2.4 -6.1709
1.6 2.8 -5.4894
7.2 2 -31.947
0.4 -9.2 -14.275
-1.2 -1.6 0.83222
9.6 0.4 -65.596
5.2 -9.6 -63.091
-8 -4 -30.294
-4.8 8.8 -78.154
-2 1.7764e-015 -8.2529
5.6 5.6 -5.4467
-4 9.6 -77.99
5.6 1.2 -19.035
-0.4 1.6 1.1522
3.2 2.4 -4.378
-1.6 -3.6 7.1831
-3.6 -4.4 -1.9956
1.6 -2.8 -1.3456
6.8 -8.4 -75.962
7.2 6 -22.359
0.8 -8.8 -11.417
2.8 2.4 -2.9444
2.4 -4.4 -12.248
4 -2 -12.47
-5.2 -8.8 -2.705
-1.2 4 -17.4
-3.6 0.8 -15.653
-9.2 -8 -26.472
6.4 -9.6 -79.29
-5.6 0.8 -27.689
-1.6 -0.4 -0.38314
10 5.2 -42.14
0.8 -2 -0.10401
-4.8 2 -30.969
-3.2 10 -62.625
-2 -4.8 -2.2227
6 -4.8 -51.841
-8.4 1.6 -66.198
7.2 -4.4 -50.598
7.2 -5.2 -62.481
-8.8 1.7764e-015 -61.152
-6 -5.2 -10.668
-3.6 4 -26.616
-2.8 1.7764e-015 -2.5687
-3.6 -4.8 2.3549
7.2 -2 -45.817
-2 -3.2 4.5328
3.6 -2.8 -11.999
5.6 -0.4 -20.886
4.8 -6.4 -45.829
5.2 -0.4 -20.252
4.4 1.2 -9.0347
-6.4 -0.8 -33.726
-4.4 10 -78.727
-5.2 -8.4 1.3441
6.8 -5.6 -55.542
-7.6 -6.4 -22.399
-5.2 -2 -12.335
2 1.7764e-015 2.655
3.2 6.8 -9.5729
1.2 1.6 -0.30435
-5.2 0.4 -29.929
1.7764e-015 9.6 -30.241
6.8 3.2 -22.45
9.6 -6.8 -111.65
8.4 -1.2 -48.802
4.4 -5.2 -26.927
-0.8 -3.2 5.5436
-2.8 -1.2 -2.2428
9.6 -1.6 -71.603
-3.6 8.8 -62.421
5.2 -8.8 -60.565
4 -8 -44.318
-4 4.8 -37.023
8.4 8 -24.589
-4 2 -18.071
-4.8 2.8 -35.657
-7.2 -8.4 -8.1261
-6.8 8.4 -103.54
2.8 5.2 -6.7547
-4.8 9.6 -74.943
-7.6 2 -57.513
8.4 4.4 -32.811
0.4 10 -28.458
2 1.2 2.9109
-3.2 -5.6 -3.1486
1.6 2 -3.8188
7.2 10 -14.939
-4.4 2 -27.107
-1.2 -6 -0.45013
2 4.4 3.9917
-4.4 9.6 -73.53
-9.2 1.2 -81.874
-9.6 1.2 -87.072
-9.2 -2 -54.991
4.8 6.4 -2.2677
4.8 -0.4 -12.8
10 6.8 -36.949
-7.6 7.6 -108.51
4.4 -7.2 -43.266
-8.8 6 -112.79
1.7764e-015 -8.4 -9.7706
-2 7.6 -33.816
1.7764e-015 10 -34.498
4 1.2 -12.11
5.2 5.2 -7.5285
-6.4 -3.2 -20.864
-8.4 2.4 -78.807
6.8 -8.8 -81.332
3.2 -2.4 -12.158
-9.2 -9.6 -23.526
6 -5.2 -43.524
2 4 -2.9247
-5.6 -6.8 -1.7271
7.6 -4 -61.099
8.8 -5.6 -91.101
9.6 2 -45.398
-8.8 -1.2 -52.273
-2.4 2.4 -15.292
-3.6 -2 -10.378
1.6 -9.6 -24.726
-4 -4 -3.3793
-8.8 9.6 -149.74
-2.8 -4.8 1.1879
2.8 6.8 -9.2114
2.8 6.4 -7.7421
-7.6 -3.2 -33.815
-6.4 8 -88.48
-7.2 10 -129.22
-1.6 8.4 -32.46
-2 2.8 -15.287
-8.8 2.8 -83.632
-4 3.2 -27.087
-6.4 -7.6 -0.73946
8.4 -3.6 -69.711
-6.4 3.6 -54.954
8.4 6 -26.232
-6.8 -6.4 -7.2986
-6.4 -5.6 -11.969
4 -4.8 -25.484
-4.8 -3.6 -5.1304
7.2 -4 -56.247
5.2 6.4 -12.708
0.4 -3.6 -4.3621
-9.6 -6 -34.722
-1.6 -2 2.0022
8.4 4.8 -27.497
-4.4 1.2 -21.923
-0.8 2.4 -13.23
8.8 -4 -77.345
5.6 3.6 -7.2185
4 6.4 -8.6305
8.4 1.6 -36.51
-8 -1.6 -45.714
-6.8 1.2 -41.005
-6.4 -1.6 -25.595
-3.6 -6.4 1.3487
3.6 -0.4 -9.9804
-6.8 -7.6 -2.2548
0.4 -5.2 0.22657
8 6 -26.632
-4.4 1.7764e-015 -19.101
6 2.8 -19.081
-7.2 -2.4 -30.771
3.6 2 -3.1078
-5.6 -1.6 -20.24
3.2 0.4 -1.9378
0.8 5.6 -4.885
-1.2 4.4 -17.422
-5.6 -1.2 -24.222
-9.6 4 -112.17
3.6 1.7764e-015 -9.8321
-3.2 7.2 -44.872
5.6 4.4 -16.166
6.8 6.8 -13.81
-2.8 -0.4 -10.988
-7.2 -8.8 -8.8377
9.6 5.2 -42.73
3.6 6 -8.8935
-5.2 -1.2 -15.496
-0.4 -7.6 -6.8153
-8 3.2 -71.925
-5.6 -0.8 -21.267
-1.6 0.8 -7.3139
9.6 6 -34.743
-6.8 6.8 -89.314
10 -6.8 -118.77
-2.4 -5.2 -2.2339
4 -6.4 -31.947
-2.8 3.6 -22.03
-9.2 -1.2 -61.054
5.6 -2.8 -31.613
-6 9.2 -97.087
-9.2 -3.2 -45.506
-1.6 0.4 -0.043989
6.8 -4.4 -49.847
-7.2 -9.2 -2.3263
0.4 0.8 -0.4062
0.4 -6.4 -8.6356
-4.4 -7.2 5.0778
2 6 -0.97922
6.4 2 -13.721
-0.4 -5.2 1.8126
-8 9.2 -126.03
-1.2 2 -5.576
4.4 8 -9.7593
-4.4 -4.8 -7.1758
3.6 -9.6 -41.597
0.4 0.4 3.4871
3.2 1.7764e-015 -3.8186
-5.2 10 -83.485
4.4 4.8 -7.1068
-4 8.4 -64.575
-6 6 -68.904
-3.2 3.2 -23.018
-3.6 1.2 -13.965
7.6 6.4 -25.495
6 3.6 -10.155
1.2 -1.6 -7.8894
-6.4 -8.4 -6.3249
2.4 7.2 -13.807
5.2 -2.4 -32.548
7.6 -3.6 -57.047
9.6 -8.8 -130.1
-9.6 10 -173.4
5.6 -6.8 -51.414
8.4 2.8 -33.031
9.2 -4.4 -86.169
-2.4 -4 0.72469
2 -2 -0.20642
8.8 -5.2 -80.363
9.2 0.4 -57.51
-0.8 3.6 -2.4082
1.2 8.8 -15.109
6.8 8 -12.525
4.4 6.4 -9.5597
-1.6 -2.4 -3.3515
-2.4 -9.6 -0.53553
0.4 -6.8 -8.7963
5.6 -6 -45.328
-7.2 3.2 -64.839
-3.2 -4.4 -2.0343
6 8.4 -15.219
7.2 1.7764e-015 -36.741
1.7764e-015 7.2 -19.109
1.2 3.2 -2.3414
-0.4 8 -18.401
3.2 -5.6 -16.955
2.4 4 -6.9238
-6.8 -2.8 -24.49
4.8 6 -6.4034
4.8 -4.4 -34.258
7.6 -2 -53.652
1.6 -4.8 -3.5842
3.6 -2 -13.658
-9.6 -3.2 -50.428
9.6 -2.8 -79.076
5.2 -4.8 -36.769
-1.2 7.2 -24.801
3.2 -4.4 -16.854
5.6 -1.6 -27.94
7.6 0.4 -41.927
6.8 4 -21.625
-5.6 5.2 -54.39
-4.4 9.2 -71.519
-9.2 -0.4 -58.392
-3.6 9.6 -57.893
2.4 -7.2 -21.584
-6 -8.4 -9.4894
-4.8 -0.8 -16.723
0.8 1.2 -2.4439
7.2 -0.4 -30.94
8 -6.4 -78.734
4.8 -1.6 -15.872
-4.4 -8 -2.531
-9.2 4.4 -105.65
-0.8 8.4 -32.436
6.8 0.8 -20.506
-2.8 5.2 -35.524
-2.4 -2.4 -0.20399
-6 -6.4 -9.3554
-9.2 -8.8 -22.53
-2.8 -8.8 6.8407
-1.2 1.6 -8.9664
1.6 5.6 -3.1181
-4 -2 -7.3091
-3.2 -7.2 1.4988
-1.2 6.4 -23.845
-6.8 2 -48.969
3.6 8.4 -9.2538
8.8 -4.8 -78.283
-8.8 -8.8 -19.952
-9.2 4 -102.66
-6 9.6 -98.497
7.2 7.2 -12.041
3.2 -9.2 -39.949
-0.8 -7.2 -2.322
-8 -5.2 -25.832
-8.4 -4.4 -34.267
-2 -7.6 -1.6032
-2.4 4.4 -23.866
10 -5.2 -105.59
2 -2.4 -8.864
8 -3.6 -62.361
-9.2 -5.2 -33.144
2 6.4 -0.70447
-7.6 3.6 -68.389
-8.4 -2 -42.648
1.2 -0.8 -0.0042802
9.2 2.4 -51.725
-3.6 1.7764e-015 -9.6205
-8.4 0.8 -64.031
8.8 3.2 -36.827
-2.8 -2.4 -3.8528
8.8 -6 -88.887
-9.6 -4.8 -45.003
2.8 -4.4 -8.9734
-6.8 -0.8 -32.527
6 4 -10.794
1.7764e-015 -2 -1.7429
0.4 6 -10.528
-2.8 0.8 -3.657
-0.8 6.8 -26.463
-5.6 -5.2 -8.2603
-2.4 3.6 -18.804
-8.8 0.4 -68.693
-6.8 9.6 -109.83
10 -1.6 -79.727
-9.6 9.6 -171.12
8.8 8.4 -26.883
-3.2 -6.4 -2.8142
-5.2 -8 -1.2103
3.2 -3.6 -19.032
-0.8 -9.6 -9.929
10 -0.4 -70.145
-6.8 8.8 -107.84
0.4 -8.8 -15.326
-8.4 1.7764e-015 -54.984
-5.6 -4 -10.3
-4.8 6 -56.283
-3.6 3.6 -26.734
-8.4 -4 -30.163
2 3.6 -4.3352
8.4 -5.6 -80.437
8.4 -2 -55.349
-5.2 -5.6 -11.58
3.6 -6.8 -32.785
-3.6 1.6 -16.678
0.4 3.6 -3.7606
2.4 -0.8 -4.6715
-6 -6.8 -4.7785
0.4 1.7764e-015 -1.692
-8.4 6.4 -111.94
-9.2 7.2 -129.95
8.4 -4 -65.032
-4.4 8 -63.994
-7.2 2 -53.955
6 -0.4 -24.682
6 1.6 -19.475
1.6 -9.2 -22.455
-2 4 -15.189
2.4 0.4 -1.1313
-1.6 -1.6 -0.94571
1.2 -6.8 -15.637
-9.2 1.7764e-015 -62.579
-3.6 -6.8 -1.7763
-4 10 -74.792
-2.4 8 -45.827
3.6 -8.4 -38.11
-6 7.2 -78.236
-4 -8.4 1.7063
-4.4 2.8 -30.023
5.2 8.8 -6.2691
2.8 8.4 -14.783
-8.8 -2.8 -53.063
3.6 -1.6 -15.389
7.6 9.6 -14.137
-9.6 -2.4 -50.673
-5.2 4.4 -55.225
10 6 -35.185
-2 -6 0.52137
-7.6 10 -134.59
8.8 8.8 -27.938
2 3.2 -4.495
-8.4 -3.6 -37.687
-2.4 -1.2 -2.191
-7.6 8.4 -113.56
-1.6 -8.8 -6.1853
-4 1.6 -20.278
9.6 3.2 -42.446
8.8 -0.4 -51.016
3.2 -6.8 -21.986
6 8.8 -14.592
3.6 -4 -17.32
9.6 -1.2 -72.332
1.2 6 -7.2458
-9.6 -2 -53.27
2 -1.6 1.7884
-7.2 -0.8 -43.77
4 1.6 -9.0082
-2.8 -1.6 -6.045
6 -3.2 -42.797
-7.6 6 -95.673
7.2 -9.2 -92.537
9.6 -8.4 -125.6
-3.6 5.2 -32.909
-8.4 -8.8 -19.075
-5.6 2 -37.278
7.2 -6 -68.344
-7.2 -9.6 -8.408
3.6 -5.6 -23.164
-8.8 2.4 -85.324
6.4 10 -19.423
-4.4 -6 0.018576
-2.4 -7.2 -0.6881
-4 5.6 -43.203
8 -0.8 -40.874
-9.6 -3.6 -50.15
8 2 -34.385
1.2 7.6 -14.079
-6.4 -9.2 -3.0858
7.2 0.8 -31.186
-7.2 2.8 -57.392
8 5.6 -19.293
-2.4 4.8 -23.538
-7.2 -7.2 -11.554
-8.8 2 -74.747
-6 0.8 -35.661
-2 0.4 -8.3292
-8.4 -6 -27.682
-4.8 4.4 -42.585
-6 3.6 -52.411
-6 -5.6 -10.573
8 -7.2 -86.41
-5.6 -2.4 -17.102
-2 8.8 -35.355
9.2 1.6 -48.148
-9.6 2.8 -98.436
-7.2 3.6 -63.398
9.2 -9.2 -127.08
-3.2 4 -20.63
10 -2.4 -84.15
9.2 -1.2 -66.185
-8.4 -4.8 -27.383
6.4 6.8 -9.7458
-8 -6.4 -20.025
8 9.2 -15.535
-0.8 -7.6 -4.2394
0.8 3.6 -4.1961
1.2 10 -26.993
1.6 1.6 -0.41752
-8 -8.4 -14.54
8 7.2 -24.049
6.8 -5.2 -56.907
6 -8.8 -69.935
-5.2 1.7764e-015 -19.977
6.8 6 -13.592
7.2 2.8 -31.2
-9.6 6.4 -129.8
3.6 9.6 -13.413
-2 -5.6 4.6477
-9.2 6.4 -118.95
1.6 4.8 -3.5107
7.6 4.8 -24.216
9.2 4.8 -38.695
-9.2 -6.4 -29.658
8 -8.4 -98.553
-1.2 -9.2 -7.1766
1.7764e-015 2 -6.5646
6.4 4.8 -12.448
9.6 8.4 -24.296
-1.6 -8 -1.9527
0.8 6.8 -7.3865
-3.2 7.6 -45.672
6.8 -9.2 -81.904
-2.8 2.8 -17.387
-5.2 -6.8 -1.5286
8.4 -2.8 -64.094
-1.6 -4.4 0.17659
-2 3.6 -16.312
2 -4.4 -9.0018
-5.2 -7.6 -1.9388
-2.4 -4.8 2.5652
-4 4.4 -36.107
-6 6.4 -77.182
-9.6 -9.6 -26.244
-4 -6.4 0.50837
1.6 -1.6 -3.6512
1.6 4.4 -3.718
7.6 -6.8 -84.073
3.6 -6 -26.466
5.2 2.8 -7.3326
2.4 5.2 1.3999
-4 5.2 -41.681
6 6 -12.804
-6 -1.2 -25.662
-2.4 -6.4 0.86676
-2 0.8 -9.0963
0.4 2.8 -0.84248
-7.6 -4.4 -24.24
-4.8 0.8 -24.471
8 -2.8 -52.892
-9.6 3.2 -95.898
6.4 8.8 -14.168
-9.6 6 -129.3
1.2 -9.6 -21.825
-8.8 1.6 -71.535
3.6 -8.8 -39.793
10 4.8 -42.476
2 -5.6 -11.475
-7.2 8.8 -114.21
10 9.6 -29.56
7.2 3.6 -17.012
6.4 -7.2 -64.435
3.2 -0.8 -7.3734
1.2 -3.6 1.1958
7.2 -7.2 -73.952
3.2 6.4 -6.4151
4.4 -2.4 -21.384
-4.8 8.4 -66.75
1.7764e-015 6.4 -18.612
-8.8 7.2 -123.58
2.8 10 -15.226
-6 7.6 -77.262
-8.4 6.8 -116.01
-4 -1.6 -9.108
-0.4 -8.4 -11.294
-4.4 -6.8 -5.8962
4.8 -3.6 -26.05
3.6 0.4 -9.5954
-3.2 8 -45.327
3.2 0.8 -9.3998
9.6 -3.6 -81.165
-9.6 -8 -33.251
1.7764e-015 -8 -12.931
2 0.8 -4.3905
-8.8 -1.6 -57.259
3.2 -9.6 -44.002
10 2.8 -54.256
-0.8 0.4 -5.5628
-2.4 9.2 -44.531
7.6 10 -17.197
-9.6 -6.8 -34.44
0.4 -2 -2.2601
7.6 5.2 -22.817
6.8 -9.6 -92.572
-4.4 -2.8 -4.844
9.6 -9.2 -135.22
5.2 -6.8 -43.82
-5.6 -3.6 -15.937
-1.6 -3.2 4.1446
1.2 -9.2 -19.457
-5.2 2.8 -34.21
8.8 6.8 -33.136
-3.2 4.8 -26.926
-5.2 -4 -11.225
10 -2 -76.519
-2 5.2 -25.665
0.4 9.2 -23.65
-9.2 8.4 -145.25
-1.6 -6.4 0.13591
-8 4 -82.338
-6.8 2.8 -54.41
-5.6 9.2 -89.853
-8.8 -4.8 -36.013
-2.8 -8.4 1.1917
-8.4 -9.6 -16.621
4.4 5.2 -9.143
7.6 -2.4 -51.068
7.2 -6.4 -70.329
-0.4 5.2 -13.553
7.6 2 -36.462
1.6 -8.4 -17.955
-5.2 8 -76.124
4.4 4 -4.9772
1.7764e-015 -0.8 1.1703
-4.4 -0.4 -12.681
-5.2 1.2 -25.292
1.7764e-015 -6 -3.3268
-6.4 -4.4 -11.865
6.8 -3.2 -49.9
2.4 10 -18.738
5.2 0.4 -13.156
6.8 5.2 -15.49
-1.2 -1.2 5.4608
9.2 -8.8 -125.23
2.4 -6.4 -18.226
2.8 4.4 -7.4854
8.8 2.8 -33.189
1.7764e-015 -1.2 -2.6193
3.2 -8.8 -38.566
-4.4 -8.4 5.2355
0.8 -6 -5.5758
-8 -3.2 -39.461
-7.2 -4 -26.41
-0.8 10 -41.555
-6 -1.6 -17.489
-8.4 1.2 -62.503
8.8 5.6 -29.939
8 -6.8 -78.363
0.8 1.6 1.1007
-9.2 5.2 -116.26
-0.8 -0.8 4.6166
-6 -7.2 -0.53779
0.8 -9.2 -17.894
10 -8.4 -133.77
8 -2.4 -57.716
-4 -5.2 -1.6775
3.2 -4 -8.3057
-7.6 -5.6 -16.456
-0.8 8.8 -33.545
4.4 -9.2 -42.11
6.4 -6.4 -61.262
9.2 -6.8 -108.06
-7.2 -8 -16.535
-3.6 9.2 -63.294
-6.8 6.4 -85.41
5.2 1.2 -9.0742
6 7.6 -22.734
-5.2 6.4 -61.378
-1.2 -0.8 -6.6045
-9.6 0.8 -77.027
7.6 2.4 -32.277
-0.4 -0.4 -4.357
8.8 -8 -113.91
-0.8 9.6 -33.747
5.2 8.4 -8.0565
-2.8 -5.2 -3.2597
8.4 -9.6 -118.96
8.4 3.6 -30.002
4 2.8 0.99986
0.4 2 -0.18844
-4.4 8.4 -60.038
-3.2 6.8 -41.827
0.8 8 -18.12
2 -4.8 -16.722
-5.6 -8.4 -0.74426
-2 6.4 -26.702
-5.6 8.4 -89.142
8.4 10 -24.038
10 -4.8 -96.559
4.8 -5.2 -27.926
-0.8 -1.6 2.5601
5.2 -4.4 -37.363
-6 0.4 -27.429
2.8 -6.8 -17.17
3.6 0.8 -9.6268
1.7764e-015 0.8 5.1014
-6.8 0.8 -43.37
9.2 4 -40.114
0.4 -9.6 -20.666
-9.6 -4 -46.033
7.6 1.7764e-015 -38.079
-9.6 -1.6 -61.765
-5.2 5.6 -53.681
1.2 -2.4 -4.5078
4.4 -0.4 -21.012
-6 -2.4 -21.1
1.6 3.2 -6.4487
-0.4 -3.6 -2.438
2 -3.6 -11.485
1.6 -0.8 -3.5033
-6 3.2 -50.615
-2.4 1.2 -13.433
10 1.2 -63.482
-6 -4.8 -18.228
1.6 7.2 -15.081
7.6 -4.4 -65.081
-0.4 6.4 -23.245
-2.8 2.4 -13.259
5.6 2.4 -12.087
1.2 -8.8 -11.242
6.8 -4 -44.145
4.8 9.6 -15.874
4.8 -7.2 -36.521
-1.2 -9.6 -7.8197
10 6.4 -34.66
6.4 4 -17.702
-4 -5.6 -1.2228
-4.4 7.6 -63.447
0.4 -7.6 -6.018
-8 4.4 -86.01
3.6 -1.2 -9.4805
-2.4 -8.8 1.0953
6.8 8.4 -11.253
5.6 -3.6 -40.726
-9.2 -7.2 -23.674
2 2.4 0.62885
8 5.2 -22.785
-2 7.2 -27.66
6 2 -9.8982
8.4 -8.4 -101.59
-5.6 1.2 -29.514
-6.8 -8.4 1.7015
-8.4 -1.6 -47.276
-6.4 0.4 -34.292
-8.8 -0.4 -63.435
-1.6 -1.2 -3.5871
-4 1.7764e-015 -11.659
-4 8 -55.43
7.6 -2.8 -55.65
6 -6.4 -55.961
0.8 6 -9.0012
-8.4 -2.8 -39.8
1.2 -7.6 -18.843
-8.8 -5.6 -35.94
-3.2 -7.6 7.7532
6.4 -5.6 -58.932
-0.8 1.2 0.14499
-8.8 4.8 -105.46
3.2 -2.8 -16.928
4.4 7.2 -7.8893
-5.6 7.6 -77.912
1.6 7.6 -8.121
-9.6 7.6 -140.87
-1.2 1.7764e-015 -6.4829
8.8 0.8 -48.75
-2.4 6.8 -30.922
0.8 4.8 -11.576
-1.6 3.6 -14.701
1.7764e-015 -7.2 -3.1318
0.4 -3.2 -1.702
-2.4 7.2 -33.028
-8.8 -7.2 -20.722
-7.2 7.2 -96.114
9.2 10 -29.151
4 9.2 -10.316
-9.2 9.6 -161.1
1.6 -3.6 -2.0782
-5.6 4.8 -56.728
4 2 -9.4167
-1.6 -4.8 4.8174
-9.6 1.7764e-015 -73.99
8.4 -6.4 -89.09
4.8 -9.2 -53.836
-7.2 -1.6 -31.458
4.4 -8 -37.975
1.6 3.6 -3.2522
4 2.4 -4.1042
-8.4 -0.4 -56.892
-3.2 3.6 -14.805
-7.6 6.8 -99.91
-1.6 7.2 -23.365
1.2 1.7764e-015 5.5645
5.6 3.2 -10.072
4 0.4 -4.2511
-0.8 -3.6 1.2127
-4.8 -7.2 -1.5662
-0.4 -3.2 -3.8931
-8 -2 -41.856
2.4 -6.8 -13.832
5.6 9.6 -17.047
10 7.6 -38.517
5.6 -7.2 -50.095
-6.8 -2.4 -20.906
3.2 4.8 -7.673
1.6 -4.4 -5.9051
0.4 8.4 -24.621
2.8 -0.4 -6.1298
-7.6 -0.4 -45.459
10 -7.6 -121.03
0.8 2.4 -1.9475
6.8 4.4 -20.011
3.6 3.6 -0.5813
-6.8 7.2 -91.276
2.4 -4.8 -15.092
5.6 -5.2 -54.104
-8 0.4 -51.434
7.2 9.2 -4.0893
-8.4 2.8 -78.612
4.4 3.6 -2.8438
-2.8 8.8 -48.978
-6.4 -6 -8.9148
-5.6 -7.6 -2.8799
4.8 -0.8 -17.359
-8.4 9.2 -136.43
-6 -7.6 -2.0921
4 5.6 -5.6782
-6.4 9.6 -113.05
7.2 -8.8 -87.723
4.8 10 -14.666
9.2 -0.4 -61.975
6 -6 -52.641
-0.8 4 -11.115
1.6 -7.2 -15.624
-8 7.6 -103.41
-8.4 3.2 -83.719
1.7764e-015 -4.8 -2.1617
-2 2 -8.2017
-7.6 -2.8 -31.849
2 -0.8 -3.6764
-6.4 -6.8 -13.226
-5.2 1.6 -26.902
-8 -6 -27.792
4 9.6 -13.526
7.6 3.6 -20.794
-0.4 2.8 -4.7215
2.8 -5.2 -16.252
-6 1.2 -40.627
-7.2 1.7764e-015 -45.697
-0.8 -4 3.0398
9.6 -4.4 -96.946
8 -2 -55.911
-0.8 1.7764e-015 -4.3778
5.2 6.8 -13.585
7.6 8.8 -16.045
6.4 -6.8 -62.213
-2.8 1.2 -13.949
-4.4 3.2 -32.254
-6.8 -7.2 -18.251
4 0.8 -11.854
5.6 -1.2 -28.654
-3.6 7.6 -47.538
5.6 0.8 -17.009
0.4 -2.8 -2.0571
-6.8 8 -101.25
-4.4 -2 -12.02
4.4 -6 -31.889
-4.8 -1.2 -14.113
-9.6 2.4 -91.826
2.4 -3.6 -10.323
8 8 -20.752
3.2 4.4 -7.6809
-8.8 10 -155.14
2.4 8.8 -13.607
-9.6 -7.6 -27.983
-5.2 -6 -6.0648
-1.2 -6.8 0.88352
8.4 -3.2 -66.451
-2.4 -0.4 1.926
-8 -2.4 -39.529
10 -9.6 -150.34
7.6 7.6 -22.194
-6.4 9.2 -97.89
-4.8 10 -86.945
3.2 10 -13.543
2.4 2 0.13625
-4.8 1.2 -25.538
8.4 1.2 -40.686
0.8 -2.8 -5.2182
-8.8 1.2 -74.587
8.8 -4.4 -81.7
8 8.8 -19.261
0.4 7.6 -19.289
4.8 -6 -38.939
3.2 1.2 -4.8954
-0.4 -6 -0.1445
7.2 6.8 -15.398
2.8 -4 -11.116
7.2 -3.2 -51.361
-8.8 8.4 -138.4
5.6 -7.6 -53.185
-6.8 -4 -17.436
6.8 7.2 -16.8
7.6 -0.8 -45.786
-1.6 2.8 -11.097
2.4 -9.6 -34.473
-9.6 6.8 -132.91
6.8 -6.4 -66.211
-4 3.6 -27.852
-8 -3.6 -32.372
6 5.2 -7.2355
4.8 -8.8 -57.402
7.6 -7.6 -80.792
6.8 1.2 -28.113
4.4 -4.4 -29.176
4.4 -8.8 -49.924
8.8 7.2 -31.711
-8.8 0.8 -65.308
-2 9.2 -43.329
1.2 -3.2 0.065691
7.6 7.2 -18.012
2.8 -4.8 -10.715
9.2 5.6 -33.288
8.8 4 -36.598
0.4 1.2 -8.6712
-8.4 -5.6 -23.283
-9.2 3.6 -94.904
-9.6 2 -86.357
-0.4 -5.6 -0.33265
-2.4 1.7764e-015 -5.8419
7.2 1.6 -29.562
4 -4 -25.2
-8.8 -8.4 -15.74
8 -8.8 -97.937
7.6 -1.6 -46.984
-9.2 -4.8 -33.976
6.8 -1.2 -37.602
7.2 6.4 -17.916
3.2 -2 -7.8784
-3.6 -9.6 -6.782
6.4 -4.4 -50.919
-1.6 -5.6 -2.3004
-6.8 -4.4 -21.155
-3.6 -9.2 -1.5453
1.7764e-015 1.2 -8.7655
2 -8 -20.38
-5.2 -3.2 -16.709
4.4 -0.8 -11.124
-5.2 -0.8 -19.318
-0.4 -2.4 0.51253
-9.2 6 -123.51
-5.6 10 -96.683
-8 5.6 -96.753
-8 5.2 -95.25
0.8 4.4 -10.814
6 -0.8 -17.346
-1.2 5.2 -12.966
-2 -8 -2.0813
2 -7.6 -20.899
-6.4 1.6 -41.892
-1.6 -7.2 -1.9132
-8.4 -0.8 -49.045
10 7.2 -34.606
1.2 0.8 1.9841
-1.2 3.6 -12.289
-5.2 -2.8 -8.3147
9.2 0.8 -61.766
-4.8 -0.4 -19.326
-7.6 -8.4 -17.237
-5.6 6 -65.821
-1.6 -9.6 -9.1391
-6.4 4 -60.493
-8.8 9.2 -147.28
-2 -2.8 -2.0885
-4 0.4 -15.666
-2.4 8.4 -43.783
-2.4 -5.6 -2.4405
5.2 1.6 -18.958
-2.4 -4.4 -2.5497
-1.2 8.8 -33.767
7.6 -6 -74.47
2.4 8.4 -17.573
-9.6 8 -150.16
6.8 -6 -55.524
-3.2 -6.8 1.1614
-8.8 -7.6 -23.709
2.8 3.6 -1.409
4.4 -6.4 -37.864
-6.8 -6 -15.211
3.6 -4.8 -21.694
-2.8 9.6 -51.805
8.8 -0.8 -57.706
-3.6 -8.4 -3.3039
-3.6 6.4 -40.918
0.8 4 -4.1862
4 8.4 -2.9663
8.8 -7.6 -101.39
-9.2 0.4 -72.324
8 2.8 -31.574
1.7764e-015 -8.8 -5.5973
0.8 7.2 -10.845
2.8 0.8 2.5552
8.4 -9.2 -118.02
-7.2 4.8 -76.154
-3.2 -4 2.1482
-7.2 5.2 -80.944
-6.8 1.6 -51.072
4 -6.8 -34.456
9.6 -5.2 -100.43
5.2 3.6 -11.9
-9.6 7.2 -132.17
2.8 6 -7.3835
1.7764e-015 7.6 -18.667
2.4 9.6 -15.927
-4.4 -9.2 -4.9523
-2.8 -9.6 0.5468
-0.8 7.2 -22.042
4.8 3.2 -9.8148
8.4 3.2 -36.481
6.8 2.4 -20.183
7.2 5.6 -24.841
1.2 4.8 -6.6754
6 7.2 -8.953
-7.2 -4.8 -21.831
4.8 5.6 -5.9462
-1.6 8.8 -35.997
0.8 -4.4 -10.551
5.6 6.4 -12.402
-4.8 -7.6 -0.61635
4 4.4 -3.2275
4.8 9.2 -16.126
8 -5.6 -79.878
5.6 0.4 -22.396
4 7.2 -2.075
5.6 -4.8 -40.641
-0.4 -0.8 5.0723
-9.6 5.2 -118.12
-4 6.8 -55.201
-9.6 -7.2 -31.631
-8 -2.8 -36.897
1.2 5.6 -4.3371
1.6 9.2 -19.255
-2 10 -51.041
5.2 -1.6 -24.144
1.6 -0.4 -4.6131
-9.2 10 -166.02
-3.6 -0.4 -9.9132
3.2 -1.2 -8.5116
0.4 -4 5.3223
1.2 4 -5.4916
1.6 -6.4 -14.714
2 -6.4 -17.416
-2.8 6.4 -38.683
4.8 7.2 -9.0542
-0.4 1.7764e-015 5.0353
-8 -8.8 -12.424
0.4 -7.2 -11.898
8.8 -1.2 -60.472
-6.4 4.4 -71.773
0.8 1.7764e-015 -0.027825
-4 4 -36.994
4 -9.2 -42.044
0.8 9.6 -21.295
-5.6 4 -51.848
0.8 -1.6 -1.2399
-2 2.4 -11.465
-6 -8 -5.7934
6.4 -3.6 -43.82
9.2 -6 -101.63
6.4 -6 -61.22
6.8 2 -20.712
4.8 -8 -48.001
-4.4 -4 -0.77406
3.6 9.2 -19.451
-6.8 -3.2 -24.127
6.8 8.8 -23.209
5.2 -5.6 -41.55
5.6 8.4 -9.922
-9.6 1.6 -88.792
-0.8 -6 -9.0237
8.4 1.7764e-015 -46.17
6.4 6.4 -13.639
-8.4 8 -122.05
-5.2 6 -58.363
6.4 5.6 -16.641
4.8 -9.6 -60.256
-6.4 6.8 -78.681
-8.4 5.2 -99.373
8 -9.6 -105.93
-9.2 -2.4 -50.368
4.4 1.6 -12.434
-5.2 8.8 -83.2
-5.2 -0.4 -19.731
-5.2 2 -31.762
-5.6 -8 0.3657
-6.4 -2.8 -20.516
8 1.2 -37.463
3.2 5.6 -4.7865
0.4 -8.4 -12.223
-1.2 -5.2 1.6907
4.4 4.4 -7.8587
-5.2 4.8 -56.048
7.6 -5.6 -68.5
-0.4 -9.2 -3.3454
1.7764e-015 -2.8 -0.38995
-3.6 -7.6 0.23297
6.4 4.4 -14.403
10 1.7764e-015 -65.186
-4.8 3.6 -38.214
7.6 -8.4 -90.487
-4.8 0.4 -26.002
4 -5.6 -30.729
6 -6.8 -52.095
-1.6 9.6 -44.693
6.4 9.2 -12.959
2.4 9.2 -10.03
0.8 -2.4 -1.516
-4.4 1.6 -24.548
4.4 1.7764e-015 -17.018
4 4 -6.1084
3.2 -0.4 -7.0323
-4 -3.2 -6.5513
1.6 -4 -5.2337
0.8 -0.8 1.4283
-8.4 -6.4 -25.536
5.6 6.8 -13.462
8 1.6 -38.194
1.2 -5.6 -2.3675
6.4 1.7764e-015 -28.581
-8 1.2 -62.818
0.8 -5.6 -3.1582
9.6 5.6 -37.953
-9.6 9.2 -169.59
6.8 3.6 -14.516
1.2 4.4 -13.525
-9.6 -4.4 -50.978
-9.2 -4 -40.413
8 -4 -67.309
8 3.6 -23.571
-1.6 7.6 -36.15
6 9.6 -14.935
9.2 7.6 -30.233
-9.2 -4.4 -39.881
-7.2 -3.6 -24.488
4.4 -9.6 -53.115
3.2 9.2 -12.373
-4 7.2 -51.279
-4.4 0.8 -18.41
5.2 -5.2 -38.078
4.4 6.8 -9.5276
-4 -3.6 -1.4619
-9.2 5.6 -118.52
5.6 9.2 -20.436
8.8 9.6 -28.41
-7.6 -9.2 -11.029
-1.6 -7.6 -3.7376
8.4 4 -30.69
5.2 6 -11.745
6 2.4 -13.273
1.7764e-015 -6.4 -7.3404
2 6.8 -12.592
8.4 0.4 -46.257
-6 -2 -18.399
-4 -4.4 -2.9695
10 8.4 -31.161
-4.4 -6.4 -4.4218
1.7764e-015 6.8 -20.131
-5.2 -5.2 -5.1864
1.6 -3.2 -7.4812
0.8 -7.2 -12.113
-4 -8 -1.6535
1.2 -0.4 0.48657
-8 -4.8 -26.765
8.4 0.8 -48.2
-6.4 8.4 -94.093
4.4 5.6 -4.5478
-7.6 4.4 -76.368
-7.6 -4 -28.15
5.6 4.8 -4.0709
7.6 -3.2 -52.471
1.7764e-015 -1.6 5.1338
-2.4 -7.6 1.4507
-6 8.4 -91.211
-3.6 -0.8 -8.0255
-6.4 -2 -29.623
-3.2 -8 -3.1859
-6.8 0.4 -39.162
-5.2 2.4 -34.329
2 -6 -13.391
0.8 0.8 3.2492
-2 5.6 -20.588
8.8 -3.2 -73.905
5.6 -5.6 -44.641
-0.4 -4.4 0.34209
6.4 2.4 -26.48
-4.4 6 -50.734
3.6 4.8 -11.681
-0.8 4.8 -10.952
-7.6 5.2 -84.933
-1.2 4.8 -17.374
0.8 8.4 -19.72
-7.2 9.6 -120.03
-5.2 -6.4 -2.5532
2.4 -8 -21.863
-6.8 -4.8 -17.621
-6.8 3.6 -59.72
2.4 1.6 -2.0486
6.8 -2.4 -42.792
9.2 4.4 -39.042
10 0.8 -62.177
-3.6 2.4 -19.917
-6.4 3.2 -57.101
5.2 7.6 -10.636
-0.4 0.8 0.77848
-0.8 -4.4 2.4293
-7.6 6.4 -97.364
-5.2 -4.8 -5.7974
4.4 9.2 -8.7555
5.6 -2 -26.791
8 0.4 -39.73
-5.6 -4.4 -11.533
-3.2 1.7764e-015 -9.5762
-3.2 -2 -0.83514
-6.4 7.2 -87.977
-2 -6.4 3.5612
3.2 4 -9.804
2.8 7.2 -15.93
-8.8 -6.4 -34.115
-2 8 -42.386
4.4 -3.6 -24.298
-4 -6.8 1.6019
-3.6 5.6 -37.113
-5.6 0.4 -31.295
4.8 7.6 -7.9737
6 -8.4 -68.995
2 -9.6 -26.772
2 9.2 -11.85
-2 -1.6 1.2459
-6.8 -8.8 -8.8729
9.6 -5.6 -101.83
1.7764e-015 3.2 -9.2244
2 8 -14.26
-3.6 0.4 -14.151
2.8 5.6 -3.3154
8.4 5.2 -31.427
0.4 9.6 -23.259
-9.6 -0.8 -71.939
5.2 4.8 -14.599
0.4 -0.8 2.9948
-6.4 -0.4 -31.624
-8.4 -7.6 -17.265
9.6 2.4 -54.119
-5.6 3.6 -52.182
2.4 6 -9.5995
5.6 -9.6 -69.868
-5.2 -1.6 -18.802
6.8 9.6 -15.782
-5.2 3.6 -45.486
9.6 4.4 -42.764
4.4 0.8 -10.08
-6.4 2.8 -56.678
1.6 6.4 -12.647
-9.2 3.2 -97.921
9.6 4 -43.222
7.2 -1.6 -39.385
-2.4 9.6 -48.771
4.8 8 -4.1161
5.6 2.8 -14.552
9.2 3.2 -42.71
-1.6 4.4 -17.978
-0.8 -8.4 -0.21203
-5.6 -9.2 -7.983
-3.6 6 -40.121
7.6 3.2 -28.705
-6 -4.4 -13.285
8.4 -7.2 -98.17
3.6 -3.2 -20.435
-9.2 8.8 -148.11
-9.2 -3.6 -43.943
-4.8 -6 -1.9398
-1.6 5.2 -21.861
-7.2 1.6 -48.188
-8.8 7.6 -130.29
6.4 8.4 -7.6495
2 -5.2 -7.8951
-9.2 9.2 -151.92
-7.6 -6.8 -17.824
5.6 -8 -56.764
9.6 1.2 -57.121
-6.8 4 -66.51
7.2 -5.6 -61.712
-3.2 8.8 -51.993
4 -0.8 -3.486
-1.2 -8.4 -0.25383
3.2 -6.4 -23.226
1.7764e-015 5.6 -6.8568
6.4 -4.8 -49.641
7.6 -9.2 -100.74
1.2 -4.8 -8.1465
6 6.4 -9.5938
1.7764e-015 9.2 -24.11
-1.6 4 -11.159
-0.4 10 -38.023
-6.4 -5.2 -19.333
2.8 2.8 -6.6515
-9.2 -0.8 -62.391
-2.8 -7.6 3.3765
9.2 -2 -71.137
-1.2 -2.4 1.0076
3.2 6 -9.8982
-2.4 -6.8 1.751
4.8 -3.2 -24.774
-3.2 -1.2 -10.255
-2.8 5.6 -26.339
-9.2 -5.6 -34.752
-2.8 -7.2 -2.0509
2.8 1.2 -6.5764
-8.8 5.2 -100.12
-7.6 0.8 -53.016
-5.6 2.8 -43.978
3.6 2.8 -8.6691
6.4 -2.4 -34.241
0.8 3.2 -1.706
2 0.4 1.4843
-1.2 -4.8 1.4066
10 -0.8 -74.4
2 9.6 -19.199
8.8 6 -33.73
4.4 2.4 -4.8026
-8 -4.4 -35.937
5.2 2.4 -10.188
6 -9.2 -74.216
8.8 -8.4 -110.39
-9.6 -5.2 -42.512
6 -1.6 -33.041
8 3.2 -29.014
-6 8.8 -91.402
-0.8 7.6 -27.376
-0.4 9.2 -31.109
9.2 -4 -85.636
-2 9.6 -44.739
9.6 -0.8 -66.812
2.8 -6 -15.437
-5.6 -2 -16.575
-6 10 -95.742
-6.4 -4.8 -10.51
-2.8 3.2 -22.438
-7.6 2.8 -68.441
-3.6 2.8 -21.818
9.6 7.6 -35.552
1.2 -5.2 -9.1068
7.6 2.8 -30.366
2.8 -3.2 -12.364
6.8 -8 -77.446
6 -5.6 -45.659
4.4 -4 -22.341
-9.2 2 -83.149
2.8 -6.4 -17.875
-0.4 8.4 -23.504
-7.6 9.6 -131.19
-2.8 10 -63.89
0.4 3.2 -2.6642
-4.8 5.2 -51.306
6.8 7.6 -10.687
-3.2 6 -34.621
-4.8 -6.4 -5.9373
-3.6 -6 1.7736
1.6 0.8 0.70323
0.8 -7.6 -8.1011
-8 6 -96.265
3.6 -2.4 -10.324
4.4 -8.4 -49.507
6.4 -0.8 -25.582
2 4.8 -5.8346
-4.8 -5.6 -3.2362
-8.8 -9.6 -14.348
-6.4 2.4 -49.022
-1.2 1.2 2.4219
-2 8.4 -43.527
5.2 -9.2 -67.72
-4.4 4 -36.645
-6.8 -0.4 -38.395
0.4 -8 -4.2105
0.4 4.4 -12.593
-9.6 -8.8 -23.615
-2 -0.8 -6.5085
8.4 7.6 -27.56
-8.8 4.4 -101.18
-7.6 -7.2 -11.611
6.8 9.2 -14.443
-8 9.6 -142.9
5.2 5.6 -2.1073
-1.6 8 -31.244
2.4 5.6 -7.2293
-7.2 -5.6 -21.593
-0.4 -4.8 -6.5446
1.6 -5.2 -2.1735
4 -1.6 -9.2171
-8.4 8.8 -134.02
0.4 5.2 -11.363
-4.8 -8.4 -0.27511
8 4.8 -28.652
3.2 -8 -28.266
-7.6 0.4 -46.72
-0.8 5.6 -15.683
-2.8 9.2 -52.605
-3.6 10 -63.475
4.8 -2 -21.49
-3.6 -5.2 -6.2398
0.8 8.8 -19.868
6 -7.6 -62.903
-8.4 7.2 -120.18
6 1.2 -17.988
2.4 -8.4 -26.052
-7.2 7.6 -103.09
6 -4.4 -48.813
5.6 -4.4 -46.256
-8 -9.2 -10.715
8 9.6 -16.186
-8.8 5.6 -108.36
-9.6 8.8 -160.73
3.2 8 -14.573
9.2 8.8 -29.351
8.8 1.6 -44.314
4.4 3.2 -3.5545
-5.6 4.4 -48.93
-3.6 4.8 -29.675
-5.2 -2.4 -12.516
5.6 -3.2 -32.817
-8.4 -8.4 -17.914
2.8 -9.2 -28.547
-2.8 4.8 -23.433
7.2 0.4 -30.027
-0.4 -2 -2.8682
-6.4 2 -45.644
1.6 -6.8 -15.988
8 -4.4 -70.686
4.8 -2.8 -21.404
8.8 5.2 -33.055
-1.2 -4 2.6682
-0.4 2.4 -2.5887
7.2 -0.8 -35.998
1.6 0.4 -2.9768
0.8 10 -23.359
3.2 -8.4 -25.789
2.8 3.2 1.1784
2.4 6.4 -0.83702
-8.4 2 -73.373
-4.8 -1.6 -15.219
10 0.4 -72.629
-1.2 8 -31.391
2 7.6 -6.5672
6.8 -7.2 -70.404
-5.6 3.2 -39.594
9.2 -3.6 -78.198
-3.2 -2.4 -2.9822
8.4 -4.4 -70.561
1.7764e-015 -5.2 -6.3366
-1.2 10 -41.251
4 -6 -32.85
-1.2 -5.6 -4.1844
-2.8 -3.2 -2.8941
4 7.6 -4.3282
8.4 -8 -104.43
8.4 9.6 -20.203
10 -5.6 -110.93
2.4 -1.2 -8.3104
-1.6 -6 -2.6483
-3.2 5.6 -34.818
-3.6 -8.8 -3.3878
1.6 8.8 -13.961
5.6 8 -14.987
6.4 8 -10.982
-6.8 -9.6 -3.6646
1.6 -8.8 -18.728
-6 2.8 -50.268
9.6 6.8 -35.932
6.8 -3.6 -46.912
-6.4 -7.2 -10.294
-3.6 7.2 -52.519
1.6 -5.6 -4.1593
-2 -3.6 -1.2245
9.6 -0.4 -62.23
-2.8 -6.8 4.0899
-3.6 -1.2 -7.5163
9.2 -7.6 -111.14
8.8 -2.8 -73.3
-1.6 10 -42.912
-4.4 -0.8 -19.093
-8 6.8 -106.97
8.8 1.2 -49.181
7.2 8.8 -10.813
4.8 4.4 -6.0889
-2.8 -4 0.26155
7.2 -2.4 -46.961
7.6 -7.2 -81.348
7.6 8.4 -19.658
2.4 0.8 -1.976
-0.4 -2.8 -0.64559
-7.6 -1.6 -37.673
4.8 6.8 -13.547
-5.6 1.6 -34.188
0.4 2.4 -0.75853
6.4 -5.2 -49.502
1.6 9.6 -19.011
-1.2 8.4 -34.093
9.6 8 -27.351
-0.4 6 -20.517
6 -1.2 -28.478
-5.6 -6 -11.264
8.8 2.4 -45.184
-9.6 -1.2 -67.552
9.2 -2.8 -76.365
0.4 1.6 -5.7056
6.4 7.2 -13.378
1.2 0.4 6.3845
4.8 4 -6.304
1.2 5.2 -5.7618
4 10 -15.494
-8 3.6 -80.907
-2.8 -5.6 -2.5789
-8.8 -9.2 -12.5
9.2 -7.2 -107.62
3.2 7.6 -10.341
-3.2 -9.6 -0.12617
6 -2 -31.381
7.6 0.8 -32.723
2 5.6 1.3372
-3.2 -9.2 1.7849
-4 -1.2 -9.2922
2 -8.8 -25.148
-6.4 -2.4 -22.918
-8 -0.4 -47.112
2.8 8.8 -12.142
6.8 -4.8 -53.091
-2.8 4 -17.489
10 3.6 -50.993
-6.4 7.6 -88.419
3.2 -5.2 -22.815
0.8 7.6 -16.604
2.8 7.6 -13.329
10 1.6 -53.968
-2.4 -8 5.2072
8.4 -0.4 -47.817
-1.6 -0.8 4.3493
-6.4 4.8 -63.597
-1.6 2 -1.6694
-2.4 3.2 -19.388
6 8 -10.998
9.2 -0.8 -59.126
-8.4 10 -148.53
2.8 -5.6 -21.866
-6 6.8 -73.799
9.6 9.6 -27.601
-8.4 -2.4 -47.736
-6.4 6.4 -76.666
7.2 -7.6 -79.908
7.2 -6.8 -74.089
-5.2 -9.6 2.8416
-1.2 2.4 -11.194
-1.6 6.4 -27.718
1.2 -6.4 -7.3694
-4.8 -2.8 -10.807
5.6 -9.2 -73.39
4.4 6 -12.264
-7.6 3.2 -72.803
-2 -0.4 -0.94657
-6 4 -52.347
-0.8 -2.4 -0.46075
10 -9.2 -144.85
-4.4 -4.4 1.0727
9.6 7.2 -31.803
-1.6 1.2 -7.5933
-6 -3.6 -18.909
-1.2 -8 -3.3679
5.2 -2 -25.164
4.4 9.6 -7.4448
2.8 -8 -20.769
8 -1.6 -53.299
-6 -2.8 -15.311
-4.8 4 -43.652
-0.8 4.4 -15.171
-6.8 6 -85.181
-7.6 4.8 -82.284
-4 2.4 -24.737
8.4 -6.8 -95.406
-0.4 7.6 -24.012
8.4 2.4 -34.641
-6.8 7.6 -89.35
9.6 -6 -104.15
-0.4 4.8 -11.042
1.2 -8 -15.947
-9.2 -8.4 -19.578
6.8 -2.8 -41.988
-5.6 -2.8 -17.241
-6.8 5.2 -71.885
2.4 1.7764e-015 -0.19913
-4.8 -8 -6.1234
2.8 -2.8 -4.5669
4.8 2 -7.9215
-4.4 -2.4 -5.9935
-6.4 -9.6 2.8297
9.6 3.6 -40.635
9.2 7.2 -29.238
0.8 -6.4 -3.9784
3.6 1.6 -8.1543
2.8 -2.4 -6.833
-6.4 -8 -10.7
-2.8 -2.8 -1.4995
8.4 7.2 -23.958
5.6 -0.8 -25.825
1.6 10 -27.681
-0.8 -6.4 4.9574
-6.8 -1.2 -32.995
5.6 -2.4 -29.824
-0.8 -9.2 -2.3718
1.6 4 -8.7724
-4 7.6 -62.137
-8 -8 -14.732
7.6 8 -11.038
8.4 9.2 -22.987
2.4 -9.2 -33.552
0.4 -5.6 -6.041
-7.6 -7.6 -18.01
6.8 1.6 -24.48
10 8.8 -32.98
2 10 -20.218
8.8 -6.8 -102.44
8.4 8.8 -30.507
9.6 -2 -76.149
2.4 -5.6 -14.717
-2.4 -9.2 1.8366
0.8 -8 -7.8577
-9.6 -0.4 -72.38
-0.8 -0.4 3.0486
-8.4 9.6 -139.62
4 -2.4 -12.992
3.6 8 -15.918
-9.2 2.8 -90.356
2.8 -0.8 -0.99199
8.8 -9.6 -126.73
7.2 8.4 -12.21
4.8 -7.6 -48.631
9.2 -6.4 -109.34
3.6 -8 -33.524
-0.8 -2.8 -0.13171
9.6 4.8 -39.312
-8.8 -6.8 -26.692
8.4 6.4 -24.771
-4.8 1.7764e-015 -24.121
-9.6 0.4 -76.36
0.4 6.8 -16.718
-8.8 -8 -19.726
8.8 7.6 -25.02
4.8 2.8 -9.9675
4 -3.2 -19.773
-1.2 -6.4 -2.0238
-7.2 -5.2 -11.936
-8 2 -65.966
2.4 -2.8 -5.3582
8 -6 -77.209
5.6 -8.8 -65.262
2 -2.8 -0.075798
5.2 -3.2 -26.765
6.4 -1.6 -35.535
-1.6 2.4 -5.7276
-7.6 -9.6 -10.76
1.7764e-015 1.7764e-015 -0.35389
10 -3.6 -94.389
7.6 6.8 -20.657
-4.4 0.4 -21.076
-8.4 0.4 -54.222
9.2 8.4 -31.562
3.6 3.2 -1.2952
-6.8 -2 -29.508
7.6 -4.8 -67.442
-0.8 -5.6 3.1888
9.2 -9.6 -130.62
1.7764e-015 2.8 -5.2933
-4 -0.4 -8.4315
-7.6 8 -111.78
4 5.2 -5.7601
1.7764e-015 -3.6 0.35614
9.2 8 -29.532
9.6 -7.6 -114.09
2 -1.2 0.40229
-6 5.6 -66.182
4.4 8.8 -12.146
-0.8 8 -24.719
-3.2 8.4 -51.195
5.2 -8 -54.392
-4.8 5.6 -53.614
2.8 4 -6.2313
-6.4 10 -115.41
-8.4 3.6 -88.162
-4.8 -5.2 -11.062
-6 4.4 -55.846
2.4 -7.6 -20.368
-7.2 -1.2 -38.038
9.6 1.6 -56.935
-0.8 1.6 -4.6277
-3.2 -8.8 -1.5787
-4 -4.8 -4.3998
-1.2 -8.8 -8.5496
5.6 6 -14.258
3.6 7.6 -7.2615
-8 -1.2 -46.553
6.4 7.6 -13.717
6 6.8 -15.937
6.8 -7.6 -69.327
2.4 1.2 -2.9281
4.8 -1.2 -16.314
4 -9.6 -50.464
2.8 -7.6 -23.032
-4 -2.4 -3.6588
10 -2.8 -84.824
-7.6 -0.8 -41.063
5.2 -0.8 -16.01
-2 -4.4 -1.9315
-7.2 -0.4 -43
-3.6 8.4 -52.387
6 0.4 -28.798
5.2 0.8 -13.404
-1.6 9.2 -36.957
1.7764e-015 -2.4 1.5544
1.2 2.4 -3.7808
-5.2 5.2 -60.05
-9.6 5.6 -123.89
-7.2 0.4 -43.689
-1.6 4.8 -17.533
-2 4.8 -19.201
4 -8.8 -46.767
-9.2 -1.6 -53.028
-1.2 -4.4 -5.5587
0.8 -9.6 -17.684
-0.4 -8.8 -7.0839
-4 -2.8 -6.1793
2.4 2.4 -1.2127
-2.8 -3.6 -0.39119
-2 -9.2 -0.77257
4 8.8 -12.001
1.7764e-015 -4 -0.95905
8.4 6.8 -24.624
1.7764e-015 5.2 -7.3113
6 0.8 -22.033
-6 2 -42.9
2.4 -4 -4.5032
-8 -5.6 -22.09
-2 -6.8 1.7891
0.8 -5.2 -2.1322
-6.4 1.2 -38.41
-9.2 0.8 -76.427
0.8 -3.2 -2.9794
-3.6 -2.4 -9.033
-4 -8.8 5.8438
3.2 8.8 -16.025
7.2 -9.6 -82.812
-8.8 -4.4 -38.35
-0.8 2 -3.9505
9.2 2.8 -46.783
1.2 2 4.0715
-5.6 -3.2 -12.928
0.4 -4.8 0.38366
-2 -1.2 0.0044676
0.4 5.6 -11.238
4.4 -4.8 -22.931
8.8 8 -18.706
2.8 -1.6 -8.2748
2.4 6.8 -6.1355
-0.8 5.2 -16.256
-2.8 4.4 -23.386
-0.4 2 -0.10783
5.2 -1.2 -25.106
0.4 8 -18.259
-8.4 7.6 -121.91
8.8 -3.6 -73.15
-4.4 5.6 -43.642
5.2 9.2 -9.1608
-5.6 1.7764e-015 -27.449
0.4 -1.2 -3.9614
-8.4 -8 -15.641
-4.8 -4 -5.4861
6.4 0.8 -25.991
-1.6 -2.8 -4.8235
5.6 1.6 -18.647
-0.4 -1.6 3.3113
8.4 -2.4 -58.721
-2 -4 1.326
-2.4 -1.6 -1.6835
-0.8 -6.8 -3.6771
1.6 6.8 -8.7615
5.2 8 -0.58271
-4 -0.8 -16.162
-8 8 -120.73
-4 0.8 -18.163
4.4 -6.8 -33.121
-5.2 4 -42.059
-7.2 -6 -19.534
4.8 1.2 -11.161
6.4 -3.2 -36.818
-2.8 -9.2 0.308
-4.4 3.6 -31.538
7.6 6 -20.144
-6 -0.4 -27.473
4.8 -2.4 -29.482
2 8.4 -17.489
-3.6 4.4 -27.37
3.6 10 -6.3314
-4.8 8 -69.515
8.8 -9.2 -121.08
5.2 10 -14.349
-5.2 9.2 -86.119
-6 -3.2 -12.542
1.7764e-015 -7.6 -8.9194
-7.6 -2.4 -34.656
-7.2 8.4 -109.72
-6 -9.2 2.3823
-7.2 -2 -33.58
3.6 1.2 -4.8334
4.8 8.4 -13.653
1.6 -6 -13.363
-9.6 4.8 -117.62
-7.2 6 -87.883
-5.6 -5.6 -8.9233
8.8 2 -46.342
6 -2.4 -30.627
-9.2 6.8 -124.11
2 -6.8 -18.493
8 0.8 -34.904
-5.2 0.8 -25.96
-2 1.2 -3.6646
7.6 -0.4 -42.63
3.2 7.2 -10.305
5.6 2 -15.137
3.6 -3.6 -17.131
-8 -0.8 -43.289
-2.4 2 -15.566
-5.2 -3.6 -13.981
4.4 -5.6 -32.645
-1.6 5.6 -19.197
-8.4 4 -90.531
9.6 -2.4 -77.665
1.7764e-015 0.4 5.7852
-5.2 8.4 -79.08
-6.8 1.7764e-015 -37.174
5.2 4.4 -11.963
-0.4 -4 -3.9294
-6.8 4.8 -69.344
3.2 5.2 -4.6904
-2.8 -6.4 3.2826
7.2 -2.8 -51.707
-4.8 3.2 -37.221
-8 2.4 -69.15
-4.8 -6.8 -3.2966
6.4 -8.8 -81.464
-7.2 -6.8 -13.272
-4.4 -7.6 -3.4872
-0.8 -1.2 2.8151
9.6 6.4 -34.766
-8.8 -3.6 -42.898
4.4 10 -17.369
8.4 8.4 -25.209
8 6.8 -22.751
9.2 1.7764e-015 -60.93
5.6 10 -15.623
-4 -9.6 -2.5284
-9.2 7.6 -136.8
9.6 -7.2 -124.07
3.2 9.6 -17.81
-8 -6.8 -16.763
10 -8.8 -139.72
4 6.8 -6.688
9.2 6 -35.546
-4.8 -9.6 -5.295
0.4 4 -6.9283
-9.2 1.6 -78.733
3.6 6.4 -2.8949
1.6 5.2 -0.57909
-2.4 2.8 -12.963
-4 -7.6 -2.8156
-2.8 8.4 -51.282
1.2 9.2 -20.986
-8.4 8.4 -133.58
10 5.6 -36.945
-6.8 4.4 -68.585
3.6 2.4 -1.2929
-1.2 6 -20.947
5.2 1.7764e-015 -13.708
7.2 -8 -78.923
2.8 9.2 -9.1023
1.2 -4 -9.1769
-4.8 7.2 -64.067
9.2 6.4 -30.372
-6.8 2.4 -53.539
3.6 4.4 -5.1447
6 -4 -39.14
4.4 2 -13.704
-4.4 6.8 -46.652
-6.8 3.2 -66.463
-3.6 6.8 -50.119
-6.8 -9.2 -8.9948
-7.6 -8 -10.115
-0.8 6.4 -18.418
-4.8 -4.8 0.59516
1.2 8.4 -13.31
-0.4 4.4 -3.6885
-6.8 -3.6 -19.891
-1.2 3.2 -15.337
-8 1.7764e-015 -52.759
-2.4 5.6 -24.373
4.4 2.8 -6.5318
0.8 0.4 1.4761
-8.4 -7.2 -21.239
4.4 -1.2 -15.099
8.4 -5.2 -75.866
-7.6 -3.6 -31.421
8.4 5.6 -30.354
4.4 -2.8 -18.507
-7.6 1.7764e-015 -46.505
4 6 -10.208
6.4 3.2 -20.697
7.6 5.6 -24.641
-8 8.8 -120.6
10 -6.4 -117.48
-1.6 -6.8 2.4031
-6 -8.8 -7.5255
8.8 -6.4 -97.354
-8.8 8 -134.27
-7.6 7.2 -101.78
6.4 -9.2 -76.977
-8.4 4.8 -90.076
10 8 -33.9
3.6 5.6 -6.7605
5.2 -6 -36.448
-4.4 -3.2 -6.1091
6.8 -1.6 -34.414
6.4 -8.4 -70.159
-4.8 -4.4 -2.9382
-1.2 2.8 -11.332
1.6 -2.4 -1.4023
6.4 -2.8 -39.81
2.8 -8.8 -34.201
3.6 -7.6 -38.319
2.8 4.8 0.5032
1.7764e-015 -9.2 -11.665
8.8 -7.2 -100.86
1.6 -1.2 -2.7419
-5.6 -9.6 -6.1541
-6.4 0.8 -36.945
-8 8.4 -119.27
-5.6 -6.4 -5.1243
1.2 3.6 5.0276
4.8 -8.4 -49.66
-7.2 -7.6 -9.7931
-6.4 6 -72.199
7.2 -8.4 -87.715
2 -4 -13.712
-2.4 -0.8 -2.2501
0.8 2.8 -2.2539
1.2 2.8 0.018297
7.2 7.6 -16.506
9.2 6.8 -29.218
-0.4 5.6 -15.135
-2.4 -3.2 -3.4338
8 1.7764e-015 -43.091
3.2 -7.6 -31.459
6.8 5.6 -19.82
1.7764e-015 1.6 0.1401
2.8 9.6 -18.629
-6.8 -1.6 -30.525
4 1.7764e-015 -15.25
-2.4 8.8 -46.127
-3.2 4.4 -30.945
9.6 -8 -129.42
-4.8 6.8 -60.93
2.4 4.8 -4.194
-6 1.6 -30.112
-6 4.8 -62.586
8 -1.2 -51.303
7.6 -9.6 -104.65
9.2 2 -54.124
3.6 -6.4 -27.609
