11.239 -8.8523
10.897 -8.8768
10.982 -8.094
11.732 -7.2351
8.6554 -6.9201
6.9563 -4.8368
15.175 -10.579
9.2287 -7.7362
12.206 -7.7568
7.135 -4.3228
9.5601 -6.527
13.196 -8.002
11.273 -10.512
12.838 -10.406
10.666 -7.7075
6.1754 -4.8665
8.7578 -6.5493
10.551 -6.2925
11.072 -7.8766
10.982 -9.0047
11.484 -9.0283
9.4747 -7.576
11.526 -7.8907
10.606 -7.3919
9.1953 -7.2329
7.8549 -5.4571
9.2705 -6.7664
9.0018 -5.609
8.1702 -5.5422
10.464 -7.6342
11.716 -10.481
11.277 -9.3489
14.627 -7.829
14.378 -8.6681
10.355 -10.176
10.87 -6.9238
6.4681 -2.313
9.6135 -5.9602
12.085 -9.6583
8.7209 -6.2416
12.435 -9.1985
11.9 -8.4089
12.529 -9.1265
9.1469 -6.387
10.054 -7.2791
12.7 -9.2145
8.9429 -7.0993
12.276 -7.5739
10.43 -6.1292
12.721 -9.7
11.743 -8.9326
8.618 -6.7585
14.326 -9.0204
10.896 -9.9767
11.479 -8.6917
10.158 -8.5252
10.862 -7.1813
12.319 -7.7287
10.688 -7.9251
11.201 -7.6116
9.882 -5.0884
11.95 -9.6155
11.77 -5.6393
12.257 -7.9148
11.738 -8.8163
11.325 -8.9975
12.064 -9.4351
10.46 -6.1634
9.7181 -7.9294
9.5859 -4.5307
8.9688 -8.1523
11.218 -6.2224
13.222 -9.3576
10.084 -6.8724
10.951 -7.5843
11.955 -7.8823
10.669 -8.6298
11.903 -6.9484
12.352 -7.4728
9.1117 -7.6698
14.396 -9.8271
10.807 -7.3111
10.402 -6.6271
13.054 -8.9639
13.823 -11.964
14.016 -9.8276
9.7002 -6.7719
9.3998 -8.4338
10.53 -8.2554
9.5143 -7.95
11.674 -7.5516
13.789 -11.297
11.781 -7.8733
11.481 -8.1175
10.417 -8.091
8.9295 -5.7604
11.419 -8.4763
11.69 -7.6743
9.8049 -7.3629
12.429 -9.1761
12.047 -9.5198
9.5946 -7.4127
12.127 -11.885
8.9482 -6.8436
9.0214 -5.9364
12.862 -8.2957
13.779 -8.3533
13.681 -9.5111
13.644 -7.442
14.204 -10.662
6.7379 -3.9437
9.8246 -7.0736
12.206 -7.9305
10.356 -8.1036
13.203 -10.553
11.184 -6.592
10.121 -6.4345
12.879 -12.32
13.804 -10.528
9.5424 -6.2996
8.6374 -5.4065
13.593 -12.393
9.3209 -7.7306
11.473 -7.8552
7.1971 -6.1189
9.5037 -6.0719
12.704 -8.655
9.2233 -6.951
9.8048 -7.9982
8.7113 -6.8141
13.58 -9.3631
9.4296 -6.5039
10.193 -7.6905
12.28 -9.1414
10.356 -10.961
10.11 -8.004
11.415 -8.8256
9.2364 -6.7248
13.527 -11.618
8.8378 -6.7402
11.488 -8.6081
12.882 -10.306
8.7675 -7.4271
11.744 -10.305
10.973 -6.3903
12.315 -8.4952
9.961 -5.4921
10.844 -7.9248
13.456 -9.5856
11.207 -4.9178
11.724 -8.9791
11.783 -9.1389
10.121 -7.3611
13.354 -10.413
12.738 -10.136
14.162 -9.2609
13.034 -5.8991
9.7551 -9.8995
10.964 -7.1209
9.5803 -6.1051
11.618 -9.8279
12.132 -8.5754
10.463 -6.8094
12.627 -7.79
13.492 -8.0451
7.467 -4.907
10.357 -7.9421
9.0379 -6.9941
10.282 -6.8202
10.399 -7.7958
10.743 -8.6564
13.264 -10.629
9.8397 -4.7419
13.488 -10.473
12.886 -7.6706
12.009 -5.7189
11.083 -8.112
11.003 -8.463
12.343 -8.0459
12.388 -10.341
8.6822 -7.0203
11.154 -7.8512
12.22 -8.9868
10.44 -7.1579
11.113 -8.415
10.108 -10.323
9.4249 -7.1872
10.713 -7.6953
11.582 -7.3421
12.405 -9.9563
10.968 -8.2786
8.7617 -6.3687
11.642 -8.2651
11.923 -8.2032
13.196 -9.3053
8.8125 -7.4168
9.8874 -7.1884
7.9298 -7.5038
10.684 -8.045
12.331 -8.8318
8.7 -6.3667
11.704 -6.3066
9.6093 -6.363
12.914 -9.7242
10.513 -8.0071
12.389 -8.7474
9.69 -7.5727
9.7542 -9.6556
13.221 -10.338
7.6829 -5.5655
12.017 -9.5272
10.186 -7.9078
9.8135 -5.6277
11.931 -10.333
12.098 -7.8368
10.461 -6.7133
11.011 -8.0483
12.638 -11.365
13.929 -10.407
10.617 -10.429
12.979 -8.8039
8.6234 -8.5463
9.2847 -7.6093
10.23 -9.1109
11.832 -6.4534
8.7613 -5.1589
9.5789 -4.6471
8.7464 -7.3593
8.9215 -7.6977
10.338 -10.066
9.633 -8.2504
10.392 -7.0266
9.8423 -7.9329
9.1879 -6.3418
9.9617 -6.6349
11.585 -6.328
11.347 -9.6496
11.366 -8.9211
11.323 -6.9662
11.272 -7.414
8.0602 -6.5068
11.279 -6.9621
11.317 -6.5134
10.318 -5.9797
8.3888 -4.5083
10.172 -9.1838
10.232 -7.4387
9.962 -8.668
12.38 -8.9332
9.159 -6.7782
