1.8461 0.47394
-2.5722 -1.081
0.28351 -1.3061
1.198 1.2072
-0.33931 1.6132
0.081927 1.0344
2.9545 -2.6187
2.4425 -2.2466
2.4385 1.2286
-1.3697 -0.75843
0.28249 -1.793
1.9436 2.8234
-1.6996 -0.36753
-0.40349 -0.20899
-0.31803 1.6614
-0.53938 1.159
-0.20805 0.44857
-0.28747 -2.1054
0.0025232 0.37143
0.43198 2.0473
-3.7201 -0.25201
1.3036 0.59518
1.8094 3.3188
1.0822 -3.8471
-0.022849 0.2396
-0.56901 4.0292
1.4009 2.9711
0.67628 -0.66669
-0.31087 1.1586
0.49982 -1.1645
1.4897 2.6368
-1.011 -1.812
-0.4594 1.2209
-0.72936 -0.039688
1.566 1.0913
-0.42799 0.83335
1.6008 1.0585
1.1651 0.31004
0.52347 -0.2607
0.72063 -0.46205
-0.50866 2.8215
0.72728 -1.3125
-0.06653 2.3937
0.25768 4.0764
0.60931 0.031302
0.23636 -0.36933
1.1116 -0.0015967
-0.74533 -0.27525
-1.1472 1.4582
-0.67324 2.3399
1.1177 -0.45426
-0.93891 1.9382
-0.46724 1.6833
0.080875 -0.33777
-2.2062 -0.98926
-0.1884 0.51634
-0.22741 0.15884
3.2261 0.34383
-0.07975 -0.28977
-2.3647 -0.45556
0.11013 -0.38072
-1.0679 -0.93368
-0.40939 1.0322
-1.2807 -1.1216
0.34599 -1.2003
-1.5681 0.53961
1.5457 4.652
2.2131 0.035589
-1.3273 -1.1711
-0.93992 1.6944
1.094 -1.4815
-1.0891 0.81762
0.03403 -0.1371
-0.94181 -1.6223
0.20846 -0.56324
-1.759 -0.81656
-3.2605 1.4064
-0.70734 0.44711
0.20238 0.18548
2.1948 -0.53403
1.7324 -0.4867
2.867 -0.88975
1.6082 0.96213
-2.2578 -0.66446
0.60461 -1.9909
-0.67518 -1.769
-0.72689 2.2639
-0.16944 -2.482
0.57392 1.161
-1.4252 -0.5547
-0.94757 -1.6277
0.0065325 0.1602
-1.1305 -0.087791
0.85564 -0.40096
0.065464 0.83216
-2.5437 -0.73758
1.055 1.2849
-1.7327 0.088638
0.79042 3.2295
2.2188 0.017885
1.46 -1.7168
1.858 -3.6517
-0.54776 -1.3356
1.0765 -0.88228
-0.91371 0.25963
-0.28005 -0.050446
-1.8064 1.836
1.2453 -2.7426
0.57542 -0.68046
-0.96869 1.6331
-0.99216 -1.9082
0.46871 1.9482
-1.3251 -0.60729
2.3275 3.1858
-0.11485 -0.74728
-2.1959 -0.14339
0.57706 -1.9138
0.41814 1.5448
0.4055 0.46115
-0.44804 0.26254
-0.57364 1.5926
-1.25 0.1042
2.1881 -0.44634
1.1319 -2.585
-1.5501 -0.29398
2.0974 -0.32757
0.18323 -3.5535
-3.223 -1.0784
-0.77695 -1.081
-1.1336 1.9012
1.036 -4.4157
-0.12852 2.4243
-1.6515 -0.96936
1.1481 -0.57866
0.046491 0.12812
-0.058554 -1.8528
-0.3971 1.2607
-1.0892 -1.6476
-1.359 -0.59817
-0.015634 0.19812
1.6619 -0.75103
0.99969 -1.8695
-0.49936 -0.60956
-0.27485 -4.4096
0.86335 1.185
-0.44223 2.9368
2.0323 1.1376
-1.9194 0.49302
-0.74219 -0.72988
0.96667 -1.9124
-0.36009 -0.48596
-1.9629 0.48102
1.6678 -1.1671
-1.4123 0.29729
0.76176 -0.31218
1.875 1.4333
-0.71347 1.3706
-1.2478 0.2422
-1.2087 1.6387
2.7721 -2.9892
-0.014558 1.8337
-0.14042 1.0509
-0.96463 1.5407
0.36938 5.5595
-1.9098 -0.67825
0.62136 1.5891
-0.52167 -2.4911
0.3231 2.2631
-0.68679 -1.7583
-2.8934 -1.0717
-0.43451 -0.28322
1.7632 1.4897
-1.2858 4.0287
0.24438 -2.3559
-1.8077 0.10409
-0.88164 -1.2268
-0.53671 0.43606
-1.4348 -1.0967
2.623 0.66375
2.7578 0.8159
-1.6205 -1.3969
-0.61649 -1.9922
-2.149 -3.183
0.61344 0.62846
1.0242 4.1561
-1.2397 -1.9003
-2.0405 2.8777
-0.76286 -1.5737
-0.86052 -0.36868
-0.35908 -0.62593
0.75078 -2.7231
-0.9101 -1.8463
0.29359 1.4715
-2.2717 0.73777
-1.5418 -0.89081
-0.62687 0.34586
-0.96696 0.68361
-2.7293 1.0784
-0.25086 -0.9454
0.80972 1.0044
0.7299 -0.062494
-0.82866 -4.7345
-0.10335 -0.098871
2.0762 2.0717
0.91462 -3.4441
2.2822 -2.1338
0.44145 -1.252
0.37791 -0.79189
0.087194 -0.035534
-0.20841 -2.7894
0.14671 0.75646
-3.004 0.51566
-0.82206 -1.4592
-1.3714 -0.091035
-0.31961 2.9132
-1.5862 1.799
-0.8194 -0.68339
-2.8385 0.65622
-0.20987 2.9179
0.61864 1.4051
0.69614 2.7134
-0.68322 -1.0784
-1.9275 0.20701
0.15231 -2.304
-0.56699 3.0003
0.029683 -0.88412
0.86534 0.5847
0.288 -0.38342
1.1344 2.9964
-1.5539 -1.3507
0.8376 -2.5481
-3.2283 1.3284
0.35494 -0.37075
0.81437 -1.8091
-2.0105 -0.2042
1.4301 -2.1613
2.7482 -1.3357
-1.552 -0.18852
0.31821 2.6473
-0.87138 -1.7265
-0.57193 -2.0462
0.37486 0.50569
2.0202 -2.2309
-0.19776 -0.0060649
-0.21446 -0.60479
0.16673 1.1666
0.5547 -0.50321
0.15659 1.6955
0.37434 1.3134
0.0028569 -1.4452
