10 -7.2 -76.426
0.8 -8.4 33.348
8 -5.2 -41.745
-2 3.2 -10.236
4.8 3.6 4.7408
-8.4 -5.2 -2.4985
5.2 -8.4 -9.3064
-0.4 3.6 12.622
-1.2 5.6 1.3747
5.2 -3.6 -22.638
3.6 -0.8 2.3566
7.2 5.2 5.0671
-7.2 6.8 -57.34
-2 -2.4 10.436
-2.8 0.4 -4.8529
3.2 -7.2 4.6333
-0.4 0.4 -3.3406
6.4 2.8 -6.708
2.4 7.6 36.322
-2 -5.2 17.423
-8.8 -2.4 -35.701
-4.8 2.4 -22.499
-7.6 1.6 -44.603
-4.4 -3.6 6.431
7.6 4 2.2468
-8 10 -67.813
1.7764e-015 4.8 0.99306
-3.2 -6 25.969
-1.2 -3.6 21.036
8.8 4.4 -11.54
6.8 -0.8 -34.823
1.7764e-015 8.8 27.381
4 -8.4 14.096
-5.6 -4.8 15.518
-7.2 4.4 -56.12
-3.6 -3.2 4.6614
-0.4 -1.2 4.3777
-2 6 2.5992
6.8 2.8 -9.9983
1.7764e-015 8 33.016
-8.4 6 -65.564
-7.2 1.2 -37.946
-0.4 7.2 26.267
-3.6 -2.8 12.213
-6.4 5.6 -48.565
2 2 4.692
6.4 6 17.909
9.6 -4.8 -78.241
4 3.6 1.8617
-2.4 0.8 -13.659
6 4.8 18.091
-0.8 -5.2 17.588
-3.6 2 -20.371
1.2 -8.4 27.191
1.6 1.2 5.1493
2.4 -1.6 -9.4946
7.6 -8.8 -52.548
4.4 0.4 -4.2114
5.6 7.6 46.006
-5.6 2.4 -40.925
7.2 1.2 -24.425
0.4 -1.6 -1.9304
8.8 10 68.179
3.2 -4.8 -10.428
-2 -7.2 39.379
-2.4 1.6 -9.1303
-1.6 -4 21.03
1.7764e-015 2.4 -1.6544
1.6 2.8 2.5203
7.2 2 -16.217
0.4 -9.2 49.349
-1.2 -1.6 8.9325
9.6 0.4 -54.986
5.2 -9.6 -6.612
-8 -4 -2.8258
-4.8 8.8 -17.045
-2 1.7764e-015 -8.5069
5.6 5.6 12.517
-4 9.6 3.3667
5.6 1.2 -15.223
-0.4 1.6 11.555
3.2 2.4 -9.2042
-1.6 -3.6 11.255
-3.6 -4.4 11.869
1.6 -2.8 13.44
6.8 -8.4 -31.475
7.2 6 15.182
0.8 -8.8 45.499
2.8 2.4 -6.7774
2.4 -4.4 -0.28398
4 -2 -11.167
-5.2 -8.8 61.843
-1.2 4 -3.6393
-3.6 0.8 -11.131
-9.2 -8 31.326
6.4 -9.6 -11.68
-5.6 0.8 -20.475
-1.6 -0.4 -1.3672
10 5.2 -8.0073
0.8 -2 2.4573
