-3.6896 6.9853
-2.5796 11.432
-2.6567 9.3174
-0.75758 7.4585
1.1495 3.1828
-2.1568 8.5308
-0.73649 5.7779
-1.8626 5.8819
-2.6135 3.8772
-1.7626 5.9571
-0.83367 4.9733
0.53142 6.9019
-3.5592 10.74
-1.3417 4.497
-4.872 9.771
-1.6375 4.2235
-2.7396 7.741
-1.6841 7.6184
-3.9189 9.2505
0.4922 4.9539
-3.4906 7.9271
-0.58057 3.5458
-0.8306 4.2725
2.2108 4.6453
1.3178 6.6877
-0.085023 5.832
-2.6982 8.8419
-2.901 4.9914
-0.56842 5.0623
0.62677 4.1093
-2.5698 5.7925
-1.4205 7.4319
1.4845 5.928
-1.6201 10.02
4.1205 5.535
-3.1413 5.5202
2.5881 3.5697
-3.8435 7.6894
0.30574 5.1513
1.3251 6.9449
-3.8898 8.0639
-2.2013 5.9925
-3.1124 8.2334
3.2017 3.6267
-4.0474 6.4862
-5.4987 10.794
-1.1675 6.7798
-0.46141 4.8662
-4.1921 10.5
0.52794 6.1983
0.77929 4.3625
-1.6735 8.7164
1.6273 5.5553
0.84139 1.8476
1.273 3.7663
0.72649 2.6684
-0.17826 4.9177
-0.65172 6.6511
-3.5915 9.5686
0.46567 4.2303
-1.252 7.9726
-1.7177 6.5961
-0.43082 7.9582
-3.3654 8.7936
-1.9229 8.24
-2.0105 9.2263
-3.0821 7.6825
2.002 7.6291
1.3678 4.591
-4.3917 11.28
0.21708 4.6625
-3.3768 6.7605
-0.90268 6.1371
-2.2628 6.0205
1.4387 6.7726
-0.94778 8.7933
-0.87492 6.9957
-0.056843 6.3193
-0.43188 4.0374
-1.0501 6.5305
2.3581 4.0113
0.20862 6.7294
-4.8357 9.2874
-0.96696 4.6094
-0.30449 6.6052
0.45129 6.7493
-1.289 3.402
-2.9268 9.7272
-0.85008 4.8085
-3.1928 6.2561
-1.5563 6.7858
0.49648 4.2483
-2.6804 6.6732
0.44211 3.6801
1.277 3.5869
0.21177 5.3298
-1.2839 5.3386
-0.50183 5.4843
2.2228 1.5769
4.2422 3.9021
0.10701 5.435
1.4344 3.3145
-3.0488 7.4929
-0.030039 3.2694
-1.282 9.1228
-1.6024 7.864
-2.72 7.9553
-1.2984 7.397
-2.2776 3.7076
-1.1173 2.8358
0.057722 4.3262
-3.7043 6.0825
0.67454 5.127
1.8195 3.915
0.26572 4.811
2.5276 3.1161
1.6481 6.2895
-1.4211 8.1821
0.25495 6.529
-1.8765 8.5492
0.35521 7.6933
1.7446 4.863
1.8549 3.2724
3.7441 3.816
1.1625 4.9172
-0.97544 6.6226
0.28709 6.5837
-2.954 7.5825
2.6578 1.8284
-0.43147 6.4665
-2.142 6.3218
-2.4513 5.8592
-0.34987 6.067
-1.5676 7.4935
2.4028 0.97947
-0.070011 4.9898
-0.20602 4.2664
-0.322 8.2994
-1.0816 3.5139
-4.5932 4.5547
-0.054443 4.1838
-0.021297 5.0043
-0.64858 5.4764
1.7069 5.1201
0.9067 6.173
-3.3532 9.2086
-0.55937 5.1061
2.7593 3.0497
0.66247 4.6466
-1.1379 4.2658
0.45951 8.0871
0.81675 1.9301
-0.19584 6.1228
5.1282 2.7919
-1.1659 5.1411
0.32562 6.8255
1.1087 6.4459
-5.1722 8.7573
-1.1887 6.0844
-0.59653 5.0533
-6.195 7.6973
-1.5758 6.7743
-1.1169 5.885
0.58024 5.7862
-1.1876 7.0752
-2.3623 4.0323
-1.2224 5.1436
-2.8876 8.1167
-1.0458 7.8785
-3.6421 9.1607
-1.7095 9.068
0.47014 4.3219
-0.62241 7.0957
-2.5497 5.119
-0.99478 5.7964
-4.2591 8.3481
1.584 7.1232
0.084317 5.2456
-0.41888 4.3138
-5.6659 9.5069
-0.73451 5.4457
-5.246 8.7975
-2.1549 5.0328
2.0815 0.19548
-2.1377 7.6325
-2.774 8.3798
-2.2697 5.6014
-4.1459 6.6274
0.41887 7.4269
-1.1632 5.5833
-1.8916 4.728
-1.7753 7.5278
-2.0872 4.1407
-3.3494 7.043
3.1125 2.2162
-0.68848 6.6514
0.63287 4.5259
-2.2005 4.9567
-3.2563 7.3807
0.078269 6.1766
-0.7996 7.2546
-1.0497 7.0481
-0.80677 4.2432
2.4154 4.2793
-0.0036546 4.1181
-3.0534 6.2188
-1.5096 5.7966
-0.6121 1.4023
-1.8501 5.6867
-0.32614 4.3504
0.39144 5.9268
0.79531 1.851
-1.6183 6.7573
0.6547 3.6301
-1.7632 6.5877
-3.5518 6.4515
-1.0663 7.2011
-1.8898 6.1638
-3.8645 6.7907
-1.973 5.4002
-3.4599 6.3029
0.78384 5.9752
-0.73977 6.7265
0.62701 7.2005
0.65427 4.3824
-1.8159 8.3529
-0.52673 2.2635
1.2539 3.0933
0.72913 3.0476
2.451 2.1717
-1.2766 6.1779
0.08996 5.189
-3.3442 7.0966
0.18126 4.4559
-3.0956 9.4731
1.3868 5.3736
0.13836 2.2815
1.0948 4.1888
0.41882 4.8696
-2.0644 5.4583
-0.90411 5.0222
0.83397 3.0157
1.1518 2.8652
-1.0135 4.3034
1.4506 3.8401
-1.0539 5.3144
-0.822 3.7465
2.0605 6.6018
-0.097682 5.7785
-1.0118 5.6113
