12.707 8.7764
7.6951 12.941
13.523 8.9342
11.62 11.041
11.742 8.2965
11.61 11.612
9.1055 10.847
13.339 6.762
10.229 11.731
10.461 10.24
10.408 9.6813
12.064 11.627
10.635 11.73
12.896 9.9893
11.363 8.1854
4.1415 15.242
10.815 9.9705
10.535 9.8868
12.97 6.0075
6.8155 13.968
8.7394 10.613
9.1088 11.074
12.158 8.0386
10.777 10.365
12.965 10.536
10.394 12.032
11.054 9.5336
12.472 9.4785
14.786 10.048
11.295 10.646
13.162 8.709
11.146 10.887
12.405 7.669
9.1858 12.491
10.935 11.261
10.58 10.305
10.454 9.4394
7.6047 13.535
11.106 10.756
10.297 10.691
13.46 8.0937
9.5814 12.61
12.472 9.5366
12.32 9.1348
8.6271 13.388
11.237 9.1828
12.923 8.6129
7.7734 11.468
10.776 11.609
6.9275 11.153
10.754 11.458
9.7305 11.784
7.5603 12.938
13.8 10.071
9.592 12.753
12.633 10.127
13.699 9.2295
11.681 8.8043
11.059 10.154
10.144 10.579
9.1538 13.388
9.4626 12.384
11.989 9.1519
10.564 10.637
9.4368 11.888
9.6167 11.876
9.8591 12.635
12.103 7.2564
10.011 10.364
8.366 13.253
11.28 9.2254
11.864 9.3318
8.2892 13.45
10.868 9.6715
9.9458 12.449
9.8358 10.463
13.163 10.38
10.391 10.103
10.793 8.2399
11.914 8.6409
8.4896 11.957
11.08 9.8474
9.0727 11.586
8.2962 11.613
11.475 8.1752
13.45 7.8884
9.8172 13.028
11.531 12.176
10.802 7.8859
9.9159 14.577
10.085 12.034
11.754 9.9543
8.5202 8.4571
9.3549 13.102
13.298 7.2802
8.8137 10.666
10.17 10.58
9.2417 10.968
12.811 7.3903
11.425 8.7382
11.086 11.845
9.4927 10.556
12.203 10.448
11.267 9.8074
10.093 12.128
10.123 10.58
8.8755 10.276
8.0992 11.079
11.295 9.7167
9.5211 12.247
11.821 10.162
12.29 8.2303
8.9909 12.031
12.126 7.6922
12.158 10.228
11.961 8.6613
7.8316 11.248
10.638 8.7448
10.73 11.9
12.5 10.535
11.031 9.148
5.9893 13.38
8.8457 11.742
10.917 10.576
9.3532 12.788
11.867 10.907
11.73 10.316
8.0127 11.141
13.425 9.8826
6.2242 11.317
12.712 8.892
10.867 8.4979
9.5069 10.747
12.726 8.256
8.6239 10.664
9.1051 11.317
8.9812 12.837
6.9635 12.773
8.549 10.801
9.4379 10.303
8.544 13.89
11.564 10.947
12.568 10.253
9.9027 10.743
9.899 13.054
11.682 9.995
10.039 12.407
11.449 10.668
9.5182 10.39
11.803 9.4862
11.297 10.47
8.7199 8.9625
10.385 11.49
11.423 10.611
10.419 7.7438
9.1527 10.294
12.767 9.1807
12.899 7.0987
15.492 7.3907
13.816 8.3598
7.6388 13.23
12.636 10.09
9.8079 10.411
8.524 11.712
8.9758 12.469
11.015 9.7328
7.9983 10.78
10.217 8.8837
10.177 12.498
8.9577 9.8877
7.8126 13.201
10.805 11.362
8.1505 10.582
10.562 13.125
8.9851 12.629
9.5087 9.8165
11.569 10.177
10.674 11.747
12.28 8.2749
5.1945 13.642
12.201 9.7389
11.6 11.664
10.472 9.8197
13.279 8.2115
9.2262 11.765
10.298 12.022
7.3137 11.255
8.4008 11.777
10.315 10.062
13.907 8.9487
10.765 9.7352
12.593 9.962
12.646 7.8163
7.65 13.898
11.451 11.997
14.432 7.3512
13.779 9.5092
9.5299 9.7495
7.7662 12.318
10.731 9.9213
10.346 9.5758
10.605 10.086
12.327 12.592
9.6128 11.602
10.359 11.338
9.7541 11.256
12.102 10.674
8.8711 11.56
11.273 10.426
11.387 11.329
10.351 10.907
8.485 12.284
7.9377 11.352
8.3934 10.106
10.393 10.513
11.766 10.548
12.262 8.7894
13.203 9.5681
8.8315 12.387
10.129 8.886
10.845 11.563
13.472 7.8056
10.679 9.2889
12.195 8.9484
12.478 8.0385
11.795 9.6289
8.5817 11.008
9.7303 8.9468
10.773 14.647
8.1951 10.972
12.103 7.7224
9.2713 11.418
9.3762 10.649
12.505 9.8547
11.2 8.9286
9.2297 13.922
9.903 12.203
12.088 10.844
12.452 10.805
6.8481 12.197
11.567 7.7987
13.485 6.7188
10.273 9.7143
8.8353 12.369
12.864 7.2406
10.242 9.7621
10.038 10.3
11.445 8.5122
11.805 10.763
12.655 5.258
