2.4385 0.44335
-4.6966 4.1097
-5.1717 -1.6055
-0.43627 4.8773
1.9204 -0.18548
0.84448 -1.2894
1.7185 0.74529
-0.01371 2.1289
-0.7349 -0.75722
-2.4905 0.29397
-3.1359 1.1731
-2.8068 -2.4831
-0.58862 3.1771
0.13933 -2.0251
0.97535 1.9075
-2.0288 -2.8833
-0.77633 -1.5288
7.1663 -0.08394
4.1861 0.052293
-1.5278 3.1075
2.6573 1.1383
0.23252 1.4038
1.1697 -4.0509
-0.47402 -2.3342
-2.3271 0.65033
-3.433 -2.105
-1.543 -0.38954
-2.2569 4.2729
1.6915 1.3109
-5.2533 3.3705
-3.1606 0.7259
1.5893 -2.1824
-5.9345 -3.415
0.19198 -1.729
5.2825 2.1478
0.36304 1.2235
-2.2563 -0.012474
5.5476 -2.29
-0.90043 -1.585
0.16495 -1.5309
-2.9929 -0.54776
-3.1967 1.7751
4.4726 3.7987
0.80459 0.96091
1.5992 -0.22869
3.94 4.0936
1.1335 -0.7274
3.0149 1.2207
0.63681 -0.17899
3.3083 0.71238
5.1683 -0.29436
-2.749 0.95608
-2.2329 2.2452
0.30168 2.4609
-3.4108 4.3851
-1.2235 -0.64429
0.61457 -1.7044
-1.8118 0.042054
1.1381 -0.72029
-3.7352 -3.7144
-0.37919 1.4008
-2.8412 -5.4048
0.067242 -2.8186
2.8724 -1.2523
5.4647 0.26051
-3.4944 -8.101
1.7769 1.7522
-0.23202 -1.9429
-1.8 -0.87524
0.24259 -1.9696
2.3829 0.28965
5.4962 1.1725
-1.165 -1.6498
2.7787 -2.6493
-4.152 0.96607
-3.8753 -5.1723
-2.9905 -0.56647
1.377 -3.5179
0.89438 -2.6053
1.0006 1.5882
-2.6948 0.44931
-2.4008 -4.3092
2.7177 -2.1048
-1.4702 -5.8825
3.099 -0.14837
3.0794 0.48549
-2.1114 -0.54107
1.2131 -3.3907
-3.1537 3.0376
-3.1685 -3.6016
1.8993 -2.9285
-3.5651 2.8099
2.8335 0.30752
2.5995 -1.9477
0.63957 -0.85917
-3.8388 2.8333
-0.80618 -1.7398
0.45855 0.61229
4.1539 -1.1235
-2.7998 0.33282
-0.3175 2.0886
0.46963 -2.1263
-3.2912 2.9792
-1.5645 -1.3472
-0.0045407 -1.0779
-2.7249 0.55652
-2.3483 1.1613
-0.51455 1.4052
-1.962 3.088
1.41 0.94391
3.9412 3.4336
-0.75068 -2.4048
3.4289 -2.4575
2.9296 -0.95793
-1.0555 -2.6237
2.0309 -3.8398
3.5644 -2.2576
1.3689 0.96281
6.0748 5.8119
-2.6343 -0.23403
-2.506 0.80708
3.3779 0.73897
-0.47516 1.6067
3.7241 0.50942
0.32398 0.11371
-1.4371 0.99545
2.2675 1.3714
3.4517 -0.66244
-1.8641 4.4294
-1.2858 -4.7499
0.66906 -1.205
-1.0111 2.1336
-3.1744 2.1981
-0.84319 0.59356
-3.3785 -6.0618
0.68492 1.7966
-1.3973 2.9312
2.4024 -0.95095
-7.8887 -4.0145
4.5664 3.9739
1.6262 -2.1386
-3.4451 2.6586
-0.48065 -1.1041
1.411 -0.78132
0.075294 1.5368
-2.7968 4.4845
-0.46757 -4.3568
0.10827 0.13586
3.6116 1.1272
-1.6856 2.6424
4.75 -1.2479
-0.68989 -1.6971
0.88155 -1.2805
-1.1585 1.557
0.81148 -0.97971
1.558 1.0172
-0.084042 -1.5762
-3.785 -0.53288
0.18577 -1.6208
1.1095 -4.256
-0.81493 3.29
0.62499 -2.8186
-3.1261 4.0371
-0.98527 -4.0031
-1.6649 -2.3605
1.6262 -1.4062
-1.5615 1.3415
1.339 -0.095127
-1.6821 2.0939
1.1941 1.2177
0.49536 3.334
-3.7582 0.83364
-2.3293 0.69523
0.55406 -0.14227
1.9453 3.5634
-1.3659 -0.065929
0.46469 -4.734
4.8781 -3.1098
2.6515 -0.31642
1.5795 -1.8538
1.4219 1.3296
-3.5426 5.2085
-1.9413 -0.0891
-2.7435 -5.7327
1.2623 -2.6093
2.6302 -0.17299
2.6075 2.247
-0.51554 1.1376
1.3012 1.7443
-2.4739 -4.2415
0.67656 -3.2082
3.3746 1.6134
5.2954 1.4433
0.75606 2.2688
0.47997 -0.48902
-3.2511 0.88452
-2.4737 -6.2681
2.7413 -2.7873
-0.83465 0.92554
-1.4469 0.58511
-0.92396 -1.4178
-4.0137 2.5372
1.2201 4.5785
1.0663 2.0382
-3.331 2.3912
-1.0454 -0.4139
0.79998 -5.1211
-3.3187 -4.2469
-4.0137 -1.1132
-1.163 -1.4567
-0.0089664 -3.4544
0.49157 -1.3002
2.2178 -0.60166
4.8115 1.5845
-1.3824 -0.65558
-0.32243 -0.94237
7.2073 -1.6647
6.2439 2.7385
0.49882 -5.6719
3.2635 -4.2114
-3.2329 3.3629
1.7635 2.1527
-3.1293 0.054724
-3.6872 -1.684
-1.6265 1.0343
-4.4641 0.20333
3.9244 3.2696
1.8215 3.8843
-1.9918 -2.4909
-0.49462 0.027395
-0.36965 2.2853
-3.8181 1.0182
-1.8798 0.053383
0.38158 0.20923
-0.28086 3.7389
-0.018663 -4.8055
-4.4349 4.3469
3.4406 -0.42808
-0.2307 -2.3784
2.0835 -2.114
-0.62526 5.9781
-1.8288 -3.4111
-1.6141 2.8772
-2.3608 -0.46181
0.91317 -1.508
1.4055 -3.5477
-1.2184 -1.0681
-0.15254 1.0496
4.6067 -1.2501
-0.042886 2.0077
