-1.2043 6.265
-0.77356 8.3065
-2.4223 5.2384
-3.06 5.2016
-3.6419 7.5252
-1.2768 7.4412
-1.8724 8.8428
-4.4047 2.3921
-2.1354 9.0087
-3.0405 7.351
-3.8687 5.1571
-3.6152 8.8333
-3.2805 5.7574
-1.4409 11.414
-1.0507 8.9226
-3.5535 0.67684
-3.549 7.3852
-3.0424 2.1155
-3.8256 2.4831
-4.2448 6.7729
-2.0642 8.6411
-2.7507 5.8726
-4.3469 3.7827
-3.3771 5.5445
-3.0812 5.267
-4.4457 6.6689
-1.2365 11.035
-4.7555 9.0888
-1.2617 4.4972
-4.4972 0.6036
-2.956 4.8981
-1.153 6.2221
-2.9705 6.8364
-2.0552 8.4535
-2.9689 1.9059
-3.1615 2.5394
-1.7104 4.3397
-3.3264 10.38
-3.2349 5.5468
-3.6814 5.1401
-4.5875 5.6481
-3.9862 6.77
-2.6013 6.5916
-1.9167 5.3381
-3.1167 3.2546
-3.0289 8.4636
-4.2161 2.6813
-2.3704 4.513
-3.916 4.8505
-2.1033 5.2959
-1.4134 7.6055
-2.3575 6.8804
-3.0558 10.38
-3.6099 10.082
-2.5029 4.4421
-3.2121 4.5134
-2.0732 1.8209
-3.4593 4.2201
-2.9257 6.6055
-3.8313 1.5185
-3.5746 3.455
-3.8027 5.7509
-1.5758 4.5988
-2.6583 3.7415
-2.3735 3.3584
-3.3997 2.5278
-3.3908 3.8324
-2.1835 5.1722
-5.0413 11.268
-2.0701 8.5494
-4.4504 8.288
-4.1285 4.4892
-2.5775 3.5658
-2.1048 5.4354
-2.8397 0.54259
-4.1075 5.3567
-1.7085 7.1193
-2.2664 4.0579
-2.8928 4.3779
-4.4695 2.8615
-3.0283 6.8226
-4.3636 5.7251
-1.2336 4.9246
-5.2077 11.659
-5.6156 5.0959
-3.1208 7.7173
-2.7312 9.2927
-2.0552 6.7353
-2.6847 4.1187
-2.6559 8.2004
-0.40252 3.719
-2.7391 0.97388
-3.5036 4.8838
-3.5638 5.2846
-2.4215 6.255
-2.1399 11.552
-3.5899 2.7652
-3.2087 7.1783
-1.2955 6.8273
-3.4892 3.5176
-2.6484 6.7585
-3.3979 7.4616
-2.402 9.253
-4.4585 4.7281
-2.9149 8.2653
-3.1512 5.8887
-3.091 4.2572
-2.4216 5.0615
-3.6107 5.0548
-3.4274 3.1715
-4.3253 4.2578
-1.7183 4.5518
-4.1047 6.2386
-3.4569 9.9723
-3.5154 8.8847
-1.9941 4.4494
-4.4535 3.2009
-3.9967 5.2965
-1.3943 5.2644
-2.9012 3.9463
-2.3283 6.1985
-2.5616 7.6908
-1.1162 6.7822
-3.1366 7.3847
-2.8702 7.5409
-1.2493 6.7985
-3.0921 7.4675
-2.8442 10.395
-3.199 13.838
-3.6305 7.8987
-3.8745 2.5035
-2.2186 9.0207
-3.567 7.2275
-3.7683 11.16
-2.9736 0.78464
-4.586 9.5136
-3.1631 5.4613
-3.0621 1.5275
-2.8493 -1.0864
-4.3384 2.7592
-3.1303 4.6501
-3.6182 4.3468
-3.4914 8.3192
-3.5112 7.1387
-2.2185 6.8745
-2.6907 3.3644
-2.1201 9.9104
-4.066 4.5156
-2.3561 5.8839
-1.761 7.6953
-0.53056 0.95009
-3.2099 3.3537
-5.3521 3.1442
-1.7085 4.5404
-2.8457 3.1322
-2.7701 8.8578
-3.4871 3.3573
-0.26985 7.1814
-3.4532 11.749
-2.8329 5.8205
-1.5624 3.9534
-3.2186 1.5868
-1.6795 10.035
-2.3777 5.014
-2.7719 6.0638
-2.7748 5.2783
-2.9243 8.6047
-2.3449 9.2748
-1.9723 1.5316
-2.2531 5.7515
-2.7336 7.6529
-3.3132 11.369
-4.1948 8.9482
-3.4748 4.958
-3.5476 2.6697
-2.4721 5.4937
-4.0817 9.8524
-1.7928 5.4847
-2.3887 5.6321
-3.7819 5.1439
-4.2319 6.6466
-3.094 1.7442
-1.457 4.8819
-3.3693 0.38443
-1.1996 8.673
-5.487 7.1982
-3.962 7.5445
-1.8499 5.9421
-3.8774 7.1754
-2.6909 5.9895
-3.6175 4.001
-2.0259 10.137
-1.6208 5.8377
-3.6969 1.6514
-1.3917 9.0591
-3.3955 7.9449
-3.9241 6.2614
-2.4165 3.0472
-2.5847 7.9742
-3.5558 2.7517
-3.517 5.8225
-3.3692 1.503
-3.3183 9.7307
-3.1505 2.976
-2.5294 7.5447
-3.427 3.0046
-3.0782 4.2892
-4.8938 8.2228
-2.0296 2.0683
-3.0512 5.2248
-2.5045 4.9987
-1.3875 3.7257
-3.3373 6.528
-2.0466 4.9632
-2.6846 -0.79518
-3.2641 9.4821
-3.1356 7.0705
-0.73039 8.9991
-2.7674 11.142
-3.4279 2.7914
-5.9276 3.3428
-2.5782 2.2189
-2.2616 8.2325
-1.2606 4.3635
-3.4226 11.537
-2.2865 3.1828
-2.4381 5.7437
-3.228 7.0852
-2.6962 4.2782
-1.9945 10.51
-3.8262 6.1474
-1.829 4.9766
-1.9964 0.3051
-3.0464 5.4498
-3.453 8.3302
-1.1922 2.2587
-1.4716 2.4508
-3.4705 2.7663
-1.4933 1.9977
-2.6127 11.345
-2.2826 9.0153
-2.8275 12.298
-1.1246 10.684
-2.6591 0.36948
-5.3457 7.2565
-2.1524 7.6026
-3.5619 1.2635
-0.93207 9.8235
-2.52 5.3552
-3.1373 2.8294
