-2.6 2.8 -11.739
1.4 1.6 -5.159
13 7.2 -41.747
3.8 0 6.6645
13 -5.2 10.591
3.8 -6.4 24.527
11 -3.2 4.6607
1 5.2 4.5839
7.8 5.6 -12.035
-5.4 -3.2 -32.308
8.2 -6.4 28.448
2.6 5.6 -1.4287
1.8 7.6 4.4351
8.2 -1.6 3.1393
6.6 1.2 -7.4355
10.2 7.2 -26.323
-4.2 8.8 -4.1221
1 -0.4 -0.095288
0.2 2.4 -7.9419
6.2 -5.2 26.571
2.6 2.4 -0.82686
9.4 4.8 -15.711
5.4 9.6 1.1621
1 -3.2 5.1817
-5.8 -0.4 -29.021
-1.8 4.4 -9.1185
-4.6 3.6 -23.535
-1.4 -1.6 -8.2396
10.6 6 -22.89
-5 12 7.0913
3 6.8 7.4704
-0.2 -4 1.9376
1.8 -1.6 4.2432
11.8 6.4 -28.291
9.8 1.2 -7.5957
3 10.8 14.324
7 -6.4 29.781
-2.6 -2.8 -13.046
-4.2 6.4 -13.945
-0.6 -1.2 0.72727
2.6 0.8 -0.78906
1 8 -0.35883
9.8 4.8 -15.982
3 10 6.63
-5.4 8 -11.94
-4.2 3.2 -16.67
2.6 9.2 5.7947
-0.6 -0.8 -8.0196
-3.4 7.6 -7.5834
5 4 0.19446
9.4 8 -12.842
12.6 -2.8 -1.2881
7 5.6 -7.2232
0.6 2.8 -2.8234
9 6.8 -19.351
2.2 -3.2 7.9576
-0.6 4 -3.714
4.2 -6.4 27.616
4.6 3.2 0.11266
5.4 0.4 4.8015
10.6 -6.8 30.237
7.4 2.4 -6.0301
8.6 9.6 -16.754
-2.6 4.4 -15.255
10.2 3.2 -14.997
3.4 0.4 4.9055
11.8 12 -29.742
6.2 -2.8 11.696
1 -5.2 16.828
0.6 3.6 -3.8437
1.4 -2 5.3367
3 4.4 -4.3082
4.6 4.8 -2.2109
10.2 4 -21.449
3.4 -7.2 27.273
1.8 0.4 2.6766
12.6 2.4 -30.065
8.2 -7.6 36.595
-5 -2 -28.095
-1.8 10.8 9.8343
1 2 -0.54528
8.6 7.6 -16.143
-1 11.6 18.475
8.6 3.2 -10.923
2.6 3.6 1.5986
6.2 4.4 -5.789
1.4 -1.6 11.685
-0.6 -2.4 0.26502
4.6 -0.8 8.6986
9.8 -6.4 27.61
10.2 8 -20.419
3.8 -6.8 29.867
5.8 4.4 -0.576
5.4 -2.4 13.38
7 0 8.5189
-2.2 -6.8 1.2118
1.8 6 3.6908
-0.6 2.8 -8.8956
-6.2 -6 -34.39
9.4 -7.6 38.173
-2.6 2.8 -11.739
1.4 1.6 -5.159
13 7.2 -41.747
3.8 0 6.6645
-1.8 4 -4.4887
-0.2 12 9.988
1 -2.8 6.7562
9 -2.8 11.227
-5.4 3.6 -24.14
10.2 -2.4 0.43159
10.2 -3.2 11.344
-5.8 2 -34.498
-3 -3.2 -11.782
-0.6 6 -0.71442
0.2 2 -0.72418
-0.6 -2.8 0.28404
10.2 0 -5.6955
1 -1.2 -0.047346
6.6 -0.8 7.8531
8.6 1.6 -5.3905
7.8 -4.4 24.664
8.2 1.6 -3.3573
7.4 3.2 -3.1047
-3.4 1.2 -19.227
-1.4 12 18.876
-2.2 -6.4 4.7622
9.8 -3.6 15.436
-4.6 -4.4 -27.261
-2.2 0 -16.853
5 2 1.2151
6.2 8.8 -4.961
4.2 3.6 -5.7357
-2.2 2.4 -12.46
3 11.6 18.997
9.8 5.2 -15.745
12.6 -4.8 9.9574
11.4 0.8 -16.663
7.4 -3.2 9.8338
2.2 -1.2 11.213
0.2 0.8 -4.731
12.6 0.4 -24.782
-0.6 10.8 11.711
8.2 -6.8 30.527
7 -6 25.594
-1 6.8 -5.5808
11.4 10 -28.434
-1 4 -6.7924
-1.8 4.8 -8.5947
-4.2 -6.4 -13.405
-3.8 10.4 -3.6351
5.8 7.2 2.5547
-1.8 11.6 11.493
-4.6 4 -22.442
11.4 6.4 -31.108
3.4 12 13.92
5 3.2 0.84041
-0.2 -3.6 2.4796
4.6 4 0.80691
10.2 12 -22.352
-1.4 4 -6.9468
1.8 -4 10.32
5 6.4 -3.1982
-1.4 11.6 14.481
-6.2 3.2 -36.217
-6.6 3.2 -32.689
-6.2 0 -36.989
7.8 8.4 -9.8188
7.8 1.6 -3.9858
13 8.8 -45.051
-4.6 9.6 -5.9631
7.4 -5.2 26.158
-5.8 8 -13.853
3 -6.4 18.246
1 9.6 6.4573
3 12 9.4081
7 3.2 -4.9468
8.2 7.2 -10.201
-3.4 -1.2 -16.93
-5.4 4.4 -21.888
9.8 -6.8 30.922
6.2 -0.4 7.8476
-6.2 -7.6 -24.869
9 -3.2 7.0318
5 6 -1.6114
-2.6 -4.8 -6.9659
10.6 -2 -4.9036
11.8 -3.6 4.0593
12.6 4 -36.696
-5.8 0.8 -28.371
0.6 4.4 -9.6366
-0.6 0 -5.4432
4.6 -7.6 35.74
-1 -2 -1.7046
-5.8 11.6 -1.4663
0.2 -2.8 7.4179
5.8 8.8 -1.7201
5.8 8.4 -0.66277
-4.6 -1.2 -31.328
-3.4 10 8.1173
-4.2 12 11.526
1.4 10.4 14.282
1 4.8 6.2098
-5.8 4.8 -26.648
-1 5.2 -9.5133
-3.4 -5.6 -6.9993
11.4 -1.6 -4.4762
-3.4 5.6 -11.049
11.4 8 -33.258
-3.8 -4.4 -17.462
-3.4 -3.6 -11.23
7 -2.8 7.9798
-1.8 -1.6 -9.9431
10.2 -2 0.19833
8.2 8.4 -7.8799
3.4 -1.6 10.043
-6.6 -4 -37.629
1.4 0 1.546
11.4 6.8 -27.929
-1.4 3.2 -12.811
2.2 4.4 2.5017
11.8 -2 -5.6934
8.6 5.6 -8.6972
7 8.4 -8.7274
11.4 3.6 -25.573
-5 0.4 -32.282
-3.8 3.2 -17.113
-3.4 0.4 -22.1
-0.6 -4.4 1.8889
6.6 1.6 -0.34744
-3.8 -5.6 -12.772
3.4 -3.2 12.402
11 8 -22.457
-1.4 2 -4.0795
9 4.8 -11.77
-4.2 -0.4 -26.929
6.6 4 -2.0501
-2.6 0.4 -5.3281
6.2 2.4 -4.1392
3.8 7.6 -3.0884
1.8 6.4 6.6632
-2.6 0.8 -10.62
-6.6 6 -26.043
6.6 2 -9.1159
-0.2 9.2 7.9227
8.6 6.4 -11.464
9.8 8.8 -20.748
0.2 1.6 2.9374
-4.2 -6.8 -10.816
12.6 7.2 -32.714
6.6 8 0.8116
-2.2 0.8 -11.462
2.6 -5.6 20.245
-5 5.2 -18.23
-2.6 1.2 -18.612
1.4 2.8 -2.9656
12.6 8 -44.23
-3.8 8.8 -6.122
13 -4.8 3.4802
0.6 -3.2 8.9301
7 -4.4 24.576
0.2 5.6 0.81914
-6.2 0.8 -40.186
8.6 -0.8 0.619
-3 11.2 7.994
-6.2 -1.2 -43.502
1.4 2.4 2.1299
9.8 -2.4 4.7577
-4.2 -7.2 -16.456
3.4 2.8 2.0005
3.4 -4.4 19.112
-1.4 -5.2 -3.0519
5 8 0.37638
9.4 4 -20.289
2.6 -3.2 16.313
-5 11.2 6.6273
1.8 4 1.4982
7.4 10 -4.8536
-1.4 -2.8 -9.17
6.6 -7.6 35.677
3.4 2.4 2.4062
6.2 2 -1.3282
-2.2 12 18.039
7.4 6.8 -9.5719
-1 10.4 13.807
-3 8 1.3719
-0.2 5.2 -2.4162
-0.6 3.2 -6.6955
10.6 8.4 -19.584
9 5.6 -17.024
4.2 0.4 6.9341
-3.4 -6.4 -11.468
5.4 9.2 -4.2702
8.2 -0.4 -3.0059
10.6 -1.6 4.8215
12.6 -6.8 25.193
-6.6 12 1.9479
8.6 -4.8 16.667
11.4 4.8 -34.248
12.2 -2.4 -12.521
0.6 -2 0.10959
5 0 6.2366
11.8 -3.2 -0.1512
12.2 2.4 -28.598
2.2 5.6 4.9064
4.2 10.8 6.5058
9.8 10 -15.242
7.4 8.4 -7.587
1.4 -0.4 1.6765
0.6 -7.6 22.58
3.4 -4.8 18.496
8.6 -4 12.185
-4.2 5.2 -13.051
-0.2 -2.4 -0.069427
9 10.4 -9.8793
10.2 2 -13.901
3 9.2 2.0876
4.2 5.2 -1.1551
2.6 10 10.598
6.2 -3.6 14.011
5.4 6 -5.0756
-3.8 -0.8 -13.456
7.8 8 -10.517
7.8 -2.4 11.904
10.6 0 -10.6
4.6 -2.8 14.356
6.6 0 1.9709
-6.6 -1.2 -40.959
12.6 -0.8 -10.956
8.2 -2.8 4.3807
1.8 9.2 6.8903
6.2 -2.4 15.292
8.6 0.4 -5.2704
10.6 2.4 -19.359
9.8 6 -18.24
-2.6 7.2 -7.8102
-1.4 11.2 13.353
-6.2 1.6 -34.862
-0.6 11.6 16.011
5.4 -5.2 18.781
-3 -6.4 -5.989
-1.8 1.2 -7.7534
3.8 3.2 -2.1914
10.2 1.6 -16.858
11 -4.4 6.7864
7.8 0.4 2.4989
-1.4 -6 5.7483
-6.2 6.4 -16.517
2.2 10.4 11.734
9.8 2.8 -10.671
0.2 7.2 5.7266
0.6 -0.4 4.5258
-3 -4.4 -12.849
-6.2 -6.8 -29.67
0.2 -6.8 19.923
1.8 3.6 2.5603
4.6 7.6 -0.43534
-1 0 -4.561
-0.2 -5.2 8.2906
1.8 8.4 7.4744
-3.8 4 -20.382
6.6 10.4 -4.2595
11.8 -2.8 1.8601
-5.8 -6.8 -33.764
-6.2 6 -26.281
-3 11.6 12.047
10.2 9.2 -22.455
6.2 -7.2 31.045
2.2 -5.2 17.501
-5 -3.2 -29.089
-5.4 -2.4 -35.711
1 -5.6 16.12
0.6 6.4 3.0754
13 -3.2 -4.8062
5 -0.4 9.4309
11 -1.6 -6.4727
-6.2 -3.2 -38.742
5 8.4 -3.4186
-4.6 5.6 -13.244
-5.4 0 -35.575
4.2 1.2 -2.0182
12.2 4.4 -32.446
-0.6 2 -3.8081
-5.4 2.8 -34.618
11.8 5.2 -25.289
0.2 -0.4 -4.6465
11.8 -4 9.1725
-6.6 -2.8 -34.757
5.8 -2.4 10.258
-3.8 1.2 -24.163
9 6 -13.856
3 0 1.2321
3.4 8 2.3697
0.2 2.8 -8.1962
2.2 8.8 5.6967
-2.6 -3.2 -7.6086
0.6 5.6 -1.4691
-5.8 2.4 -27.032
-3.8 11.6 11.407
13 0.4 -24.235
-6.6 11.6 0.21373
11.8 10.4 -36.758
-0.2 -4.4 7.515
-2.2 -6 -0.60841
6.2 -1.6 6.6912
2.2 -7.6 24.072
13 1.6 -29.677
-3.8 10.8 5.058
3.4 -6.8 31.452
-5.4 2 -33.39
-2.6 -2 -15.294
-1.8 8 -3.579
-0.6 5.6 -3.1351
-5.4 -2 -37.821
5 5.6 -3.9824
11.4 -3.6 5.4416
11.4 0 -12.492
-2.2 -3.6 -13.842
6.6 -4.8 31.552
-0.6 3.6 -5.1793
3.4 5.6 2.0093
5.4 1.2 0.67793
-3 -4.8 -13.156
3.4 2 -2.249
-5.4 8.4 -10.488
-6.2 9.2 -23.138
11.4 -2 -5.494
-1.4 10 12.112
-4.2 4 -23.69
9 1.6 -5.5122
9 3.6 -14.333
4.6 -7.2 31.767
1 6 0.35266
5.4 2.4 -3.4839
1.4 0.4 5.3246
4.2 -4.8 25.011
-6.2 2 -36.572
-0.6 -4.8 7.1456
-1 12 11.207
0.6 10 10.25
6.6 -6.4 25.864
-3 9.2 3.5256
-1 -6.4 11.306
-1.4 4.8 -14.011
8.2 10.8 -7.4256
5.8 10.4 -1.7256
-5.8 -0.8 -34.849
6.6 0.4 -3.1108
10.6 11.6 -25.591
-6.6 -0.4 -39.462
-2.2 6.4 -0.89013
13 8 -38.812
1 -4 8.6301
-4.6 12 3.4479
11.8 10.8 -34.495
5 5.2 -3.8973
-5.4 -1.6 -29.773
0.6 0.8 -0.93028
-4.6 10.4 -2.8988
1.4 -6.8 24.111
-1 3.6 -2.9328
12.6 5.2 -38.464
11.8 1.6 -14.365
6.2 -4.8 23.366
9 10.8 -10.865
6.6 -2 6.3528
12.6 0.8 -19.734
4.2 8 1.2534
-6.6 0 -41.977
5 0.4 2.5477
-4.2 1.2 -22.156
7 3.6 -3.4738
0.2 0.4 -5.4654
9 -1.2 -1.2151
-4.6 8 -9.5874
10.2 -7.2 31.37
12.6 -6.4 15.089
-0.6 7.2 1.3034
-5.4 -6.8 -21.433
-2.6 4 -12.718
10.2 -4 10.608
-4.2 -7.6 -7.2868
6.6 -3.6 22.538
-5.8 4.4 -30.544
9.4 12 -19.527
-1.4 -4 1.6848
0.6 -5.2 13.941
-1 7.6 -5.0474
11 1.2 -18.233
-6.6 -1.6 -43.243
11 4 -21.158
4.2 9.6 2.6442
-3.4 -7.2 -2.3144
10.2 2.8 -19.692
-4.2 4.8 -13.268
11 7.6 -24.949
0.6 6.8 4.7837
-4.2 -5.2 -18.983
-5.8 4 -31.419
-3 2.8 -18.325
1 2.4 -0.56397
-5.4 -4 -27.882
-1.8 6.4 -10.421
-3 5.6 -5.8969
-3 -3.6 -6.7683
11 -5.2 18.242
-2.6 -0.4 -15.514
1 10.8 13.089
12.2 3.6 -26.234
-6.6 4.8 -29.743
-4.2 5.6 -15.511
12.2 -7.2 28.822
-0.2 6 2.3029
13 -0.4 -21.5
12.2 0.8 -22.845
-5.4 -2.8 -27.388
9.4 8.8 -14.608
-5 -4.4 -28.259
11 11.2 -30.875
2.2 -5.6 17.673
3.8 5.6 5.917
4.2 12 11.341
4.6 3.6 3.6337
-5 -6.4 -14.448
11 9.2 -31.352
9.8 -3.2 6.7938
9 -6.8 35.429
-2.2 2 -13.144
9.8 8 -18.895
10.2 4.8 -20.512
-6.6 8.4 -18.228
6.6 11.6 1.0019
1 -3.6 6.2093
-6.2 8.4 -13.925
4.6 6.8 1.5944
10.6 6.8 -22.121
12.2 6.8 -33.372
-6.2 -4.4 -32.219
11 -6.4 22.791
1.8 -7.2 21.201
3 4 -4.8782
9.4 6.8 -17.81
12.6 10.4 -37.847
1.4 -6 21.084
3.8 8.8 9.7697
-0.2 9.6 9.732
9.8 -7.2 35.962
0.2 4.8 0.59698
-2.2 -4.8 -4.4578
11.4 -0.8 -9.8748
1.4 -2.4 5.2694
1 5.6 2.4661
5 -2.4 11.123
-2.2 -5.6 6.5518
0.6 -2.8 4.038
-1 6.4 0.29472
-3 8.4 3.2103
-6.6 -7.6 -30.661
-1 -4.4 0.49026
4.6 0.4 -0.45561
4.6 6.4 -0.61711
10.6 -4.8 9.2237
6.6 -4 17.051
8.2 4.8 -7.4206
5.4 7.2 -0.67365
-1 7.2 -0.66465
9 8 -14.613
-3 0.8 -13.259
0.6 -4.4 9.3741
1 2.8 -1.1647
3.4 4.8 1.2343
-4.6 -2.4 -24.109
-1.8 2.8 -7.5299
11 -0.8 2.3396
-6.6 5.2 -29.681
9.4 10.8 -20.478
-6.6 8 -21.553
4.2 -7.6 34.174
-5.8 3.6 -37.083
6.6 -6.8 34.54
13 6.8 -43.82
5 -3.6 12.428
-4.2 10.8 9.7234
13 11.6 -39.351
10.2 5.6 -18.411
9.4 -5.2 22.328
6.2 1.2 1.08
4.2 -1.6 6.8455
10.2 -5.2 18.96
6.2 8.4 -0.87232
7.4 -0.4 1.2482
-1.8 10.4 9.3443
3 8.4 1.9442
-5.8 9.2 -9.9161
5.8 12 11.475
-3 9.6 -2.1743
-5.4 8.8 -12.703
-1 0.4 -5.8438
2.6 -6.4 24.609
-1.4 -4.8 -2.1507
7.8 -1.6 3.9604
6.6 2.4 -2.3569
-0.2 10 11.727
6.2 2.8 -0.37313
12.6 -1.6 -11.541
-6.6 -6 -38.728
3 -6 21.928
5 2.8 -0.72141
-5.8 0.4 -26.975
6.2 -7.6 33.604
13 4.8 -35.911
2.2 2.4 -1.7711
0.6 11.2 15.577
10.6 12 -15.526
-6.6 -4.8 -31.456
3.4 0 7.367
10.6 7.2 -29.894
9.8 -7.6 28.399
-1.4 -0.8 -9.5277
12.6 -7.2 25.514
8.2 -4.8 21.521
-2.6 -1.6 -13.848
1.4 -1.2 3.2095
4.2 -7.2 31.263
-2.2 4.8 -13.239
11.8 8.8 -35.073
-0.2 6.8 4.1904
-2.2 -2 -14.829
13 0 -16.473
1 7.2 0.27289
3.4 11.2 13.773
-6.2 10.4 -4.4994
1.4 -4.4 14.174
-5 6 -17.047
-3.8 4.8 -15.959
-2.6 11.2 13.684
-5.8 -2.8 -29.785
0.2 -6.4 14.524
-5.4 -7.6 -24.526
7.4 7.2 -9.8893
10.6 -0.4 -10.164
10.2 -4.4 11.911
2.6 7.2 5.6793
10.6 4 -18.343
4.6 -6.4 26.091
-2.2 10 3.4746
7.4 6 -8.601
3 1.2 0.18186
-1.4 1.6 -11.202
-2.2 3.2 -9.5407
3 -4 10.633
-3.4 -2.4 -19.927
9.8 -1.2 -2.3365
5.4 12 8.5246
8.2 2.4 -7.2784
9.8 7.2 -25.044
1.8 0.8 6.1632
12.2 -6.8 22.28
5.4 -4.4 21.088
5.8 6.4 -2.296
11.8 4.8 -21.878
3 0.8 -5.1618
6.2 -6.8 28.747
-1.4 -6.4 7.2922
3.8 -4 13.878
-5 -1.2 -32.121
-4.2 -2 -26.791
2.2 12 15.313
-3 0.4 -16.897
-5.4 3.2 -27.5
11.8 7.6 -33.682
11 -4.8 18.157
3.8 3.6 -4.6947
-6.2 7.2 -19.498
2.2 1.2 -1.7548
-3 -5.2 -12.482
3.8 -7.2 29.184
13 -6.4 20.041
11 -0.4 -7.2455
-1 -3.2 1.4236
6.2 -2 12.774
-4.6 -3.6 -24.16
2.2 10.8 15.542
7.4 -7.2 32.649
9.4 -4.4 15.465
12.2 -4.8 14.821
-4.2 -6 -17.343
-0.6 11.2 16.135
-3.8 8.4 -4.6417
8.2 3.2 -4.1801
9 9.6 -21.932
-2.2 8.4 6.4665
1.8 1.2 -1.918
-6.6 2.8 -35.461
10.6 4.4 -17.885
2.6 1.6 -2.8826
11.8 -6 18.916
2.2 11.6 17.657
8.2 10.4 -8.5031
0.2 -3.2 4.0544
11.4 -7.6 30.425
11.4 5.6 -31.84
7 4.8 -4.9714
3.4 4 -1.8281
-1.4 10.4 13.483
-0.2 8.8 11.52
3.8 10 11.414
5 -2.8 12.276
-2.6 -6.4 -4.6468
1 8.4 2.7123
-2.6 10.4 12.242
11.4 12 -24.698
13 -2.8 0.70437
7.8 -3.2 11.765
2.2 0.4 5.9658
8.2 -2.4 10.084
-3 2.4 -17.536
5.8 -4.8 15.389
6.6 2.8 -0.57829
3 2.8 2.7556
-3.8 2.8 -21.032
12.2 6 -33.619
3.4 -7.6 31.905
-6.6 -2 -41.674
10.6 2 -10.781
-6.6 0.4 -43.006
-2.2 7.6 -1.0799
4.2 -0.4 6.2293
7.4 1.6 -0.69851
-3 -0.4 -10.758
4.6 5.2 4.659
2.6 -1.6 4.9737
5 -1.6 4.255
4.6 1.2 9.4521
-3 5.2 -10.579
0.6 3.2 -3.8099
13 3.2 -35.708
-3 -2.8 -11.475
4.6 9.2 4.362
10.6 -2.4 6.05
2.6 8.4 5.8774
0.2 4.4 0.95282
8.6 4.4 -3.2319
4.2 -6.8 31.882
9.8 -2 3.8172
7.8 11.6 -7.0886
7.8 -5.2 27.837
1.8 -7.6 26.163
13 8.4 -41.216
9.4 6 -18.768
-1 -3.6 0.016408
-1.4 9.6 6.4508
3.4 -5.6 23.686
-5 6.4 -14.43
6.6 0.8 -2.8047
0.6 -6.8 18.356
9.8 10.4 -13.794
8.6 -1.6 3.952
-6.2 -5.2 -35.915
5 4.4 -3.6668
11 7.2 -26.021
1 9.2 4.8367
9 4 -12.07
11.4 -6.4 20.704
-2.6 3.2 -11.456
-3.8 -6.4 -7.0124
-5.4 0.4 -30.295
-3.4 2.4 -21.759
-5.8 1.6 -34.405
1.4 0.8 2.9773
-1 2 -5.9702
-1 10 11.029
10.6 -0.8 -6.4541
9 -4.4 12.679
3.8 8 2.8024
-5.4 -0.8 -30.368
4.2 -5.6 28.055
-5.8 -3.6 -38.182
-0.2 -5.6 10.394
9.4 -3.6 13.568
2.2 3.2 -6.0204
-5.8 6.8 -24.216
6.2 -0.8 8.2948
7.4 9.2 -3.9074
-2.6 9.6 2.7578
4.6 9.6 7.5436
-6.6 9.6 -14.164
1.8 2 0.162
11.8 2.8 -26.8
0.6 8.8 7.5468
3.8 6.8 3.0706
1.4 5.6 8.1859
3 -5.2 22.511
3.4 -1.2 9.7525
0.6 9.2 9.2838
-5.8 -5.2 -32.31
-4.2 9.2 -1.4357
12.2 12 -34.901
7 11.2 -0.18862
-6.2 11.6 2.7609
4.6 -1.6 3.1489
-2.6 6.8 -5.7181
7 4 0.072385
1.4 -2.8 -0.18179
-6.6 2 -42.243
11.4 -4.4 9.6099
7.8 -7.2 30.904
-4.2 0.4 -25.269
7.4 -6 30.225
4.6 5.6 -5.0383
7 4.4 -5.9646
-5.4 1.6 -25.532
-0.2 5.6 -6.9547
-4.6 8.8 -6.7244
1.4 9.2 3.7584
4.2 2 2.1777
8.6 5.2 -16.682
7 2.4 -7.238
2.2 -1.6 8.422
-1.8 -5.2 -5.269
2.6 -1.2 5.5142
-5 0 -26.296
5.4 -4.8 25.027
8.6 11.6 -14.72
13 9.6 -45.807
8.6 -5.2 19.511
-3.8 -0.4 -23.784
6.2 6.8 -9.1832
4.6 -2.4 6.7998
3.4 10.4 9.8942
5.8 1.6 0.061041
-4.6 1.6 -23.986
13 -5.6 15.835
3.8 4.4 2.9479
9.8 6.4 -19.166
6.6 5.6 -7.969
-3.8 9.2 0.6238
5.4 -2.8 13.84
8.6 -3.2 11.241
-5 2.4 -31.268
10.2 11.2 -18.249
-5.4 4.8 -23.007
7.4 5.6 -3.4273
0.2 10.8 15.715
-3.4 -4 -12.297
-2.6 -5.6 -7.023
7.8 1.2 -3.7163
-5.4 11.2 3.4048
-3 -5.6 -10.684
7 7.6 -6.8277
-3.4 11.6 5.8647
10.2 -6.8 34.029
7.8 12 -0.53107
12.2 1.6 -21.049
9 -4 9.1251
2.2 6 0.87932
4.6 -5.2 22.651
-5 9.6 -3.8569
-5.4 5.2 -24.199
3 -2.8 8.2951
1 4 -4.1581
-4.6 -0.8 -24.621
5 1.2 -2.6884
-3.4 -4.8 -13.37
-2.2 3.6 -17.748
-5 -4 -20.486
7 11.6 3.2816
10.6 5.6 -28.873
2.6 4.8 3.5682
5.8 -3.2 11.75
-3 3.2 -11.584
-4.2 2 -17.24
2.2 -2 5.3956
12.6 -2.4 -5.2594
11 0 -13.564
2.2 2 -1.1182
8.2 8.8 -14.483
10.6 10.8 -20.637
9.4 -4.8 18.184
0.2 3.2 -1.2736
-1.4 5.2 -6.2397
-3.8 -5.2 -7.3712
7 2.8 -0.11691
8.6 0.8 -2.1945
-0.6 9.6 6.836
8.6 2.8 -14.529
3.4 -0.8 1.1355
-3.8 10 0.84253
-1.4 0 -12.792
7.4 -4 14.687
-1.8 0.8 -14.957
-6.6 4.4 -34.982
5.4 -1.6 9.3342
11 10 -30.025
6.2 6.4 -1.7515
-5.8 12 -2.9459
5.4 10.8 10.715
-6.6 -5.6 -31.767
-2.2 -4 -7.4018
1.8 -4.8 9.341
11.4 -1.2 -6.2207
0.6 1.6 -4.1746
-5 -0.4 -30.165
13 -7.6 28.456
10.6 9.6 -30.349
-3.4 11.2 10.311
-1.8 12 13.944
6.2 12 5.3026
5.4 4 -1.9034
-1.8 3.2 -12.105
11.4 3.2 -24.91
3.8 -0.8 5.5267
-5.8 3.2 -32.831
11.8 -2.4 -3.7911
11 10.8 -25.429
3.4 9.6 5.6789
7.8 -4 20.297
6.2 3.2 -0.71607
2.6 -4 14.831
10.2 8.8 -30.075
5.8 -2 9.3148
10.2 -1.2 -1.0319
-5.8 10.4 -2.7669
8.6 -5.6 26.178
-3.8 -2 -21.397
9.8 9.2 -20.675
10.6 1.2 -8.7009
1.4 4.8 -0.29816
5.4 -7.6 36.08
-6.6 8.8 -12.194
9.8 -4.4 11.843
-1 5.6 -6.8024
-5 -1.6 -33.888
9 7.2 -16.244
7.8 -6.8 35.388
10.6 -5.6 27.31
9.8 3.2 -17.526
7.4 -2.4 8.7466
7.4 -6.8 39.825
11.8 9.2 -38.346
-5.8 2.8 -29.228
1 11.2 10.846
4.2 -1.2 9.13
10.6 9.2 -29.352
5.8 -2.8 8.5731
12.2 7.6 -42.421
11.8 6 -32.595
3.4 3.2 3.3879
-5.4 -3.6 -27.379
-6.2 5.6 -25.784
-6.6 4 -28.547
2.6 -3.6 18.06
0.6 2 3.9167
10.2 3.6 -17.529
7 -2 6.7998
-5.8 -6.4 -29.03
11 -6.8 23.601
10.6 0.4 -9.8257
-6.2 -2.8 -43.426
9.8 0.8 -13.763
10.2 8.4 -20.702
6.2 0 1.7741
-0.6 -7.6 18.152
9.4 -2.4 3.3658
1.4 -3.6 4.7303
-3.8 -2.4 -23.682
-0.6 -7.2 11.822
3 3.2 2.0172
5 -6 20.608
-2.2 -1.2 -12.831
7.4 1.2 -2.1653
-2.2 1.2 -16.006
2.6 -0.4 4.6148
-6.2 8 -17.701
-2.6 12 16.85
-5 7.6 -12.628
-5 7.2 -10.279
3.8 6.4 5.3888
9 1.2 -7.2492
1.8 7.2 6.1664
1 -6 8.8585
5 -5.6 19.869
-3.4 3.6 -17.906
1.4 -5.2 10.672
-5.4 1.2 -32.896
13 9.2 -49.975
4.2 2.8 -0.63341
1.8 5.6 1.4497
-2.2 -0.8 -11.44
12.2 2.8 -25.638
-1.8 1.6 -7.4502
-4.6 -6.4 -19.666
-2.6 8 -2.4517
1.4 -7.6 19.624
-3.4 6 -8.1883
-5.8 11.2 7.2988
1 -0.8 1.6516
-1 2.4 -3.3897
0.6 10.4 14.452
0.6 -3.6 7.2139
8.2 3.6 -5.534
