-3 7.2 -5.4072
13 -5.2 10.591
3.8 -6.4 24.527
11 -3.2 4.6607
1 5.2 4.5839
7.8 5.6 -12.035
-5.4 -3.2 -32.308
8.2 -6.4 28.448
2.6 5.6 -1.4287
1.8 7.6 4.4351
8.2 -1.6 3.1393
6.6 1.2 -7.4355
10.2 7.2 -26.323
-4.2 8.8 -4.1221
1 -0.4 -0.095288
0.2 2.4 -7.9419
6.2 -5.2 26.571
2.6 2.4 -0.82686
9.4 4.8 -15.711
5.4 9.6 1.1621
1 -3.2 5.1817
-5.8 -0.4 -29.021
-1.8 4.4 -9.1185
-4.6 3.6 -23.535
-1.4 -1.6 -8.2396
10.6 6 -22.89
-5 12 7.0913
3 6.8 7.4704
-0.2 -4 1.9376
1.8 -1.6 4.2432
11.8 6.4 -28.291
9.8 1.2 -7.5957
3 10.8 14.324
7 -6.4 29.781
-2.6 -2.8 -13.046
-4.2 6.4 -13.945
-0.6 -1.2 0.72727
2.6 0.8 -0.78906
1 8 -0.35883
9.8 4.8 -15.982
3 10 6.63
-5.4 8 -11.94
-4.2 3.2 -16.67
2.6 9.2 5.7947
-0.6 -0.8 -8.0196
-3.4 7.6 -7.5834
5 4 0.19446
9.4 8 -12.842
12.6 -2.8 -1.2881
7 5.6 -7.2232
0.6 2.8 -2.8234
9 6.8 -19.351
2.2 -3.2 7.9576
-0.6 4 -3.714
4.2 -6.4 27.616
4.6 3.2 0.11266
5.4 0.4 4.8015
10.6 -6.8 30.237
7.4 2.4 -6.0301
8.6 9.6 -16.754
-2.6 4.4 -15.255
10.2 3.2 -14.997
3.4 0.4 4.9055
11.8 12 -29.742
6.2 -2.8 11.696
1 -5.2 16.828
0.6 3.6 -3.8437
1.4 -2 5.3367
3 4.4 -4.3082
4.6 4.8 -2.2109
10.2 4 -21.449
3.4 -7.2 27.273
1.8 0.4 2.6766
12.6 2.4 -30.065
8.2 -7.6 36.595
-5 -2 -28.095
-1.8 10.8 9.8343
1 2 -0.54528
8.6 7.6 -16.143
-1 11.6 18.475
8.6 3.2 -10.923
2.6 3.6 1.5986
6.2 4.4 -5.789
1.4 -1.6 11.685
-0.6 -2.4 0.26502
4.6 -0.8 8.6986
9.8 -6.4 27.61
10.2 8 -20.419
3.8 -6.8 29.867
5.8 4.4 -0.576
5.4 -2.4 13.38
7 0 8.5189
-2.2 -6.8 1.2118
1.8 6 3.6908
-0.6 2.8 -8.8956
-6.2 -6 -34.39
9.4 -7.6 38.173
-2.6 2.8 -11.739
1.4 1.6 -5.159
13 7.2 -41.747
3.8 0 6.6645
-1.8 4 -4.4887
-0.2 12 9.988
1 -2.8 6.7562
9 -2.8 11.227
-5.4 3.6 -24.14
10.2 -2.4 0.43159
10.2 -3.2 11.344
-5.8 2 -34.498
-3 -3.2 -11.782
-0.6 6 -0.71442
0.2 2 -0.72418
-0.6 -2.8 0.28404
10.2 0 -5.6955
1 -1.2 -0.047346
6.6 -0.8 7.8531
8.6 1.6 -5.3905
7.8 -4.4 24.664
8.2 1.6 -3.3573
7.4 3.2 -3.1047
-3.4 1.2 -19.227
-1.4 12 18.876
-2.2 -6.4 4.7622
9.8 -3.6 15.436
-4.6 -4.4 -27.261
-2.2 0 -16.853
5 2 1.2151
6.2 8.8 -4.961
4.2 3.6 -5.7357
-2.2 2.4 -12.46
3 11.6 18.997
9.8 5.2 -15.745
12.6 -4.8 9.9574
11.4 0.8 -16.663
7.4 -3.2 9.8338
2.2 -1.2 11.213
0.2 0.8 -4.731
12.6 0.4 -24.782
-0.6 10.8 11.711
8.2 -6.8 30.527
7 -6 25.594
-1 6.8 -5.5808
11.4 10 -28.434
-1 4 -6.7924
-1.8 4.8 -8.5947
-4.2 -6.4 -13.405
-3.8 10.4 -3.6351
5.8 7.2 2.5547
-1.8 11.6 11.493
-4.6 4 -22.442
11.4 6.4 -31.108
3.4 12 13.92
5 3.2 0.84041
-0.2 -3.6 2.4796
4.6 4 0.80691
10.2 12 -22.352
-1.4 4 -6.9468
1.8 -4 10.32
5 6.4 -3.1982
-1.4 11.6 14.481
-6.2 3.2 -36.217
-6.6 3.2 -32.689
-6.2 0 -36.989
7.8 8.4 -9.8188
7.8 1.6 -3.9858
13 8.8 -45.051
-4.6 9.6 -5.9631
7.4 -5.2 26.158
-5.8 8 -13.853
3 -6.4 18.246
1 9.6 6.4573
3 12 9.4081
7 3.2 -4.9468
8.2 7.2 -10.201
-3.4 -1.2 -16.93
-5.4 4.4 -21.888
9.8 -6.8 30.922
6.2 -0.4 7.8476
-6.2 -7.6 -24.869
9 -3.2 7.0318
5 6 -1.6114
-2.6 -4.8 -6.9659
10.6 -2 -4.9036
11.8 -3.6 4.0593
12.6 4 -36.696
-5.8 0.8 -28.371
0.6 4.4 -9.6366
-0.6 0 -5.4432
4.6 -7.6 35.74
-1 -2 -1.7046
-5.8 11.6 -1.4663
0.2 -2.8 7.4179
5.8 8.8 -1.7201
5.8 8.4 -0.66277
-4.6 -1.2 -31.328
-3.4 10 8.1173
-4.2 12 11.526
1.4 10.4 14.282
1 4.8 6.2098
-5.8 4.8 -26.648
-1 5.2 -9.5133
-3.4 -5.6 -6.9993
11.4 -1.6 -4.4762
-3.4 5.6 -11.049
11.4 8 -33.258
-3.8 -4.4 -17.462
-3.4 -3.6 -11.23
7 -2.8 7.9798
-1.8 -1.6 -9.9431
10.2 -2 0.19833
8.2 8.4 -7.8799
3.4 -1.6 10.043
-6.6 -4 -37.629
1.4 0 1.546
11.4 6.8 -27.929
-1.4 3.2 -12.811
2.2 4.4 2.5017
11.8 -2 -5.6934
8.6 5.6 -8.6972
7 8.4 -8.7274
11.4 3.6 -25.573
-5 0.4 -32.282
-3.8 3.2 -17.113
-3.4 0.4 -22.1
-0.6 -4.4 1.8889
6.6 1.6 -0.34744
-3.8 -5.6 -12.772
3.4 -3.2 12.402
11 8 -22.457
-1.4 2 -4.0795
9 4.8 -11.77
-4.2 -0.4 -26.929
6.6 4 -2.0501
-2.6 0.4 -5.3281
6.2 2.4 -4.1392
3.8 7.6 -3.0884
1.8 6.4 6.6632
-2.6 0.8 -10.62
-6.6 6 -26.043
6.6 2 -9.1159
-0.2 9.2 7.9227
8.6 6.4 -11.464
9.8 8.8 -20.748
0.2 1.6 2.9374
-4.2 -6.8 -10.816
12.6 7.2 -32.714
6.6 8 0.8116
-2.2 0.8 -11.462
2.6 -5.6 20.245
-5 5.2 -18.23
-2.6 1.2 -18.612
1.4 2.8 -2.9656
12.6 8 -44.23
-3.8 8.8 -6.122
13 -4.8 3.4802
0.6 -3.2 8.9301
7 -4.4 24.576
0.2 5.6 0.81914
-6.2 0.8 -40.186
8.6 -0.8 0.619
-3 11.2 7.994
-6.2 -1.2 -43.502
1.4 2.4 2.1299
9.8 -2.4 4.7577
-4.2 -7.2 -16.456
3.4 2.8 2.0005
3.4 -4.4 19.112
-1.4 -5.2 -3.0519
5 8 0.37638
9.4 4 -20.289
2.6 -3.2 16.313
-5 11.2 6.6273
1.8 4 1.4982
7.4 10 -4.8536
-1.4 -2.8 -9.17
6.6 -7.6 35.677
3.4 2.4 2.4062
6.2 2 -1.3282
-2.2 12 18.039
7.4 6.8 -9.5719
-1 10.4 13.807
-3 8 1.3719
-0.2 5.2 -2.4162
-0.6 3.2 -6.6955
10.6 8.4 -19.584
9 5.6 -17.024
4.2 0.4 6.9341
-3.4 -6.4 -11.468
5.4 9.2 -4.2702
8.2 -0.4 -3.0059
10.6 -1.6 4.8215
12.6 -6.8 25.193
-6.6 12 1.9479
8.6 -4.8 16.667
11.4 4.8 -34.248
12.2 -2.4 -12.521
0.6 -2 0.10959
5 0 6.2366
11.8 -3.2 -0.1512
12.2 2.4 -28.598
2.2 5.6 4.9064
4.2 10.8 6.5058
9.8 10 -15.242
7.4 8.4 -7.587
1.4 -0.4 1.6765
0.6 -7.6 22.58
3.4 -4.8 18.496
8.6 -4 12.185
-4.2 5.2 -13.051
-0.2 -2.4 -0.069427
9 10.4 -9.8793
10.2 2 -13.901
3 9.2 2.0876
4.2 5.2 -1.1551
2.6 10 10.598
6.2 -3.6 14.011
5.4 6 -5.0756
-3.8 -0.8 -13.456
7.8 8 -10.517
7.8 -2.4 11.904
10.6 0 -10.6
4.6 -2.8 14.356
6.6 0 1.9709
-6.6 -1.2 -40.959
12.6 -0.8 -10.956
8.2 -2.8 4.3807
1.8 9.2 6.8903
6.2 -2.4 15.292
8.6 0.4 -5.2704
10.6 2.4 -19.359
9.8 6 -18.24
-2.6 7.2 -7.8102
-1.4 11.2 13.353
-6.2 1.6 -34.862
-0.6 11.6 16.011
5.4 -5.2 18.781
-3 -6.4 -5.989
-1.8 1.2 -7.7534
3.8 3.2 -2.1914
10.2 1.6 -16.858
11 -4.4 6.7864
7.8 0.4 2.4989
-1.4 -6 5.7483
-6.2 6.4 -16.517
2.2 10.4 11.734
9.8 2.8 -10.671
0.2 7.2 5.7266
0.6 -0.4 4.5258
-3 -4.4 -12.849
-6.2 -6.8 -29.67
0.2 -6.8 19.923
1.8 3.6 2.5603
4.6 7.6 -0.43534
-1 0 -4.561
-0.2 -5.2 8.2906
1.8 8.4 7.4744
-3.8 4 -20.382
6.6 10.4 -4.2595
11.8 -2.8 1.8601
-5.8 -6.8 -33.764
-6.2 6 -26.281
-3 11.6 12.047
10.2 9.2 -22.455
6.2 -7.2 31.045
2.2 -5.2 17.501
-5 -3.2 -29.089
-5.4 -2.4 -35.711
1 -5.6 16.12
0.6 6.4 3.0754
13 -3.2 -4.8062
5 -0.4 9.4309
11 -1.6 -6.4727
-6.2 -3.2 -38.742
5 8.4 -3.4186
-4.6 5.6 -13.244
-5.4 0 -35.575
4.2 1.2 -2.0182
12.2 4.4 -32.446
-0.6 2 -3.8081
-5.4 2.8 -34.618
11.8 5.2 -25.289
0.2 -0.4 -4.6465
11.8 -4 9.1725
-6.6 -2.8 -34.757
5.8 -2.4 10.258
-3.8 1.2 -24.163
9 6 -13.856
3 0 1.2321
3.4 8 2.3697
0.2 2.8 -8.1962
2.2 8.8 5.6967
-2.6 -3.2 -7.6086
0.6 5.6 -1.4691
-5.8 2.4 -27.032
-3.8 11.6 11.407
13 0.4 -24.235
-6.6 11.6 0.21373
11.8 10.4 -36.758
-0.2 -4.4 7.515
-2.2 -6 -0.60841
6.2 -1.6 6.6912
2.2 -7.6 24.072
13 1.6 -29.677
-3.8 10.8 5.058
3.4 -6.8 31.452
-5.4 2 -33.39
-2.6 -2 -15.294
-1.8 8 -3.579
-0.6 5.6 -3.1351
-5.4 -2 -37.821
5 5.6 -3.9824
11.4 -3.6 5.4416
11.4 0 -12.492
-2.2 -3.6 -13.842
6.6 -4.8 31.552
-0.6 3.6 -5.1793
3.4 5.6 2.0093
5.4 1.2 0.67793
-3 -4.8 -13.156
3.4 2 -2.249
-5.4 8.4 -10.488
-6.2 9.2 -23.138
11.4 -2 -5.494
-1.4 10 12.112
-4.2 4 -23.69
9 1.6 -5.5122
9 3.6 -14.333
4.6 -7.2 31.767
1 6 0.35266
5.4 2.4 -3.4839
1.4 0.4 5.3246
4.2 -4.8 25.011
-6.2 2 -36.572
-0.6 -4.8 7.1456
-1 12 11.207
0.6 10 10.25
6.6 -6.4 25.864
-3 9.2 3.5256
-1 -6.4 11.306
-1.4 4.8 -14.011
8.2 10.8 -7.4256
5.8 10.4 -1.7256
-5.8 -0.8 -34.849
6.6 0.4 -3.1108
10.6 11.6 -25.591
-6.6 -0.4 -39.462
-2.2 6.4 -0.89013
13 8 -38.812
1 -4 8.6301
-4.6 12 3.4479
11.8 10.8 -34.495
5 5.2 -3.8973
-5.4 -1.6 -29.773
0.6 0.8 -0.93028
-4.6 10.4 -2.8988
1.4 -6.8 24.111
-1 3.6 -2.9328
12.6 5.2 -38.464
11.8 1.6 -14.365
6.2 -4.8 23.366
9 10.8 -10.865
6.6 -2 6.3528
12.6 0.8 -19.734
4.2 8 1.2534
-6.6 0 -41.977
5 0.4 2.5477
-4.2 1.2 -22.156
7 3.6 -3.4738
0.2 0.4 -5.4654
9 -1.2 -1.2151
-4.6 8 -9.5874
10.2 -7.2 31.37
12.6 -6.4 15.089
-0.6 7.2 1.3034
-5.4 -6.8 -21.433
-2.6 4 -12.718
10.2 -4 10.608
-4.2 -7.6 -7.2868
6.6 -3.6 22.538
-5.8 4.4 -30.544
9.4 12 -19.527
-1.4 -4 1.6848
0.6 -5.2 13.941
-1 7.6 -5.0474
11 1.2 -18.233
-6.6 -1.6 -43.243
11 4 -21.158
4.2 9.6 2.6442
-3.4 -7.2 -2.3144
10.2 2.8 -19.692
-4.2 4.8 -13.268
11 7.6 -24.949
0.6 6.8 4.7837
-4.2 -5.2 -18.983
-5.8 4 -31.419
-3 2.8 -18.325
1 2.4 -0.56397
-5.4 -4 -27.882
-1.8 6.4 -10.421
-3 5.6 -5.8969
-3 -3.6 -6.7683
11 -5.2 18.242
-2.6 -0.4 -15.514
1 10.8 13.089
12.2 3.6 -26.234
-6.6 4.8 -29.743
-4.2 5.6 -15.511
12.2 -7.2 28.822
-0.2 6 2.3029
13 -0.4 -21.5
12.2 0.8 -22.845
-5.4 -2.8 -27.388
9.4 8.8 -14.608
-5 -4.4 -28.259
11 11.2 -30.875
2.2 -5.6 17.673
3.8 5.6 5.917
4.2 12 11.341
4.6 3.6 3.6337
-5 -6.4 -14.448
11 9.2 -31.352
9.8 -3.2 6.7938
9 -6.8 35.429
-2.2 2 -13.144
9.8 8 -18.895
10.2 4.8 -20.512
-6.6 8.4 -18.228
6.6 11.6 1.0019
1 -3.6 6.2093
-6.2 8.4 -13.925
4.6 6.8 1.5944
10.6 6.8 -22.121
12.2 6.8 -33.372
-6.2 -4.4 -32.219
11 -6.4 22.791
1.8 -7.2 21.201
3 4 -4.8782
9.4 6.8 -17.81
12.6 10.4 -37.847
1.4 -6 21.084
3.8 8.8 9.7697
-0.2 9.6 9.732
9.8 -7.2 35.962
0.2 4.8 0.59698
-2.2 -4.8 -4.4578
11.4 -0.8 -9.8748
1.4 -2.4 5.2694
1 5.6 2.4661
5 -2.4 11.123
-2.2 -5.6 6.5518
0.6 -2.8 4.038
-1 6.4 0.29472
-3 8.4 3.2103
-6.6 -7.6 -30.661
-1 -4.4 0.49026
4.6 0.4 -0.45561
4.6 6.4 -0.61711
10.6 -4.8 9.2237
6.6 -4 17.051
8.2 4.8 -7.4206
5.4 7.2 -0.67365
-1 7.2 -0.66465
9 8 -14.613
-3 0.8 -13.259
0.6 -4.4 9.3741
1 2.8 -1.1647
3.4 4.8 1.2343
-4.6 -2.4 -24.109
-1.8 2.8 -7.5299
11 -0.8 2.3396
-6.6 5.2 -29.681
9.4 10.8 -20.478
-6.6 8 -21.553
4.2 -7.6 34.174
-5.8 3.6 -37.083
6.6 -6.8 34.54
13 6.8 -43.82
5 -3.6 12.428
-4.2 10.8 9.7234
13 11.6 -39.351
10.2 5.6 -18.411
9.4 -5.2 22.328
6.2 1.2 1.08
4.2 -1.6 6.8455
10.2 -5.2 18.96
6.2 8.4 -0.87232
7.4 -0.4 1.2482
-1.8 10.4 9.3443
3 8.4 1.9442
-5.8 9.2 -9.9161
5.8 12 11.475
-3 9.6 -2.1743
-5.4 8.8 -12.703
-1 0.4 -5.8438
2.6 -6.4 24.609
-1.4 -4.8 -2.1507
7.8 -1.6 3.9604
6.6 2.4 -2.3569
-0.2 10 11.727
6.2 2.8 -0.37313
12.6 -1.6 -11.541
-6.6 -6 -38.728
3 -6 21.928
5 2.8 -0.72141
-5.8 0.4 -26.975
6.2 -7.6 33.604
13 4.8 -35.911
2.2 2.4 -1.7711
0.6 11.2 15.577
10.6 12 -15.526
-6.6 -4.8 -31.456
3.4 0 7.367
10.6 7.2 -29.894
9.8 -7.6 28.399
-1.4 -0.8 -9.5277
12.6 -7.2 25.514
8.2 -4.8 21.521
-2.6 -1.6 -13.848
1.4 -1.2 3.2095
4.2 -7.2 31.263
-2.2 4.8 -13.239
11.8 8.8 -35.073
-0.2 6.8 4.1904
-2.2 -2 -14.829
13 0 -16.473
1 7.2 0.27289
3.4 11.2 13.773
-6.2 10.4 -4.4994
1.4 -4.4 14.174
-5 6 -17.047
-3.8 4.8 -15.959
-2.6 11.2 13.684
-5.8 -2.8 -29.785
0.2 -6.4 14.524
-5.4 -7.6 -24.526
7.4 7.2 -9.8893
10.6 -0.4 -10.164
10.2 -4.4 11.911
2.6 7.2 5.6793
10.6 4 -18.343
4.6 -6.4 26.091
-2.2 10 3.4746
7.4 6 -8.601
3 1.2 0.18186
-1.4 1.6 -11.202
-2.2 3.2 -9.5407
3 -4 10.633
-3.4 -2.4 -19.927
9.8 -1.2 -2.3365
5.4 12 8.5246
8.2 2.4 -7.2784
9.8 7.2 -25.044
1.8 0.8 6.1632
12.2 -6.8 22.28
5.4 -4.4 21.088
5.8 6.4 -2.296
11.8 4.8 -21.878
3 0.8 -5.1618
6.2 -6.8 28.747
-1.4 -6.4 7.2922
3.8 -4 13.878
-5 -1.2 -32.121
-4.2 -2 -26.791
2.2 12 15.313
-3 0.4 -16.897
-5.4 3.2 -27.5
11.8 7.6 -33.682
11 -4.8 18.157
3.8 3.6 -4.6947
-6.2 7.2 -19.498
2.2 1.2 -1.7548
-3 -5.2 -12.482
3.8 -7.2 29.184
13 -6.4 20.041
11 -0.4 -7.2455
-1 -3.2 1.4236
6.2 -2 12.774
-4.6 -3.6 -24.16
2.2 10.8 15.542
7.4 -7.2 32.649
9.4 -4.4 15.465
12.2 -4.8 14.821
-4.2 -6 -17.343
-0.6 11.2 16.135
-3.8 8.4 -4.6417
8.2 3.2 -4.1801
9 9.6 -21.932
-2.2 8.4 6.4665
1.8 1.2 -1.918
-6.6 2.8 -35.461
10.6 4.4 -17.885
2.6 1.6 -2.8826
11.8 -6 18.916
2.2 11.6 17.657
8.2 10.4 -8.5031
0.2 -3.2 4.0544
11.4 -7.6 30.425
11.4 5.6 -31.84
7 4.8 -4.9714
3.4 4 -1.8281
-1.4 10.4 13.483
-0.2 8.8 11.52
3.8 10 11.414
5 -2.8 12.276
-2.6 -6.4 -4.6468
1 8.4 2.7123
-2.6 10.4 12.242
11.4 12 -24.698
13 -2.8 0.70437
7.8 -3.2 11.765
2.2 0.4 5.9658
8.2 -2.4 10.084
-3 2.4 -17.536
5.8 -4.8 15.389
6.6 2.8 -0.57829
3 2.8 2.7556
-3.8 2.8 -21.032
12.2 6 -33.619
3.4 -7.6 31.905
-6.6 -2 -41.674
10.6 2 -10.781
-6.6 0.4 -43.006
-2.2 7.6 -1.0799
4.2 -0.4 6.2293
7.4 1.6 -0.69851
-3 -0.4 -10.758
4.6 5.2 4.659
2.6 -1.6 4.9737
5 -1.6 4.255
4.6 1.2 9.4521
-3 5.2 -10.579
0.6 3.2 -3.8099
13 3.2 -35.708
-3 -2.8 -11.475
4.6 9.2 4.362
10.6 -2.4 6.05
2.6 8.4 5.8774
0.2 4.4 0.95282
8.6 4.4 -3.2319
4.2 -6.8 31.882
9.8 -2 3.8172
7.8 11.6 -7.0886
7.8 -5.2 27.837
1.8 -7.6 26.163
13 8.4 -41.216
9.4 6 -18.768
-1 -3.6 0.016408
-1.4 9.6 6.4508
3.4 -5.6 23.686
-5 6.4 -14.43
6.6 0.8 -2.8047
0.6 -6.8 18.356
9.8 10.4 -13.794
8.6 -1.6 3.952
-6.2 -5.2 -35.915
5 4.4 -3.6668
11 7.2 -26.021
1 9.2 4.8367
9 4 -12.07
11.4 -6.4 20.704
-2.6 3.2 -11.456
-3.8 -6.4 -7.0124
-5.4 0.4 -30.295
-3.4 2.4 -21.759
-5.8 1.6 -34.405
1.4 0.8 2.9773
-1 2 -5.9702
-1 10 11.029
10.6 -0.8 -6.4541
9 -4.4 12.679
3.8 8 2.8024
-5.4 -0.8 -30.368
4.2 -5.6 28.055
-5.8 -3.6 -38.182
-0.2 -5.6 10.394
9.4 -3.6 13.568
2.2 3.2 -6.0204
-5.8 6.8 -24.216
6.2 -0.8 8.2948
7.4 9.2 -3.9074
-2.6 9.6 2.7578
4.6 9.6 7.5436
-6.6 9.6 -14.164
1.8 2 0.162
11.8 2.8 -26.8
0.6 8.8 7.5468
3.8 6.8 3.0706
1.4 5.6 8.1859
3 -5.2 22.511
3.4 -1.2 9.7525
0.6 9.2 9.2838
-5.8 -5.2 -32.31
-4.2 9.2 -1.4357
12.2 12 -34.901
7 11.2 -0.18862
-6.2 11.6 2.7609
4.6 -1.6 3.1489
-2.6 6.8 -5.7181
7 4 0.072385
1.4 -2.8 -0.18179
-6.6 2 -42.243
11.4 -4.4 9.6099
7.8 -7.2 30.904
-4.2 0.4 -25.269
7.4 -6 30.225
4.6 5.6 -5.0383
7 4.4 -5.9646
-5.4 1.6 -25.532
-0.2 5.6 -6.9547
-4.6 8.8 -6.7244
1.4 9.2 3.7584
4.2 2 2.1777
8.6 5.2 -16.682
7 2.4 -7.238
2.2 -1.6 8.422
-1.8 -5.2 -5.269
2.6 -1.2 5.5142
-5 0 -26.296
5.4 -4.8 25.027
8.6 11.6 -14.72
13 9.6 -45.807
8.6 -5.2 19.511
-3.8 -0.4 -23.784
6.2 6.8 -9.1832
4.6 -2.4 6.7998
3.4 10.4 9.8942
5.8 1.6 0.061041
-4.6 1.6 -23.986
13 -5.6 15.835
3.8 4.4 2.9479
9.8 6.4 -19.166
6.6 5.6 -7.969
-3.8 9.2 0.6238
5.4 -2.8 13.84
8.6 -3.2 11.241
-5 2.4 -31.268
10.2 11.2 -18.249
-5.4 4.8 -23.007
7.4 5.6 -3.4273
0.2 10.8 15.715
-3.4 -4 -12.297
-2.6 -5.6 -7.023
7.8 1.2 -3.7163
-5.4 11.2 3.4048
-3 -5.6 -10.684
7 7.6 -6.8277
-3.4 11.6 5.8647
10.2 -6.8 34.029
7.8 12 -0.53107
12.2 1.6 -21.049
9 -4 9.1251
2.2 6 0.87932
4.6 -5.2 22.651
-5 9.6 -3.8569
-5.4 5.2 -24.199
3 -2.8 8.2951
1 4 -4.1581
-4.6 -0.8 -24.621
5 1.2 -2.6884
-3.4 -4.8 -13.37
-2.2 3.6 -17.748
-5 -4 -20.486
7 11.6 3.2816
10.6 5.6 -28.873
2.6 4.8 3.5682
5.8 -3.2 11.75
-3 3.2 -11.584
-4.2 2 -17.24
2.2 -2 5.3956
12.6 -2.4 -5.2594
11 0 -13.564
2.2 2 -1.1182
8.2 8.8 -14.483
10.6 10.8 -20.637
9.4 -4.8 18.184
0.2 3.2 -1.2736
-1.4 5.2 -6.2397
-3.8 -5.2 -7.3712
7 2.8 -0.11691
8.6 0.8 -2.1945
-0.6 9.6 6.836
8.6 2.8 -14.529
3.4 -0.8 1.1355
-3.8 10 0.84253
-1.4 0 -12.792
7.4 -4 14.687
-1.8 0.8 -14.957
-6.6 4.4 -34.982
5.4 -1.6 9.3342
11 10 -30.025
6.2 6.4 -1.7515
-5.8 12 -2.9459
5.4 10.8 10.715
-6.6 -5.6 -31.767
-2.2 -4 -7.4018
1.8 -4.8 9.341
11.4 -1.2 -6.2207
0.6 1.6 -4.1746
-5 -0.4 -30.165
13 -7.6 28.456
10.6 9.6 -30.349
-3.4 11.2 10.311
-1.8 12 13.944
6.2 12 5.3026
5.4 4 -1.9034
-1.8 3.2 -12.105
11.4 3.2 -24.91
3.8 -0.8 5.5267
-5.8 3.2 -32.831
11.8 -2.4 -3.7911
11 10.8 -25.429
3.4 9.6 5.6789
7.8 -4 20.297
6.2 3.2 -0.71607
2.6 -4 14.831
10.2 8.8 -30.075
5.8 -2 9.3148
10.2 -1.2 -1.0319
-5.8 10.4 -2.7669
8.6 -5.6 26.178
-3.8 -2 -21.397
9.8 9.2 -20.675
10.6 1.2 -8.7009
1.4 4.8 -0.29816
5.4 -7.6 36.08
-6.6 8.8 -12.194
9.8 -4.4 11.843
-1 5.6 -6.8024
-5 -1.6 -33.888
9 7.2 -16.244
7.8 -6.8 35.388
10.6 -5.6 27.31
9.8 3.2 -17.526
7.4 -2.4 8.7466
7.4 -6.8 39.825
11.8 9.2 -38.346
-5.8 2.8 -29.228
1 11.2 10.846
4.2 -1.2 9.13
10.6 9.2 -29.352
5.8 -2.8 8.5731
12.2 7.6 -42.421
11.8 6 -32.595
3.4 3.2 3.3879
-5.4 -3.6 -27.379
-6.2 5.6 -25.784
-6.6 4 -28.547
2.6 -3.6 18.06
0.6 2 3.9167
10.2 3.6 -17.529
7 -2 6.7998
-5.8 -6.4 -29.03
11 -6.8 23.601
10.6 0.4 -9.8257
-6.2 -2.8 -43.426
9.8 0.8 -13.763
10.2 8.4 -20.702
6.2 0 1.7741
-0.6 -7.6 18.152
9.4 -2.4 3.3658
1.4 -3.6 4.7303
-3.8 -2.4 -23.682
-0.6 -7.2 11.822
3 3.2 2.0172
5 -6 20.608
-2.2 -1.2 -12.831
7.4 1.2 -2.1653
-2.2 1.2 -16.006
2.6 -0.4 4.6148
-6.2 8 -17.701
-2.6 12 16.85
-5 7.6 -12.628
-5 7.2 -10.279
3.8 6.4 5.3888
9 1.2 -7.2492
1.8 7.2 6.1664
1 -6 8.8585
5 -5.6 19.869
-3.4 3.6 -17.906
1.4 -5.2 10.672
-5.4 1.2 -32.896
13 9.2 -49.975
4.2 2.8 -0.63341
1.8 5.6 1.4497
-2.2 -0.8 -11.44
12.2 2.8 -25.638
-1.8 1.6 -7.4502
-4.6 -6.4 -19.666
-2.6 8 -2.4517
1.4 -7.6 19.624
-3.4 6 -8.1883
-5.8 11.2 7.2988
1 -0.8 1.6516
-1 2.4 -3.3897
0.6 10.4 14.452
0.6 -3.6 7.2139
8.2 3.6 -5.534
0.6 -2.4 1.459
1.8 10.8 15.775
10.6 -4 9.4965
5.4 10.4 3.0904
-6.6 10 -9.7088
9.8 -4 12.162
-0.2 -4.8 -3.4776
-5.8 -5.6 -28.192
5.8 5.6 -1.4243
7.4 -4.4 21.713
-3.8 -4 -12.101
6.6 -2.8 9.5323
0.2 11.6 17.843
11.8 1.2 -27.939
-0.6 -6.4 8.2051
-0.6 8.4 -1.1595
3.8 6 -9.1138
7 10.4 -1.8462
11.8 -5.6 15.427
-6.2 2.4 -38.465
11 4.8 -26.657
3 -6.8 26.008
3.8 9.2 2.1341
5.8 2.8 -0.14437
11.4 -7.2 28.763
-4.2 6.8 -9.9621
-0.2 -2 4.6342
-4.2 7.2 -9.1793
-3.8 3.6 -14.958
7 -4.8 20.707
12.6 -3.2 -6.1655
8.2 5.6 -7.9855
-6.6 9.2 -16.157
5.8 8 0.51229
3 9.6 8.7822
5.4 11.6 10.969
-1.4 -7.2 11.443
0.2 -7.6 20.817
2.2 9.2 0.12465
7.8 5.2 -15.127
11.4 5.2 -26.807
9.8 4.4 -17.857
10.2 7.6 -25.154
4.2 6.8 3.5927
9 9.2 -15.826
-4.2 -2.8 -19.655
7.8 7.6 -17.594
1.4 10.8 12.735
3.8 -2.4 11.888
8.6 8.4 -9.9013
-1.8 -5.6 3.4968
7 6.4 -8.0642
7.8 11.2 -3.2147
11 -3.6 5.3845
8.6 2.4 -8.823
7 9.2 -7.4894
8.6 -2.8 7.5942
2.6 1.2 -1.2154
-6.6 7.2 -20.119
-1 8.8 5.797
-6.6 -5.2 -35.422
-5 -0.8 -33.168
4.2 7.6 0.87424
4.6 11.2 5.0219
1 12 22.347
8.2 0.4 -1.6999
4.6 1.6 3.1337
-6.2 12 9.5804
-0.6 1.6 -6.5563
6.2 0.8 2.232
3.4 -2 2.7592
4.2 6 -2.2639
4.6 -4.4 17.694
5 -4.4 14.415
0.2 8.4 5.1042
7.8 9.2 -6.3848
2.6 2 -0.9764
-5 -6.8 -18.778
3.4 -5.2 15.61
11.8 0.8 -21.563
-3.4 6.4 -10.039
3.8 2 -4.0178
-1 6 -4.5103
7 -7.2 31.967
3.8 11.6 10.236
-2.6 6 -1.7439
3.8 0.4 5.2617
1 4.4 4.2654
-3 -6 -10.021
9.4 -1.6 -3.1888
12.2 -4 6.676
9.4 -4 12.315
9.8 4 -14.116
7.8 -6 27.962
-1.4 -2 -7.0576
6.6 11.2 -1.5477
-3.8 -1.2 -16.353
9.8 10.8 -14.843
8.2 -3.6 13.052
8.6 10.4 -2.366
-6.6 3.6 -32.88
2.2 -4 9.6877
11.4 2 -24.886
9.4 8.4 -19.684
-5.4 10 -5.1027
-2.2 8 -7.4191
9.4 7.6 -19.237
7.8 -7.6 39.915
-3.4 8.8 -5.9109
-5.4 7.2 -17.309
11 -7.6 32.509
-6.2 -0.4 -40.79
7.4 3.6 -5.4354
-2.2 10.8 15.362
-2.2 1.6 -16.548
-2.2 4 -12.259
-2.6 -6 -3.0077
-3.4 -0.8 -19.648
11 3.2 -21.433
6.2 7.6 -3.7399
3.4 -6.4 21.625
1.8 -3.2 10.083
7.4 6.4 -11.617
-2.2 6.8 -9.8885
10.6 -3.6 6.154
2.6 -7.2 29.152
3 -0.8 6.9374
-0.6 -5.6 13.522
9.4 6.4 -19.986
13 2 -29.905
-1.8 5.6 -6.6581
10.6 -6.4 25.433
-1.8 2.4 -13.16
7 -3.6 17.228
9 -4.8 14.442
1.4 11.6 14.632
9.4 11.2 -5.2908
5.4 11.2 9.6848
3.8 -0.4 1.1215
-1.4 3.6 -5.7285
7.4 2 -5.9551
7 6 -6.5471
6.2 1.6 -2.7227
-1 -1.2 -4.3775
4.6 -2 3.8842
3.8 1.2 0.45448
-5.4 -4.4 -38.667
8.6 8.8 -15.055
11 3.6 -22.918
4.2 -3.6 10.48
9.4 2 -8.5556
-5 3.2 -27.709
3.8 -3.6 14.72
12.6 7.6 -39.005
-6.6 11.2 -2.4245
9.8 5.6 -22.116
4.2 6.4 1.2391
-6.6 -2.4 -41.413
-6.2 -2 -34.807
11 -2 0.078718
11 5.6 -20.867
1.4 9.6 6.3911
9 11.6 -9.5977
12.2 9.6 -37.199
-6.2 -2.4 -34.674
-4.2 -1.6 -19.939
7.4 -7.6 38.45
6.2 11.2 4.2311
-1 9.2 0.7068
-1.4 2.8 -8.4408
8.2 -3.2 9.8753
7.4 8.8 -7.1684
-1 -1.6 -7.9967
-6.2 7.6 -21.708
8.6 11.2 -16.304
11.8 11.6 -36.903
-4.6 -7.2 -18.696
1.4 -5.6 21.947
11.4 6 -32.271
8.2 8 -12.237
9 4.4 -14.611
3 -4.4 20.311
5 8.8 2.7768
11.4 2.4 -22.074
-3 0 -15.692
-1 -2.4 -3.3895
13 10.4 -41.481
-1.4 -4.4 1.9833
3 8.8 -4.3811
-2.2 -3.2 -8.7617
4.6 -1.2 5.7246
3.8 -5.2 21.008
-1 -6 0.77383
4.2 1.6 0.64735
-5 -2.8 -22.12
11.4 2.8 -21.949
-3.4 10.4 1.699
7.4 7.6 -9.3249
-4.6 6.4 -15.561
-4.6 -2 -26.356
8.6 6.8 -12.32
10.6 -1.2 0.28562
3 0.4 0.19811
0.6 -5.6 12.726
-3 10.4 6.8048
-0.6 1.2 -4.3124
-3.4 0 -19.074
-0.2 -6 9.0442
-3.8 2.4 -21.872
-2.2 4.4 -9.5782
5 -4 18.522
3.8 2.8 0.14439
1 7.6 2.9608
11.8 -1.2 -3.3713
8.6 -3.6 13.67
2.6 -2.4 13.489
9.4 4.4 -14.134
-1.4 8 4.366
6.6 6.8 -5.3285
2.2 6.8 3.7561
-4.6 7.2 -14
1.8 6.8 1.5265
3.8 10.4 6.9812
-4.2 11.6 14.266
-2.2 -4.4 -6.7904
5.4 -6 28.061
-3.8 -2.8 -19.886
-3.8 5.6 -14.834
5.4 3.6 -3.8923
9.8 -0.4 -4.8943
12.2 6.4 -28.642
13 2.8 -24.315
-0.6 4.4 -4.677
-3.4 5.2 -5.2029
8.2 9.6 -2.833
2.6 2.8 -2.3228
2.2 -2.4 2.0763
-4.6 8.4 -10.604
-2.2 -2.8 -9.6839
7.4 11.2 1.766
8.6 0 0.17845
11 2.4 -24.499
-2.6 -2.4 -16.196
-0.2 2 -4.9311
-0.2 0 -2.9551
-3.4 9.2 3.2522
1 -4.4 12.764
6.2 6 -0.72183
5.8 9.2 -4.9693
-5.8 -4.4 -30.607
1 10 12.428
7.4 -1.6 4.9832
-1 -4.8 -0.85104
-0.6 7.6 1.8846
-2.6 2.4 -15.613
7.8 9.6 -3.3056
9 -6.4 25.677
5 -7.6 31.652
5 11.2 8.0949
1 0.4 -0.68215
-3.8 -6.8 -10.861
12.6 -3.6 -1.129
3 5.2 3.0091
5 10 7.9789
-0.6 2.4 -7.2267
5.8 7.6 3.0877
11.4 7.2 -35.579
3.4 11.6 11.117
-6.6 1.2 -45.261
8.2 6.8 -11.088
3.4 1.2 2.5271
-3.4 1.6 -17.859
-5.4 -5.6 -22.965
12.6 4.4 -36.545
-2.6 5.6 -4.4592
5.4 8 -0.60457
8.6 -7.6 33.424
-2.2 0.4 -12.686
9.8 11.6 -18.69
-2.2 5.6 -7.9825
12.6 6.4 -37.915
7.4 2.8 3.2051
-3.4 4.8 -5.5514
4.6 8.4 4.0841
-6.2 5.2 -29.07
12.6 6 -36.097
10.2 0.4 -2.1896
0.6 11.6 16.552
7.8 10 -8.5154
8.6 4.8 -12.911
12.2 5.2 -32.821
1.4 6.4 3.7745
2.2 -6.4 26.848
-2.6 -7.2 3.0177
-0.6 8 -4.0474
10.6 5.2 -23.322
-3 -2.4 -14.897
11.4 -5.2 13.833
6.6 -1.2 10.694
-6.2 10.8 -5.1552
-6.2 -1.6 -41.497
-1.8 -4 -2.0533
1.4 7.2 1.2706
-4.2 3.6 -21.064
-5.8 9.6 -6.7788
9.4 10.4 -22.117
5 -3.2 18.319
-6.2 11.2 -4.2565
-4.6 -4.8 -21.92
8.6 -6 25.636
12.6 3.2 -24.7
-3.8 6 -8.8742
10.2 -3.6 14.435
-0.2 10.8 11.813
7 1.2 -1.8991
1.8 -6.4 22.97
6.2 -4.4 20.083
3 7.6 0.66518
9.4 -2.8 3.5231
10.6 -7.2 33.627
4.2 -2.8 10.713
9 8.4 -15.643
3 11.2 13.539
1.4 6 -2.7576
2.6 12 15.154
-3.4 -3.2 -15.008
5.8 4.8 -2.9081
-6.2 1.2 -39.017
0.2 -5.6 11.075
12.2 0 -21.521
1.8 -0.4 2.4832
6.2 8 -3.5641
0.6 -4.8 11.68
7.8 -1.2 1.0004
-0.2 0.8 -7.246
0.2 7.6 1.5834
-6.2 -3.6 -37.386
0.2 -5.2 6.7992
5.8 3.2 -1.0231
-5.8 7.2 -21.28
-4.6 2.8 -21.91
-2.6 4.8 -12.255
6.6 4.8 -0.69618
9.4 -0.4 -4.6788
3.8 5.2 -2.5641
5 2.4 -1.9269
1.8 -2.8 9.2225
13 1.2 -27.442
5 11.6 10.678
11.8 8 -36.596
7.4 4.4 -8.9451
-5 -2.4 -20.717
8.2 4.4 -17.755
9 -7.2 32.487
11.8 -6.4 24.076
-6.6 -3.2 -40.007
9 0.4 -7.829
11 5.2 -23.534
-3 10.8 6.8279
2.2 9.6 7.3614
2.6 11.2 8.6464
12.2 -2 -2.331
1 11.6 13.853
12.6 1.2 -21.646
5.8 -4 17.208
-2.6 0 -11.441
-3 12 14.281
-3.4 -2.8 -16.154
0.2 5.2 -4.445
-4.6 4.8 -16.469
-0.6 4.8 -2.0855
12.6 9.6 -41.268
4.2 -3.2 16.148
10.6 4.8 -23.458
5.8 -1.2 0.85785
9.8 -6 27.648
9 -3.6 16.924
7.4 -2 2.6007
-6.2 4 -34.984
5.8 -4.4 20.19
2.6 10.4 11.837
-4.6 11.6 9.6184
0.2 12 18.886
3.4 5.2 1.6211
-1.8 7.2 2.322
9.8 9.6 -23.883
-0.2 8 6.1659
-1.8 -4.4 -4.9656
-0.6 -4 -0.57651
4.6 2.8 0.25628
3.8 -5.6 28.243
-5 8 -11.154
6.6 -0.4 5.2873
7.4 -6.4 33.607
9.4 1.2 -3.2198
5 6.8 0.72569
-1.8 -3.6 -5.4336
-5.8 -7.6 -24.427
-3.4 4.4 -12.706
1.8 3.2 -1.0831
1 10.4 6.2823
8.2 -7.2 31.769
-1.4 6 -8.9254
-3.8 1.6 -20.748
3.4 -6 28.433
3.4 6.4 -5.9721
-6.6 -6.8 -36.475
1 1.2 -2.2498
11.4 9.6 -30.083
-5.8 6.4 -18.378
-4.6 -5.2 -14.662
9.8 11.2 -18.781
-5 11.6 7.0028
8.2 7.6 -15.331
1.4 10 14.015
5.4 7.6 0.66704
-4.2 -3.6 -16.547
2.6 -2.8 4.4622
4.6 -3.2 21.39
7 0.4 2.4321
-5.4 10.8 5.0446
3.4 7.2 1.5616
-1.8 -6.4 1.1395
11 6.8 -21.876
6.2 -6 27.748
-4.6 2.4 -21.629
2.2 7.6 5.8136
0.2 11.2 15.463
-0.6 12 21.779
7.8 0 -0.36464
-0.6 -3.2 -0.11586
3.8 10.8 3.0117
9 -5.6 27.657
-5.4 9.2 -10.853
9 3.2 -12.802
5.4 -6.4 33.802
-4.2 9.6 -1.7836
9 -2.4 10.112
8.6 -2.4 12.115
-5 -7.2 -16.612
11 11.6 -22.832
-5.8 7.6 -9.5294
-6.6 10.8 -8.1708
6.2 10 -1.072
12.2 10.8 -35.259
11.8 3.6 -24.699
7.4 5.2 -15.213
-2.6 6.4 -6.8553
-0.6 6.8 0.35452
-2.2 -0.4 -10.846
8.6 -1.2 -2.6724
-5.4 -6.4 -24.539
5.8 -7.2 32.589
0.2 6.8 -5.0766
10.2 2.4 -18.463
2.6 0 0.79184
-3.4 4 -18.951
4.6 -4.8 22.783
11 -2.4 3.5156
7.8 -0.8 4.1418
11.8 7.2 -34.225
1.8 -2 3.7878
2.6 4.4 -2.0089
10.2 1.2 -13.219
4.6 2.4 0.65415
3.8 12 11.74
6.2 -6.4 26.933
5.8 5.2 -4.7961
5.4 8.4 1.21
-5.4 4 -30.911
-1.8 0.4 -10.893
13 2.4 -34.666
1.8 10 8.9945
5 9.6 5.7502
9.8 -5.2 19.152
-2.6 5.2 -10.735
12.2 -1.6 -12.033
-0.2 -0.4 -2.9949
11.4 -2.4 -2.7869
3 -3.2 9.8901
1.8 12 19.272
7 -4 9.1574
1.8 -3.6 8.0946
0.2 -1.2 -0.99572
7 9.6 0.30874
11.4 -6 26.344
11.4 11.6 -28.939
13 -3.6 2.4663
5.4 0.8 4.1469
1.4 -4 9.403
-0.2 7.6 -0.79933
-0.6 -6.8 10.137
4.6 10.8 8.6676
8.6 10 -10.419
9.4 10 -17.152
-3.8 -7.6 -3.5781
4.6 -6.8 21.792
-3 4.8 -15.44
12.6 8.8 -41.217
9.8 -1.6 2.92
-3.4 -5.2 -9.9848
-0.6 9.2 0.827
4.6 -3.6 17.269
1 -1.6 5.8319
12.6 1.6 -29.631
0.2 -4.8 11.887
-0.6 0.8 3.4494
12.2 -5.6 13.844
11.8 -0.8 -7.9712
1.4 12 15.374
-1.4 1.2 -12.694
-5 8.8 -8.3338
11.8 3.2 -28.413
10.2 10.8 -26.677
7.8 6.4 -11.802
0.2 -2 0.25275
10.2 -0.4 -5.2371
10.6 -5.2 20.671
10.6 10.4 -22.246
5.4 2.8 -5.5524
2.6 -0.8 4.8337
-4.6 0.4 -18.893
7.8 8.8 -6.6892
-2.6 3.6 -16.013
3.4 4.4 1.3399
9.4 -3.2 7.2536
4.6 11.6 10.442
1.8 10.4 17.122
12.6 10 -39.7
2.6 8 2.1061
9 0.8 -2.9486
-2.6 -4 -10.638
11.8 4.4 -29.516
-6.6 0.8 -38.329
12.2 -0.8 -9.9448
3.4 3.6 0.56572
9.4 9.2 -20.307
4.2 2.4 5.2188
7.8 6 -12.544
4.2 7.2 -4.0374
7 12 -1.6961
-5 5.6 -14.66
0.2 -3.6 3.547
-5.8 -7.2 -20.076
12.2 -5.2 9.4969
6.2 9.6 -1.7493
-0.2 -7.6 15.433
9 0 -6.6725
10.6 2.8 -22.202
5 7.6 -1.4989
-0.2 -7.2 13.652
-1 0.8 -7.6225
5 -6.8 31.551
-3.4 -0.4 -13.034
-5 1.6 -22.496
5.8 10.8 8.442
9.8 -2.8 6.3403
0.2 6 6.7707
13 5.6 -43.657
-3.4 9.6 2.0018
6.2 -3.2 11.785
3.8 9.6 4.3672
5.8 9.6 1.0901
13 3.6 -33.1
0.6 -6 18.474
11.4 1.6 -19.031
1.4 1.2 -1.455
-3.4 6.8 -11.461
1.4 4 1.8521
0.6 5.2 -1.3743
9 10 -10.314
12.2 1.2 -25.566
-5.4 12 12.2
5.8 -3.6 15.571
-3 8.8 -4.2062
12.6 11.6 -37.979
-5.4 -0.4 -30.489
-3.4 8.4 -9.2939
10.2 -5.6 24.332
10.2 -4.8 20.538
-2.2 -7.6 2.2649
1.8 4.4 -1.1737
1.4 8.4 8.3446
4.2 -4.4 20.819
-1.8 -0.8 -8.7738
8.6 -7.2 34.634
7.4 8 -10.756
-4.6 5.2 -18.171
1 1.6 2.4519
-3 6 -12.974
2.2 -0.4 -0.17611
13 -7.2 20.974
-1.4 -2.4 -4.0096
12.6 9.2 -38.141
1.4 3.2 3.6143
-3 -1.6 -15.576
1.8 -6 14.507
8.2 0 -2.6944
7.4 11.6 -2.6527
5.8 -6 23.995
11 0.4 -10.06
-3 -0.8 -12.269
-1.8 6 -9.5851
2.2 6.4 0.076039
-3.8 8 -7.7379
-4.6 6.8 -16.492
-1 4.4 -7.309
11.4 -4.8 12.915
2.6 9.6 9.9197
11.4 4.4 -28.244
-3.8 9.6 -1.4379
12.6 -4 3.7408
2.6 6.8 3.6803
4.2 -6 27.501
-6.2 -6.4 -31.995
9.8 -0.8 -0.77528
-2.6 -0.8 -19.146
-3.8 7.2 -9.6816
5.4 2 -6.7642
-1.8 -6 -0.082054
5.8 -0.8 1.5418
7.8 4 -1.5632
-1.4 -0.4 -9.2796
-3.4 -7.6 3.4028
12.6 5.6 -38.928
12.2 9.2 -34.027
3.8 -4.4 15.299
6.6 3.6 -3.3557
5.8 -0.4 5.8704
-3.4 -6 -8.4724
0.2 -0.8 -1.2957
11.4 9.2 -26.457
8.6 1.2 -4.7293
4.6 12 14.019
2.2 -4.4 12.252
-3.8 0.8 -25.841
8.6 -0.4 -4.5401
2.2 -7.2 20.437
4.6 6 2.153
-1 9.6 9.6744
-5 -6 -20.579
10.6 10 -26.036
11.4 11.2 -32.7
5.4 -7.2 37.376
3.4 -3.6 17.33
-4.6 -5.6 -24.492
9.8 3.6 -15.539
13 10.8 -41.865
5 12 11.097
11.8 -4.8 4.444
11.4 10.8 -29.898
12.6 0 -22.958
5.4 -3.6 17.742
0.6 -7.2 18.818
3.8 -6 25.348
-6.6 1.6 -35.549
2.2 1.6 0.59135
-5.4 11.6 5.7062
7 -0.4 3.0526
6.6 10 0.15389
-6.2 4.8 -27.088
5.8 1.2 -2.0277
11.8 -7.6 25.578
10.2 10.4 -13.442
7.8 -5.6 23.612
12.2 -4.4 5.9907
6.6 -6 26.047
2.2 -0.8 -0.81198
12.6 6.8 -42.821
-5.8 -4.8 -31.607
11.4 8.4 -37.28
-1.8 2 -7.5064
-6.6 2.4 -36.398
3.4 8.8 8.4292
-5.8 -6 -32.434
11.8 9.6 -34.483
7.8 4.8 -8.1539
7 -1.2 2.2546
1.8 -4.4 14.867
-4.2 -3.2 -18.397
-5 4 -24.56
5.4 -0.8 7.1472
11 -4 7.3714
8.6 -6.8 39.812
5 -0.8 5.5312
8.2 -1.2 0.90065
9.4 0.4 -1.5265
1.4 4.4 -0.66167
-4.6 -7.6 -8.8267
3 2 1.7965
13 -1.6 -10.718
10.6 8.8 -25.406
-1.4 2.4 -8.6838
-5.4 2.4 -26.124
12.2 10.4 -36.765
6.6 5.2 -4.6669
-3.8 0 -13.445
10.6 -2.8 -1.8793
2.2 -3.6 15.108
12.2 -7.6 29.725
3 4.8 0.6508
-1 1.6 -5.4678
-4.6 10 -0.92275
7 7.2 -7.0061
3 -1.6 9.4542
12.2 10 -36.781
12.6 -5.6 15.477
5 0.8 8.4654
-3 7.6 -7.1337
7.4 10.8 -6.9111
2.2 10 8.4145
-0.2 10.4 17.061
8.2 -6 32.021
-1.8 7.6 2.4299
5.8 6 -5.0485
-3.4 12 11.83
-5.4 5.6 -20.154
-1.8 -3.2 -5.4487
-3 6.4 -3.8815
5.4 -5.6 21.027
-4.2 0.8 -23.61
12.6 3.6 -28.571
2.2 3.6 0.4449
-0.2 -6.8 18.706
-1 -2.8 -4.8713
1.8 -6.8 21.356
8.6 8 -16.197
6.6 9.6 -5.1218
-5 0.8 -29.324
9.4 9.6 -14.708
9 8.8 -13.814
9.8 -5.6 21.45
5.4 3.2 -3.3154
7.8 0.8 0.22898
7 -7.6 42.655
5.8 -5.6 28.24
-1 -0.4 -3.8214
13 -0.8 -16.516
-4.6 1.2 -20.868
8.2 1.2 -1.8157
1 -2.4 5.7569
-4.2 1.6 -17.738
-0.6 10.4 11.839
9 2.4 -9.2567
8.2 2.8 -12.322
1.4 11.2 13.965
3 -0.4 -3.1964
4.2 4.4 -4.9405
-2.2 7.2 -0.98088
-6.6 7.6 -20.453
-4.2 2.4 -26.041
1.4 6.8 -3.4322
1 6.8 5.4112
7 -6.8 31.018
-6.2 0.4 -44.785
1.8 -2.4 5.9135
3.8 -7.6 31.216
2.6 -6.8 31.022
-1 -0.8 -9.5702
5.4 4.4 -7.4989
0.2 -1.6 3.9295
1 -7.2 22.943
7 10.8 -3.9709
3 -2 7.6328
11.4 8.8 -32.115
3 7.2 0.37804
9 2.8 -10.972
-3 4 -10.725
5.4 -2 13.945
-5 -3.6 -22.685
1 -4.8 16.132
3.8 -3.2 12.912
-3.4 3.2 -13.615
-6.2 2.8 -34.638
3.8 -1.2 5.8224
-0.6 -0.4 -6.2483
-1 -6.8 5.1536
6.2 10.8 6.1184
10.2 -7.6 37.013
-5.8 -2.4 -34.488
2.2 4 2.2531
12.2 4.8 -31.478
4.2 4 2.9356
-2.6 -1.2 -10.136
3.4 -2.8 6.4502
1 0.8 0.0056612
3.4 7.6 -2.4529
7.4 -2.8 11.064
11.8 10 -33.57
5.8 0.4 8.8449
5.4 8.8 -2.428
2.2 7.2 -5.1831
0.2 6.4 -4.1652
2.6 4 0.65694
8.2 0.8 -7.0319
3.4 10 12.351
-5.4 9.6 -9.4384
11.8 -1.6 -10.369
-1.4 7.6 -2.3161
8.2 11.2 -13.069
-2.6 2 -11.49
3.4 0.8 6.2999
-5.4 -6 -25.464
-1.8 -2 -11.914
9.4 2.8 -14.668
1.4 -0.8 1.9963
8.6 3.6 -13.148
2.6 0.4 5.6914
11.4 -0.4 -10.839
1 -2 0.51813
0.6 0.4 -7.1449
2.2 -4.8 16.523
4.6 8.8 4.1699
8.2 10 -10.296
-1 1.2 1.2977
-5 10 -0.53948
-1 2.8 -10.266
7.4 -4.8 22.72
-2.2 6 -8.8007
-4.2 -4 -20.329
7.8 3.2 -2.6149
9.4 -1.2 0.11235
0.2 -7.2 19.975
-1.4 5.6 -6.5077
10.6 8 -26.913
-3 1.6 -11.87
7.8 -0.4 -2.2166
5 10.4 0.16218
-0.6 6.4 0.57185
6.6 12 0.49058
-1.8 10 6.292
11.8 -7.2 28.91
8.2 12 -6.4446
-2.2 11.2 11.535
-3 -1.2 -15.822
3 -5.6 23.139
-4.6 -0.4 -19.768
-4.2 10.4 3.4663
-3 -7.2 -3.5316
-4.2 0 -21.057
6.6 3.2 -3.2921
7.8 10.4 -8.2716
4.6 -4 15.481
-6.6 6.8 -24.335
-4.2 8 0.15974
-2.6 -3.6 -15.085
11.8 4 -30.381
9 -0.4 -3.5676
-6.2 8.8 -16.107
5 -4.8 21.118
11 2.8 -23.938
-2.2 2.8 -12.506
1 3.2 -4.5782
10.6 1.6 -12.307
6.2 9.2 -1.2463
8.6 4 -14.656
6.6 -1.6 6.6776
-5 1.2 -31.15
0.6 4 -5.6381
-2.2 -1.6 -10.966
7.4 -3.6 17.637
1.4 7.6 6.4046
-5.4 6 -23.46
12.6 -0.4 -18.55
3 2.4 5.4706
-2.2 10.4 9.434
-3.8 2 -17.89
8.2 6.4 -15.919
2.6 -2 10.898
-3.8 6.8 -8.3698
6.2 7.2 0.2813
0.2 -4.4 10.885
10.2 -0.8 -6.2076
-1.8 5.2 -9.4607
-5 4.4 -16.627
-1.8 -4.8 -6.6794
9.4 -6.8 25.445
-4.2 -4.8 -14.315
-1.4 -5.6 1.5456
2.2 0.8 -3.8262
12.6 8.4 -44.965
-5.8 -1.6 -36.406
7.4 12 -1.6652
11.4 10.4 -27.532
11 8.8 -26.796
12.2 2 -22.522
8.6 12 -6.2662
-1 -7.6 16.467
-6.2 9.6 -5.7599
12.6 -5.2 11.338
6.2 11.6 3.0312
-5 -4.8 -20.71
13 -6.8 13.912
7 8.8 -17.677
12.2 8 -34.07
-1.8 -7.6 14.677
3.4 6 5.5649
-6.2 3.6 -28.461
6.6 8.4 -4.5474
4.6 7.2 -0.10597
0.6 4.8 -0.53803
-1 -5.6 9.363
0.2 10.4 11.777
4.2 11.2 10.904
-5.4 10.4 2.1631
13 7.6 -43.951
-3.8 6.4 -14.62
6.6 4.4 -4.1692
1.8 8 4.8919
8.2 2 -7.603
10.2 -6 16.856
5.8 11.2 0.57736
4.2 -2 3.7428
-1.8 9.2 12.669
12.2 8.4 -36.771
-3.8 4.4 -21.956
6.6 6.4 -2.2465
9 -2 7.1683
7.4 4 -9.7151
-1.4 8.8 4.1675
-3.8 5.2 -9.8061
-0.6 8.8 3.4378
-3.8 -7.2 -13.334
-4.6 -6 -21.908
2.2 8.4 7.8598
-1.8 -2.8 -5.0161
4.2 10.4 8.8107
2.6 6.4 5.2399
-3.8 -1.6 -20.591
1.8 5.2 6.3032
-5 2 -21.121
0.6 7.6 4.4177
7.4 4.8 -5.8597
3.8 2.4 4.7401
-5.4 -5.2 -32.09
7.4 0.8 -3.061
11.4 -3.2 -0.9138
-4.6 -1.6 -29.429
11.4 7.6 -32.366
7.4 -0.8 9.3395
-4.6 2 -25.964
7 8 -3.315
9.4 5.2 -17.631
10.6 7.6 -24.162
-5 10.8 -3.25
13 -4.4 -2.2487
1.4 -4.8 15.925
-3 -6.8 -6.0427
11.8 -4.4 8.5786
-5.8 10 -4.6802
-4.6 9.2 -1.7386
9.4 -7.2 31.466
-5.4 6.8 -12.399
13 10 -48.857
6.6 7.6 -6.4116
8.2 -4 23.827
-1.4 -1.2 -13.91
9.8 0.4 -6.4821
9.4 -6.4 30.977
-1.8 -2.4 -7.5941
1.8 4.8 -2.6848
4.6 -0.4 5.3375
9.4 -0.8 -2.3182
5.8 -6.8 35.742
6.6 -5.6 25.282
5.8 6.8 1.2556
3 -7.2 32.264
11.8 -5.2 11.551
4.6 0.8 4.9526
-2.6 -7.6 6.8127
-3.4 2.8 -15.035
-5 10.4 -1.3907
-2.6 -4.4 -4.5065
4.2 5.6 -3.6208
7.8 -6.4 23.49
-4.2 -5.6 -18.106
-3.4 8 -4.5222
10.2 -6.4 30.572
5 -2 16.836
0.6 1.2 -1.0973
3.8 4.8 -2.3122
4.2 4.8 -3.3527
10.2 9.6 -23.643
12.2 8.8 -39.42
2.6 7.6 4.2322
0.6 -1.2 -3.6685
11 2 -17.898
6.2 -5.6 22.519
9.8 7.6 -18.133
3 3.6 2.438
5.8 11.6 8.2307
-3.8 0.4 -18.076
7 2 -3.6956
0.6 10.8 9.4338
-0.2 6.4 -3.034
12.6 -6 21.351
-1.8 8.8 -2.8331
5.4 6.8 -7.9359
-3 3.6 -17.018
-3 6.8 -13.476
11 0.8 -16.181
10.6 -7.6 31.764
12.2 4 -33.789
