10 -7.2 146.69
0.8 -8.4 14.204
8 -5.2 102.91
-2 3.2 17.204
4.8 3.6 22.326
-8.4 -5.2 28.824
5.2 -8.4 74.805
-0.4 3.6 3.4459
-1.2 5.6 20.601
5.2 -3.6 47.161
3.6 -0.8 2.5886
7.2 5.2 24.23
-7.2 6.8 81.309
-2 -2.4 6.3969
-2.8 0.4 12.402
3.2 -7.2 44.696
-0.4 0.4 6.7254
6.4 2.8 32.985
2.4 7.6 2.2732
-2 -5.2 5.9449
-8.8 -2.4 63.529
-4.8 2.4 31.448
-7.6 1.6 60.52
-4.4 -3.6 6.2695
7.6 4 49.531
-8 10 126.22
1.7764e-015 4.8 2.1116
-3.2 -6 2.6464
-1.2 -3.6 1.5658
8.8 4.4 66.052
6.8 -0.8 51.674
1.7764e-015 8.8 5.9172
4 -8.4 60.255
-5.6 -4.8 9.266
-7.2 4.4 66.333
-3.6 -3.2 0.76767
-0.4 -1.2 5.3339
-2 6 17.289
6.8 2.8 61.41
1.7764e-015 8 0.47071
-8.4 6 95.631
-7.2 1.2 45.49
-0.4 7.2 12.404
-3.6 -2.8 9.8014
-6.4 5.6 68.271
2 2 5.8228
6.4 6 12.089
9.6 -4.8 136.53
4 3.6 8.9228
-2.4 0.8 0.29693
6 4.8 27.447
-0.8 -5.2 -3.0853
-3.6 2 9.0744
1.2 -8.4 17.88
1.6 1.2 2.8716
2.4 -1.6 13.772
7.6 -8.8 113.96
4.4 0.4 23.556
5.6 7.6 12.054
-5.6 2.4 33.718
7.2 1.2 54.528
0.4 -1.6 -3.8691
8.8 10 39.095
3.2 -4.8 20.427
-2 -7.2 -13.586
-2.4 1.6 8.765
-1.6 -4 3.7792
1.7764e-015 2.4 3.9033
1.6 2.8 8.6529
7.2 2 41.857
0.4 -9.2 9.6737
-1.2 -1.6 -1.0698
9.6 0.4 98.735
5.2 -9.6 74.025
-8 -4 33.654
-4.8 8.8 59.062
-2 1.7764e-015 16.927
5.6 5.6 27.136
-4 9.6 43.446
5.6 1.2 35.349
-0.4 1.6 2.079
3.2 2.4 7.1978
-1.6 -3.6 2.1597
-3.6 -4.4 6.2908
1.6 -2.8 -5.3315
6.8 -8.4 93.512
7.2 6 32.485
0.8 -8.8 18.039
2.8 2.4 7.0341
2.4 -4.4 14.217
4 -2 21.5
-5.2 -8.8 2.2692
-1.2 4 17.806
-3.6 0.8 10.302
-9.2 -8 31.94
6.4 -9.6 99.247
-5.6 0.8 37.706
-1.6 -0.4 7.2076
10 5.2 67.139
0.8 -2 9.9063
-4.8 2 35.413
-3.2 10 49.408
-2 -4.8 2.7301
6 -4.8 56.204
-8.4 1.6 80.345
7.2 -4.4 80.536
7.2 -5.2 91.856
-8.8 1.7764e-015 73.78
-6 -5.2 12.099
-3.6 4 23.138
-2.8 1.7764e-015 1.8245
-3.6 -4.8 -0.60044
7.2 -2 61.886
-2 -3.2 -0.047138
3.6 -2.8 18.327
5.6 -0.4 36.011
4.8 -6.4 37.71
5.2 -0.4 15.839
4.4 1.2 11.767
-6.4 -0.8 32.035
-4.4 10 55.189
-5.2 -8.4 12.453
6.8 -5.6 82.929
-7.6 -6.4 24.693
-5.2 -2 14.33
2 1.7764e-015 -0.31674
3.2 6.8 0.81688
1.2 1.6 -7.6087
-5.2 0.4 21.357
1.7764e-015 9.6 17.535
6.8 3.2 35.093
9.6 -6.8 138.35
8.4 -1.2 87.472
4.4 -5.2 36.063
-0.8 -3.2 2.8051
-2.8 -1.2 -14.008
9.6 -1.6 111.42
-3.6 8.8 37.273
5.2 -8.8 73.844
4 -8 50.83
-4 4.8 36.96
8.4 8 27.483
-4 2 23.262
-4.8 2.8 20.968
-7.2 -8.4 3.4913
-6.8 8.4 86.721
2.8 5.2 -5.4132
-4.8 9.6 74.44
-7.6 2 55.903
8.4 4.4 52.005
0.4 10 12.567
2 1.2 8.1026
-3.2 -5.6 -2.2299
1.6 2 -5.2047
7.2 10 21.841
-4.4 2 20.593
-1.2 -6 -10.371
2 4.4 1.7868
-4.4 9.6 49.825
-9.2 1.2 78.222
-9.6 1.2 94.367
-9.2 -2 61.053
4.8 6.4 9.9789
4.8 -0.4 18.979
10 6.8 56.533
-7.6 7.6 98.672
4.4 -7.2 56.263
-8.8 6 124.01
1.7764e-015 -8.4 7.1283
-2 7.6 28.899
1.7764e-015 10 1.8914
4 1.2 19.424
5.2 5.2 20.287
-6.4 -3.2 21.846
-8.4 2.4 78.381
6.8 -8.8 95.365
3.2 -2.4 25.821
-9.2 -9.6 34.894
6 -5.2 78.151
2 4 -5.8678
-5.6 -6.8 6.0498
7.6 -4 71.862
8.8 -5.6 126.34
9.6 2 88.148
-8.8 -1.2 59.498
-2.4 2.4 14.084
-3.6 -2 -2.771
1.6 -9.6 25.564
-4 -4 -5.3744
-8.8 9.6 144.04
-2.8 -4.8 10.027
2.8 6.8 16.001
2.8 6.4 -4.1815
-7.6 -3.2 40.452
-6.4 8 71.269
-7.2 10 93.585
-1.6 8.4 15.379
-2 2.8 5.5263
-8.8 2.8 95.475
-4 3.2 22.57
-6.4 -7.6 19.116
8.4 -3.6 94.665
-6.4 3.6 55.645
8.4 6 42.554
-6.8 -6.4 21.163
-6.4 -5.6 4.1527
4 -4.8 43.834
-4.8 -3.6 19.42
7.2 -4 70.655
5.2 6.4 10.447
0.4 -3.6 2.2788
-9.6 -6 51.22
-1.6 -2 -5.1527
8.4 4.8 58.855
-4.4 1.2 18.722
-0.8 2.4 3.2495
8.8 -4 109.3
5.6 3.6 22.733
4 6.4 13.127
8.4 1.6 64.902
-8 -1.6 50.929
-6.8 1.2 45.718
-6.4 -1.6 38.228
-3.6 -6.4 2.5527
3.6 -0.4 17.304
-6.8 -7.6 10.121
0.4 -5.2 9.0084
8 6 33.964
-4.4 1.7764e-015 15.448
6 2.8 26.119
-7.2 -2.4 38.955
3.6 2 4.6338
-5.6 -1.6 18.014
3.2 0.4 1.3229
0.8 5.6 -12.364
-1.2 4.4 -1.8725
-5.6 -1.2 22.811
-9.6 4 107.89
3.6 1.7764e-015 10.203
-3.2 7.2 23.451
5.6 4.4 18.286
6.8 6.8 21.699
-2.8 -0.4 12.108
-7.2 -8.8 13.038
9.6 5.2 70.134
3.6 6 7.7109
-5.2 -1.2 24.712
-0.4 -7.6 -0.97509
-8 3.2 65.994
-5.6 -0.8 15.362
-1.6 0.8 0.8533
9.6 6 66.111
-6.8 6.8 85.408
10 -6.8 156.17
-2.4 -5.2 10.69
4 -6.4 37.912
-2.8 3.6 12.701
-9.2 -1.2 72.04
5.6 -2.8 55.072
-6 9.2 80.791
-9.2 -3.2 58.943
-1.6 0.4 -5.716
6.8 -4.4 84.403
-7.2 -9.2 12.337
0.4 0.8 -3.463
0.4 -6.4 4.9834
-4.4 -7.2 16.89
2 6 -0.51895
6.4 2 33.274
-0.4 -5.2 -0.17057
-8 9.2 112.53
-1.2 2 2.9375
4.4 8 3.5885
-4.4 -4.8 8.8059
3.6 -9.6 50.59
0.4 0.4 16.442
3.2 1.7764e-015 9.2195
-5.2 10 58.32
4.4 4.8 13.345
-4 8.4 35.147
-6 6 56.282
-3.2 3.2 15.772
-3.6 1.2 11.66
7.6 6.4 34.284
6 3.6 18.719
1.2 -1.6 0.23764
-6.4 -8.4 10.864
2.4 7.2 10.602
5.2 -2.4 49.218
7.6 -3.6 93.048
9.6 -8.8 162.26
-9.6 10 159.21
5.6 -6.8 66.155
8.4 2.8 65.151
9.2 -4.4 115.81
-2.4 -4 -6.0596
2 -2 14.055
8.8 -5.2 114.61
9.2 0.4 91.183
-0.8 3.6 9.2337
1.2 8.8 5.9085
6.8 8 30.672
4.4 6.4 9.7977
-1.6 -2.4 -0.063067
-2.4 -9.6 0.22023
0.4 -6.8 16.233
5.6 -6 60.877
-7.2 3.2 62.558
-3.2 -4.4 3.8132
6 8.4 13.616
7.2 1.7764e-015 65.45
1.7764e-015 7.2 3.8055
1.2 3.2 5.4562
-0.4 8 4.1494
3.2 -5.6 26.677
2.4 4 9.9856
-6.8 -2.8 27.328
4.8 6 22.369
4.8 -4.4 49.687
7.6 -2 67.21
1.6 -4.8 16.166
3.6 -2 18.26
-9.6 -3.2 57.8
9.6 -2.8 108.45
5.2 -4.8 60.227
-1.2 7.2 9.618
3.2 -4.4 36.638
5.6 -1.6 49.258
7.6 0.4 53.315
6.8 4 25.846
-5.6 5.2 49.566
-4.4 9.2 55.494
-9.2 -0.4 68.986
-3.6 9.6 43.468
2.4 -7.2 27.099
-6 -8.4 5.4186
-4.8 -0.8 17.276
0.8 1.2 9.5687
7.2 -0.4 42.744
8 -6.4 100.5
4.8 -1.6 26.116
-4.4 -8 2.2351
-9.2 4.4 99.771
-0.8 8.4 18.069
6.8 0.8 38.611
-2.8 5.2 16.257
-2.4 -2.4 0.50727
-6 -6.4 15.412
-9.2 -8.8 32.616
-2.8 -8.8 11.075
-1.2 1.6 3.8454
1.6 5.6 -2.8437
-4 -2 0.0081054
-3.2 -7.2 -1.5726
-1.2 6.4 -3.1791
-6.8 2 39.143
3.6 8.4 1.4633
8.8 -4.8 108.51
-8.8 -8.8 31.658
-9.2 4 102.97
-6 9.6 76.997
7.2 7.2 24.407
3.2 -9.2 45.3
-0.8 -7.2 8.664
-8 -5.2 37.663
-8.4 -4.4 45.538
-2 -7.6 -0.24715
-2.4 4.4 5.1864
10 -5.2 145.36
2 -2.4 1.8006
8 -3.6 82.256
-9.2 -5.2 47.354
2 6.4 5.296
-7.6 3.6 76.406
-8.4 -2 54.844
1.2 -0.8 12.682
9.2 2.4 67.991
-3.6 1.7764e-015 8.3351
-8.4 0.8 71.502
8.8 3.2 63.675
-2.8 -2.4 -3.4652
8.8 -6 119.6
-9.6 -4.8 51.608
2.8 -4.4 12.679
-6.8 -0.8 30.614
6 4 29.69
1.7764e-015 -2 3.3227
0.4 6 3.0569
-2.8 0.8 -1.6159
-0.8 6.8 14.927
-5.6 -5.2 4.9709
-2.4 3.6 7.6275
-8.8 0.4 70.373
-6.8 9.6 89.722
10 -1.6 118.83
-9.6 9.6 158.63
8.8 8.4 32.859
-3.2 -6.4 1.0516
-5.2 -8 6.1151
3.2 -3.6 20.749
-0.8 -9.6 18.632
10 -0.4 105.47
-6.8 8.8 92.877
0.4 -8.8 17.688
-8.4 1.7764e-015 57.01
-5.6 -4 15.016
-4.8 6 48.613
-3.6 3.6 29.298
-8.4 -4 35.787
2 3.6 4.8315
8.4 -5.6 107.85
8.4 -2 77.601
-5.2 -5.6 3.262
3.6 -6.8 51.936
-3.6 1.6 8.2045
0.4 3.6 -1.0826
2.4 -0.8 15.376
-6 -6.8 13.291
0.4 1.7764e-015 -11.77
-8.4 6.4 96.828
-9.2 7.2 131.13
8.4 -4 92.805
-4.4 8 48.302
-7.2 2 39.075
6 -0.4 46.434
6 1.6 36.151
1.6 -9.2 12.891
-2 4 5.8138
2.4 0.4 5.5741
-1.6 -1.6 -3.9347
1.2 -6.8 21.207
-9.2 1.7764e-015 82.563
-3.6 -6.8 8.9978
-4 10 62.657
-2.4 8 24.822
3.6 -8.4 41.472
-6 7.2 70.905
-4 -8.4 0.1036
-4.4 2.8 27.491
5.2 8.8 7.2968
2.8 8.4 0.089302
-8.8 -2.8 56.911
3.6 -1.6 13.98
7.6 9.6 24.121
-9.6 -2.4 66.772
-5.2 4.4 41.758
10 6 76.107
-2 -6 2.7784
-7.6 10 123.78
8.8 8.8 46.141
2 3.2 -2.7417
-8.4 -3.6 48.274
-2.4 -1.2 -10.705
-7.6 8.4 102.4
-1.6 -8.8 -1.1305
-4 1.6 33.207
9.6 3.2 80.207
8.8 -0.4 87.571
3.2 -6.8 37.853
6 8.8 21.04
3.6 -4 32.555
9.6 -1.2 109.78
1.2 6 -8.3665
-9.6 -2 72.107
2 -1.6 16.067
-7.2 -0.8 46.305
4 1.6 10.41
-2.8 -1.6 1.0209
6 -3.2 55.548
-7.6 6 83.212
7.2 -9.2 117.44
9.6 -8.4 165.74
-3.6 5.2 24.966
-8.4 -8.8 24.411
-5.6 2 29.611
7.2 -6 89.874
-7.2 -9.6 23.394
3.6 -5.6 17.319
-8.8 2.4 78.857
6.4 10 15.353
-4.4 -6 1.5041
-2.4 -7.2 -2.3224
-4 5.6 29.558
8 -0.8 69.896
-9.6 -3.6 62.843
8 2 48.602
1.2 7.6 -4.5586
-6.4 -9.2 9.2385
7.2 0.8 49.847
-7.2 2.8 64.971
8 5.6 44.896
-2.4 4.8 21.002
-7.2 -7.2 28.456
-8.8 2 79.525
-6 0.8 15.203
-2 0.4 -2.2085
-8.4 -6 40.723
-4.8 4.4 37.75
-6 3.6 56.261
-6 -5.6 6.8545
8 -7.2 110.28
-5.6 -2.4 5.5492
-2 8.8 30.579
9.2 1.6 73.976
-9.6 2.8 103.38
-7.2 3.6 64.564
9.2 -9.2 163.12
-3.2 4 19.606
10 -2.4 113.78
9.2 -1.2 91.112
-8.4 -4.8 33.725
6.4 6.8 28.333
-8 -6.4 30.611
8 9.2 35.496
-0.8 -7.6 8.0316
0.8 3.6 4.9553
1.2 10 8.3792
1.6 1.6 0.054234
-8 -8.4 31.331
8 7.2 35.561
6.8 -5.2 84.519
6 -8.8 88.234
-5.2 1.7764e-015 23.764
6.8 6 29.882
7.2 2.8 45.006
-9.6 6.4 134.82
3.6 9.6 11.451
-2 -5.6 -0.81987
-9.2 6.4 133.31
1.6 4.8 4.8392
7.6 4.8 36.288
9.2 4.8 51.428
-9.2 -6.4 32.425
8 -8.4 135.5
-1.2 -9.2 12.501
1.7764e-015 2 1.9756
6.4 4.8 30.883
9.6 8.4 47.47
-1.6 -8 7.7294
0.8 6.8 -2.4327
-3.2 7.6 42.641
6.8 -9.2 89.613
-2.8 2.8 8.8348
-5.2 -6.8 19.574
8.4 -2.8 94.372
-1.6 -4.4 4.7103
-2 3.6 10.143
2 -4.4 26.873
-5.2 -7.6 4.0596
-2.4 -4.8 -2.0748
-4 4.4 30.701
-6 6.4 42.951
-9.6 -9.6 43.623
-4 -6.4 0.73821
1.6 -1.6 8.2665
1.6 4.4 2.7583
7.6 -6.8 94.874
3.6 -6 44.734
5.2 2.8 18.076
2.4 5.2 2.3391
-4 5.2 15.648
6 6 19.265
-6 -1.2 36.412
-2.4 -6.4 2.5497
-2 0.8 9.1263
0.4 2.8 2.6703
-7.6 -4.4 28.94
-4.8 0.8 14.573
8 -2.8 79.27
-9.6 3.2 96.443
6.4 8.8 6.5745
-9.6 6 125.83
1.2 -9.6 23.793
-8.8 1.6 78.733
3.6 -8.8 39.684
10 4.8 89.808
2 -5.6 13.6
-7.2 8.8 92.566
10 9.6 52.72
7.2 3.6 45.948
6.4 -7.2 87.767
3.2 -0.8 2.9443
1.2 -3.6 -7.3267
7.2 -7.2 93.023
3.2 6.4 -5.0542
4.4 -2.4 23.723
-4.8 8.4 56.929
1.7764e-015 6.4 4.5377
-8.8 7.2 114.61
2.8 10 5.4452
-6 7.6 65.725
-8.4 6.8 103.36
-4 -1.6 7.0313
-0.4 -8.4 8.6429
-4.4 -6.8 -2.3824
4.8 -3.6 39.632
3.6 0.4 8.2154
-3.2 8 29.111
3.2 0.8 10.639
9.6 -3.6 123.33
-9.6 -8 40.289
1.7764e-015 -8 6.3519
2 0.8 3.2785
-8.8 -1.6 45.142
3.2 -9.6 46.084
10 2.8 85.172
-0.8 0.4 -3.5898
-2.4 9.2 32.358
7.6 10 25.498
-9.6 -6.8 49.189
0.4 -2 9.0088
7.6 5.2 44.776
6.8 -9.6 112.37
-4.4 -2.8 12.116
9.6 -9.2 163.26
5.2 -6.8 60.998
-5.6 -3.6 9.2424
-1.6 -3.2 -12.359
1.2 -9.2 25.754
-5.2 2.8 30.331
8.8 6.8 42.601
-3.2 4.8 3.8622
-5.2 -4 3.8785
10 -2 117.18
-2 5.2 14.246
0.4 9.2 12.992
-9.2 8.4 143.05
-1.6 -6.4 6.8123
-8 4 90.43
-6.8 2.8 56.084
-5.6 9.2 78.08
-8.8 -4.8 40.718
-2.8 -8.4 9.5378
-8.4 -9.6 28.572
4.4 5.2 10.54
7.6 -2.4 78.9
7.2 -6.4 72.151
-0.4 5.2 7.1229
7.6 2 40.652
1.6 -8.4 14.953
-5.2 8 58.31
4.4 4 6.5369
1.7764e-015 -0.8 3.9541
-4.4 -0.4 14.49
-5.2 1.2 11.81
1.7764e-015 -6 7.4858
-6.4 -4.4 27.605
6.8 -3.2 69.718
2.4 10 -1.7782
5.2 0.4 38.355
6.8 5.2 32.76
-1.2 -1.2 -8.2307
9.2 -8.8 144.28
2.4 -6.4 28.575
2.8 4.4 2.1059
8.8 2.8 69.763
1.7764e-015 -1.2 14.272
3.2 -8.8 49.348
-4.4 -8.4 11.917
0.8 -6 0.98699
-8 -3.2 47.573
-7.2 -4 28.654
-0.8 10 19.982
-6 -1.6 17.713
-8.4 1.2 64.531
8.8 5.6 52.932
8 -6.8 116.18
0.8 1.6 -6.2231
-9.2 5.2 117.38
-0.8 -0.8 -3.1697
-6 -7.2 5.8268
0.8 -9.2 16.661
10 -8.4 176.75
8 -2.4 82.125
-4 -5.2 5.5873
3.2 -4 27.313
-7.6 -5.6 30.167
-0.8 8.8 17.335
4.4 -9.2 67.337
6.4 -6.4 86.88
9.2 -6.8 141.23
-7.2 -8 17.163
-3.6 9.2 48.093
-6.8 6.4 76.013
5.2 1.2 29.223
6 7.6 19.681
-5.2 6.4 51.133
-1.2 -0.8 0.597
-9.6 0.8 87.702
7.6 2.4 53.763
-0.4 -0.4 -10.608
8.8 -8 138.75
-0.8 9.6 15.826
5.2 8.4 6.9642
-2.8 -5.2 -13.608
8.4 -9.6 131.1
8.4 3.6 58.694
4 2.8 5.8606
0.4 2 -3.663
-4.4 8.4 51.068
-3.2 6.8 33.02
0.8 8 5.842
2 -4.8 16.831
-5.6 -8.4 -1.2214
-2 6.4 10.969
-5.6 8.4 64.325
8.4 10 27.893
10 -4.8 142.91
4.8 -5.2 57.076
-0.8 -1.6 -4.9791
5.2 -4.4 48.167
-6 0.4 36.164
2.8 -6.8 34.11
3.6 0.8 9.5059
1.7764e-015 0.8 7.5967
-6.8 0.8 49.433
9.2 4 68.734
0.4 -9.6 29.472
-9.6 -4 58.165
7.6 1.7764e-015 62.627
-9.6 -1.6 65.995
-5.2 5.6 52.889
1.2 -2.4 4.4141
4.4 -0.4 20.006
-6 -2.4 23.08
1.6 3.2 7.2579
-0.4 -3.6 -4.0109
2 -3.6 13.748
1.6 -0.8 -2.4438
-6 3.2 37.253
-2.4 1.2 12.522
10 1.2 84.4
-6 -4.8 17.625
1.6 7.2 14.362
7.6 -4.4 89.992
-0.4 6.4 11.317
-2.8 2.4 10.244
5.6 2.4 22.451
1.2 -8.8 17.682
6.8 -4 60.87
4.8 9.6 -3.7545
4.8 -7.2 49.538
-1.2 -9.6 0.30958
10 6.4 69.157
6.4 4 23.845
-4 -5.6 1.7593
-4.4 7.6 52.811
0.4 -7.6 2.9341
-8 4.4 84.025
3.6 -1.2 19.213
-2.4 -8.8 7.5797
6.8 8.4 5.5281
5.6 -3.6 44.828
-9.2 -7.2 33.569
2 2.4 11.233
8 5.2 41.084
-2 7.2 17.081
6 2 32.953
8.4 -8.4 132.94
-5.6 1.2 28.331
-6.8 -8.4 11.416
-8.4 -1.6 60.344
-6.4 0.4 37.36
-8.8 -0.4 71.79
-1.6 -1.2 -7.6675
-4 1.7764e-015 5.2938
-4 8 56.86
7.6 -2.8 75.466
6 -6.4 61.831
0.8 6 2.9428
-8.4 -2.8 50.412
1.2 -7.6 6.3172
-8.8 -5.6 36.145
-3.2 -7.6 0.61212
6.4 -5.6 78.152
-0.8 1.2 8.0366
-8.8 4.8 106.9
3.2 -2.8 15.904
4.4 7.2 7.1888
-5.6 7.6 52.596
1.6 7.6 5.4283
-9.6 7.6 145.8
-1.2 1.7764e-015 -4.7251
8.8 0.8 78.478
-2.4 6.8 14.149
0.8 4.8 -1.8811
-1.6 3.6 2.6414
1.7764e-015 -7.2 0.49786
0.4 -3.2 -0.84044
-2.4 7.2 28.165
-8.8 -7.2 44.377
-7.2 7.2 88.66
9.2 10 39.852
4 9.2 8.8241
-9.2 9.6 150.69
1.6 -3.6 12.403
-5.6 4.8 52.897
4 2 11.936
-1.6 -4.8 0.0067484
-9.6 1.7764e-015 84.522
8.4 -6.4 121.11
4.8 -9.2 68.78
-7.2 -1.6 42.129
4.4 -8 57.199
1.6 3.6 0.99093
4 2.4 12.396
-8.4 -0.4 64.989
-3.2 3.6 18.768
-7.6 6.8 89.838
-1.6 7.2 23.287
1.2 1.7764e-015 7.3466
5.6 3.2 18.772
4 0.4 19.167
-0.8 -3.6 -7.95
-4.8 -7.2 11.817
-0.4 -3.2 -1.1349
-8 -2 52.701
2.4 -6.8 22.002
5.6 9.6 16.163
10 7.6 65.314
5.6 -7.2 60.828
-6.8 -2.4 28.344
3.2 4.8 5.3799
1.6 -4.4 9.4389
0.4 8.4 4.3396
2.8 -0.4 -1.6394
-7.6 -0.4 50.305
10 -7.6 167.09
0.8 2.4 -5.3416
6.8 4.4 42.092
3.6 3.6 14.734
-6.8 7.2 87.787
2.4 -4.8 16.209
5.6 -5.2 59.797
-8 0.4 58.67
7.2 9.2 20.863
-8.4 2.8 77.341
4.4 3.6 14.163
-2.8 8.8 27.893
-6.4 -6 21.559
-5.6 -7.6 10.651
4.8 -0.8 35.855
-8.4 9.2 123.26
-6 -7.6 16.814
4 5.6 9.1855
-6.4 9.6 84.912
7.2 -8.8 109.76
4.8 10 11.809
9.2 -0.4 103.33
6 -6 75.791
-0.8 4 14.99
1.6 -7.2 8.84
-8 7.6 100.66
-8.4 3.2 83.986
1.7764e-015 -4.8 8.7332
-2 2 16.172
-7.6 -2.8 43.86
2 -0.8 3.6069
-6.4 -6.8 7.5404
-5.2 1.6 25.093
-8 -6 37.892
4 9.6 10.284
7.6 3.6 44.315
-0.4 2.8 0.27233
2.8 -5.2 31.025
-6 1.2 28.94
-7.2 1.7764e-015 51.853
-0.8 -4 6.2634
9.6 -4.4 130.74
8 -2 83.024
-0.8 1.7764e-015 -4.5723
5.2 6.8 10.737
7.6 8.8 43.557
6.4 -6.8 82.158
-2.8 1.2 15.865
-4.4 3.2 27.82
-6.8 -7.2 8.429
4 0.8 17.042
5.6 -1.2 58.896
-3.6 7.6 33.369
5.6 0.8 26.219
0.4 -2.8 4.9191
-6.8 8 95.326
-4.4 -2 12.385
4.4 -6 55.088
-4.8 -1.2 22.846
-9.6 2.4 108.38
2.4 -3.6 28.544
8 8 31.747
3.2 4.4 1.8986
-8.8 10 139.41
2.4 8.8 5.1889
-9.6 -7.6 38.326
-5.2 -6 7.5638
-1.2 -6.8 -0.51397
8.4 -3.2 88.302
-2.4 -0.4 -3.2073
-8 -2.4 39.029
10 -9.6 189.37
7.6 7.6 28.72
-6.4 9.2 84.171
-4.8 10 59.32
3.2 10 9.7235
2.4 2 11.601
-4.8 1.2 24.936
8.4 1.2 72.161
0.8 -2.8 10.504
-8.8 1.2 76.409
8.8 -4.4 97.101
8 8.8 16.669
0.4 7.6 5.1576
4.8 -6 56.119
3.2 1.2 7.9645
-0.4 -6 -11.915
7.2 6.8 34.944
2.8 -4 17.396
7.2 -3.2 62.591
-8.8 8.4 126.83
5.6 -7.6 69.72
-6.8 -4 11.489
6.8 7.2 24.905
7.6 -0.8 65.019
-1.6 2.8 -2.8454
2.4 -9.6 34.131
-9.6 6.8 123.25
6.8 -6.4 72.866
-4 3.6 20.017
-8 -3.6 39.725
6 5.2 22.932
4.8 -8.8 62.767
7.6 -7.6 109.69
6.8 1.2 45.685
4.4 -4.4 41.966
4.4 -8.8 57.638
8.8 7.2 45.375
-8.8 0.8 75.566
-2 9.2 30.814
1.2 -3.2 15.237
7.6 7.2 31.938
2.8 -4.8 18.623
9.2 5.6 43.416
8.8 4 62.551
0.4 1.2 -0.35246
-8.4 -5.6 41.425
-9.2 3.6 101.02
-9.6 2 94.427
-0.4 -5.6 8.1338
-2.4 1.7764e-015 -2.7661
7.2 1.6 52.335
4 -4 27.085
-8.8 -8.4 29.197
8 -8.8 130.87
7.6 -1.6 58.195
-9.2 -4.8 45.222
6.8 -1.2 51.006
7.2 6.4 34.909
3.2 -2 10.804
-3.6 -9.6 1.0564
6.4 -4.4 52.549
-1.6 -5.6 2.5303
-6.8 -4.4 26.465
-3.6 -9.2 -1.4364
1.7764e-015 1.2 0.82062
2 -8 29.073
-5.2 -3.2 20.468
4.4 -0.8 33.151
-5.2 -0.8 27.722
-0.4 -2.4 -10.978
-9.2 6 121.49
-5.6 10 65.645
-8 5.6 82.121
-8 5.2 94.761
0.8 4.4 -8.3019
6 -0.8 37.678
-1.2 5.2 4.7568
-2 -8 4.5353
2 -7.6 20.664
-6.4 1.6 51.565
-1.6 -7.2 -5.9557
-8.4 -0.8 65.734
10 7.2 61.951
1.2 0.8 1.9624
-1.2 3.6 -9.0582
-5.2 -2.8 12.052
9.2 0.8 86.262
-4.8 -0.4 7.1811
-7.6 -8.4 15.815
-5.6 6 53.328
-1.6 -9.6 12.003
-6.4 4 59.004
-8.8 9.2 128.55
-2 -2.8 2.4873
-4 0.4 8.3703
-2.4 8.4 31.496
-2.4 -5.6 -2.9404
5.2 1.6 21.812
-2.4 -4.4 -6.7391
-1.2 8.8 19.052
7.6 -6 101.21
2.4 8.4 13.152
