10 -7.2 146.69
0.8 -8.4 14.204
8 -5.2 102.91
-2 3.2 17.204
4.8 3.6 22.326
-8.4 -5.2 28.824
5.2 -8.4 74.805
-0.4 3.6 3.4459
-1.2 5.6 20.601
5.2 -3.6 47.161
3.6 -0.8 2.5886
7.2 5.2 24.23
-7.2 6.8 81.309
-2 -2.4 6.3969
-2.8 0.4 12.402
3.2 -7.2 44.696
-0.4 0.4 6.7254
6.4 2.8 32.985
2.4 7.6 2.2732
-2 -5.2 5.9449
-8.8 -2.4 63.529
-4.8 2.4 31.448
-7.6 1.6 60.52
-4.4 -3.6 6.2695
7.6 4 49.531
-8 10 126.22
1.7764e-015 4.8 2.1116
-3.2 -6 2.6464
-1.2 -3.6 1.5658
8.8 4.4 66.052
6.8 -0.8 51.674
1.7764e-015 8.8 5.9172
4 -8.4 60.255
-5.6 -4.8 9.266
-7.2 4.4 66.333
-3.6 -3.2 0.76767
-0.4 -1.2 5.3339
-2 6 17.289
6.8 2.8 61.41
1.7764e-015 8 0.47071
-8.4 6 95.631
-7.2 1.2 45.49
-0.4 7.2 12.404
-3.6 -2.8 9.8014
-6.4 5.6 68.271
2 2 5.8228
6.4 6 12.089
9.6 -4.8 136.53
4 3.6 8.9228
-2.4 0.8 0.29693
6 4.8 27.447
-0.8 -5.2 -3.0853
-3.6 2 9.0744
1.2 -8.4 17.88
1.6 1.2 2.8716
2.4 -1.6 13.772
7.6 -8.8 113.96
4.4 0.4 23.556
5.6 7.6 12.054
-5.6 2.4 33.718
7.2 1.2 54.528
0.4 -1.6 -3.8691
8.8 10 39.095
3.2 -4.8 20.427
-2 -7.2 -13.586
-2.4 1.6 8.765
-1.6 -4 3.7792
1.7764e-015 2.4 3.9033
1.6 2.8 8.6529
7.2 2 41.857
0.4 -9.2 9.6737
-1.2 -1.6 -1.0698
9.6 0.4 98.735
5.2 -9.6 74.025
-8 -4 33.654
-4.8 8.8 59.062
-2 1.7764e-015 16.927
5.6 5.6 27.136
-4 9.6 43.446
5.6 1.2 35.349
-0.4 1.6 2.079
3.2 2.4 7.1978
-1.6 -3.6 2.1597
-3.6 -4.4 6.2908
1.6 -2.8 -5.3315
6.8 -8.4 93.512
7.2 6 32.485
0.8 -8.8 18.039
2.8 2.4 7.0341
2.4 -4.4 14.217
4 -2 21.5
-5.2 -8.8 2.2692
-1.2 4 17.806
-3.6 0.8 10.302
-9.2 -8 31.94
6.4 -9.6 99.247
-5.6 0.8 37.706
-1.6 -0.4 7.2076
10 5.2 67.139
0.8 -2 9.9063
