10 -7.2 146.69
0.8 -8.4 14.204
8 -5.2 102.91
-2 3.2 17.204
4.8 3.6 22.326
-8.4 -5.2 28.824
5.2 -8.4 74.805
-0.4 3.6 3.4459
-1.2 5.6 20.601
5.2 -3.6 47.161
3.6 -0.8 2.5886
7.2 5.2 24.23
-7.2 6.8 81.309
-2 -2.4 6.3969
-2.8 0.4 12.402
3.2 -7.2 44.696
-0.4 0.4 6.7254
6.4 2.8 32.985
2.4 7.6 2.2732
-2 -5.2 5.9449
-8.8 -2.4 63.529
-4.8 2.4 31.448
-7.6 1.6 60.52
-4.4 -3.6 6.2695
7.6 4 49.531
-8 10 126.22
1.7764e-015 4.8 2.1116
-3.2 -6 2.6464
-1.2 -3.6 1.5658
8.8 4.4 66.052
6.8 -0.8 51.674
1.7764e-015 8.8 5.9172
4 -8.4 60.255
-5.6 -4.8 9.266
-7.2 4.4 66.333
-3.6 -3.2 0.76767
-0.4 -1.2 5.3339
-2 6 17.289
6.8 2.8 61.41
1.7764e-015 8 0.47071
-8.4 6 95.631
-7.2 1.2 45.49
-0.4 7.2 12.404
-3.6 -2.8 9.8014
-6.4 5.6 68.271
2 2 5.8228
6.4 6 12.089
9.6 -4.8 136.53
4 3.6 8.9228
-2.4 0.8 0.29693
6 4.8 27.447
-0.8 -5.2 -3.0853
-3.6 2 9.0744
1.2 -8.4 17.88
1.6 1.2 2.8716
2.4 -1.6 13.772
7.6 -8.8 113.96
4.4 0.4 23.556
5.6 7.6 12.054
-5.6 2.4 33.718
7.2 1.2 54.528
0.4 -1.6 -3.8691
8.8 10 39.095
3.2 -4.8 20.427
-2 -7.2 -13.586
-2.4 1.6 8.765
-1.6 -4 3.7792
1.7764e-015 2.4 3.9033
1.6 2.8 8.6529
7.2 2 41.857
0.4 -9.2 9.6737
-1.2 -1.6 -1.0698
9.6 0.4 98.735
5.2 -9.6 74.025
-8 -4 33.654
-4.8 8.8 59.062
-2 1.7764e-015 16.927
5.6 5.6 27.136
-4 9.6 43.446
5.6 1.2 35.349
-0.4 1.6 2.079
3.2 2.4 7.1978
-1.6 -3.6 2.1597
-3.6 -4.4 6.2908
1.6 -2.8 -5.3315
6.8 -8.4 93.512
7.2 6 32.485
0.8 -8.8 18.039
2.8 2.4 7.0341
2.4 -4.4 14.217
4 -2 21.5
-5.2 -8.8 2.2692
-1.2 4 17.806
-3.6 0.8 10.302
-9.2 -8 31.94
6.4 -9.6 99.247
-5.6 0.8 37.706
-1.6 -0.4 7.2076
10 5.2 67.139
0.8 -2 9.9063
-4.8 2 35.413
-3.2 10 49.408
-2 -4.8 2.7301
6 -4.8 56.204
-8.4 1.6 80.345
7.2 -4.4 80.536
7.2 -5.2 91.856
-8.8 1.7764e-015 73.78
-6 -5.2 12.099
-3.6 4 23.138
-2.8 1.7764e-015 1.8245
-3.6 -4.8 -0.60044
7.2 -2 61.886
-2 -3.2 -0.047138
3.6 -2.8 18.327
5.6 -0.4 36.011
4.8 -6.4 37.71
5.2 -0.4 15.839
4.4 1.2 11.767
-6.4 -0.8 32.035
-4.4 10 55.189
-5.2 -8.4 12.453
6.8 -5.6 82.929
-7.6 -6.4 24.693
-5.2 -2 14.33
2 1.7764e-015 -0.31674
3.2 6.8 0.81688
1.2 1.6 -7.6087
-5.2 0.4 21.357
1.7764e-015 9.6 17.535
6.8 3.2 35.093
9.6 -6.8 138.35
8.4 -1.2 87.472
4.4 -5.2 36.063
-0.8 -3.2 2.8051
-2.8 -1.2 -14.008
9.6 -1.6 111.42
-3.6 8.8 37.273
5.2 -8.8 73.844
4 -8 50.83
-4 4.8 36.96
8.4 8 27.483
-4 2 23.262
-4.8 2.8 20.968
-7.2 -8.4 3.4913
-6.8 8.4 86.721
2.8 5.2 -5.4132
-4.8 9.6 74.44
-7.6 2 55.903
8.4 4.4 52.005
0.4 10 12.567
2 1.2 8.1026
-3.2 -5.6 -2.2299
1.6 2 -5.2047
7.2 10 21.841
-4.4 2 20.593
-1.2 -6 -10.371
2 4.4 1.7868
-4.4 9.6 49.825
-9.2 1.2 78.222
-9.6 1.2 94.367
-9.2 -2 61.053
4.8 6.4 9.9789
4.8 -0.4 18.979
10 6.8 56.533
-7.6 7.6 98.672
4.4 -7.2 56.263
-8.8 6 124.01
1.7764e-015 -8.4 7.1283
-2 7.6 28.899
1.7764e-015 10 1.8914
4 1.2 19.424
5.2 5.2 20.287
-6.4 -3.2 21.846
-8.4 2.4 78.381
6.8 -8.8 95.365
3.2 -2.4 25.821
-9.2 -9.6 34.894
6 -5.2 78.151
2 4 -5.8678
-5.6 -6.8 6.0498
7.6 -4 71.862
8.8 -5.6 126.34
9.6 2 88.148
-8.8 -1.2 59.498
-2.4 2.4 14.084
-3.6 -2 -2.771
1.6 -9.6 25.564
-4 -4 -5.3744
-8.8 9.6 144.04
-2.8 -4.8 10.027
2.8 6.8 16.001
2.8 6.4 -4.1815
-7.6 -3.2 40.452
-6.4 8 71.269
-7.2 10 93.585
-1.6 8.4 15.379
-2 2.8 5.5263
-8.8 2.8 95.475
-4 3.2 22.57
-6.4 -7.6 19.116
8.4 -3.6 94.665
-6.4 3.6 55.645
8.4 6 42.554
-6.8 -6.4 21.163
-6.4 -5.6 4.1527
4 -4.8 43.834
-4.8 -3.6 19.42
7.2 -4 70.655
5.2 6.4 10.447
0.4 -3.6 2.2788
-9.6 -6 51.22
-1.6 -2 -5.1527
8.4 4.8 58.855
-4.4 1.2 18.722
-0.8 2.4 3.2495
8.8 -4 109.3
5.6 3.6 22.733
4 6.4 13.127
8.4 1.6 64.902
-8 -1.6 50.929
-6.8 1.2 45.718
-6.4 -1.6 38.228
-3.6 -6.4 2.5527
3.6 -0.4 17.304
-6.8 -7.6 10.121
0.4 -5.2 9.0084
8 6 33.964
-4.4 1.7764e-015 15.448
6 2.8 26.119
-7.2 -2.4 38.955
3.6 2 4.6338
-5.6 -1.6 18.014
3.2 0.4 1.3229
0.8 5.6 -12.364
-1.2 4.4 -1.8725
-5.6 -1.2 22.811
-9.6 4 107.89
3.6 1.7764e-015 10.203
-3.2 7.2 23.451
5.6 4.4 18.286
6.8 6.8 21.699
-2.8 -0.4 12.108
-7.2 -8.8 13.038
9.6 5.2 70.134
3.6 6 7.7109
-5.2 -1.2 24.712
-0.4 -7.6 -0.97509
-8 3.2 65.994
-5.6 -0.8 15.362
-1.6 0.8 0.8533
9.6 6 66.111
-6.8 6.8 85.408
10 -6.8 156.17
-2.4 -5.2 10.69
4 -6.4 37.912
-2.8 3.6 12.701
-9.2 -1.2 72.04
5.6 -2.8 55.072
-6 9.2 80.791
-9.2 -3.2 58.943
-1.6 0.4 -5.716
6.8 -4.4 84.403
-7.2 -9.2 12.337
0.4 0.8 -3.463
0.4 -6.4 4.9834
-4.4 -7.2 16.89
2 6 -0.51895
6.4 2 33.274
-0.4 -5.2 -0.17057
-8 9.2 112.53
-1.2 2 2.9375
4.4 8 3.5885
-4.4 -4.8 8.8059
3.6 -9.6 50.59
0.4 0.4 16.442
3.2 1.7764e-015 9.2195
-5.2 10 58.32
4.4 4.8 13.345
-4 8.4 35.147
-6 6 56.282
-3.2 3.2 15.772
-3.6 1.2 11.66
7.6 6.4 34.284
6 3.6 18.719
1.2 -1.6 0.23764
-6.4 -8.4 10.864
2.4 7.2 10.602
5.2 -2.4 49.218
7.6 -3.6 93.048
9.6 -8.8 162.26
-9.6 10 159.21
5.6 -6.8 66.155
8.4 2.8 65.151
9.2 -4.4 115.81
-2.4 -4 -6.0596
2 -2 14.055
8.8 -5.2 114.61
9.2 0.4 91.183
-0.8 3.6 9.2337
1.2 8.8 5.9085
6.8 8 30.672
4.4 6.4 9.7977
-1.6 -2.4 -0.063067
-2.4 -9.6 0.22023
0.4 -6.8 16.233
5.6 -6 60.877
-7.2 3.2 62.558
-3.2 -4.4 3.8132
6 8.4 13.616
7.2 1.7764e-015 65.45
1.7764e-015 7.2 3.8055
1.2 3.2 5.4562
-0.4 8 4.1494
3.2 -5.6 26.677
2.4 4 9.9856
-6.8 -2.8 27.328
4.8 6 22.369
4.8 -4.4 49.687
7.6 -2 67.21
1.6 -4.8 16.166
3.6 -2 18.26
-9.6 -3.2 57.8
9.6 -2.8 108.45
5.2 -4.8 60.227
-1.2 7.2 9.618
3.2 -4.4 36.638
5.6 -1.6 49.258
7.6 0.4 53.315
6.8 4 25.846
-5.6 5.2 49.566
-4.4 9.2 55.494
-9.2 -0.4 68.986
-3.6 9.6 43.468
2.4 -7.2 27.099
-6 -8.4 5.4186
-4.8 -0.8 17.276
0.8 1.2 9.5687
7.2 -0.4 42.744
8 -6.4 100.5
4.8 -1.6 26.116
-4.4 -8 2.2351
-9.2 4.4 99.771
-0.8 8.4 18.069
6.8 0.8 38.611
-2.8 5.2 16.257
-2.4 -2.4 0.50727
-6 -6.4 15.412
-9.2 -8.8 32.616
-2.8 -8.8 11.075
-1.2 1.6 3.8454
1.6 5.6 -2.8437
-4 -2 0.0081054
-3.2 -7.2 -1.5726
-1.2 6.4 -3.1791
-6.8 2 39.143
3.6 8.4 1.4633
8.8 -4.8 108.51
-8.8 -8.8 31.658
-9.2 4 102.97
-6 9.6 76.997
7.2 7.2 24.407
3.2 -9.2 45.3
-0.8 -7.2 8.664
-8 -5.2 37.663
-8.4 -4.4 45.538
-2 -7.6 -0.24715
-2.4 4.4 5.1864
10 -5.2 145.36
2 -2.4 1.8006
8 -3.6 82.256
-9.2 -5.2 47.354
2 6.4 5.296
-7.6 3.6 76.406
-8.4 -2 54.844
1.2 -0.8 12.682
9.2 2.4 67.991
-3.6 1.7764e-015 8.3351
-8.4 0.8 71.502
8.8 3.2 63.675
-2.8 -2.4 -3.4652
8.8 -6 119.6
-9.6 -4.8 51.608
2.8 -4.4 12.679
-6.8 -0.8 30.614
6 4 29.69
1.7764e-015 -2 3.3227
0.4 6 3.0569
-2.8 0.8 -1.6159
-0.8 6.8 14.927
-5.6 -5.2 4.9709
-2.4 3.6 7.6275
-8.8 0.4 70.373
-6.8 9.6 89.722
10 -1.6 118.83
-9.6 9.6 158.63
8.8 8.4 32.859
-3.2 -6.4 1.0516
-5.2 -8 6.1151
3.2 -3.6 20.749
-0.8 -9.6 18.632
10 -0.4 105.47
-6.8 8.8 92.877
0.4 -8.8 17.688
-8.4 1.7764e-015 57.01
-5.6 -4 15.016
-4.8 6 48.613
-3.6 3.6 29.298
-8.4 -4 35.787
2 3.6 4.8315
8.4 -5.6 107.85
8.4 -2 77.601
-5.2 -5.6 3.262
3.6 -6.8 51.936
-3.6 1.6 8.2045
0.4 3.6 -1.0826
2.4 -0.8 15.376
-6 -6.8 13.291
0.4 1.7764e-015 -11.77
-8.4 6.4 96.828
-9.2 7.2 131.13
8.4 -4 92.805
-4.4 8 48.302
-7.2 2 39.075
6 -0.4 46.434
6 1.6 36.151
1.6 -9.2 12.891
-2 4 5.8138
2.4 0.4 5.5741
-1.6 -1.6 -3.9347
1.2 -6.8 21.207
-9.2 1.7764e-015 82.563
-3.6 -6.8 8.9978
-4 10 62.657
-2.4 8 24.822
3.6 -8.4 41.472
-6 7.2 70.905
-4 -8.4 0.1036
-4.4 2.8 27.491
5.2 8.8 7.2968
2.8 8.4 0.089302
-8.8 -2.8 56.911
3.6 -1.6 13.98
7.6 9.6 24.121
-9.6 -2.4 66.772
-5.2 4.4 41.758
10 6 76.107
-2 -6 2.7784
-7.6 10 123.78
8.8 8.8 46.141
2 3.2 -2.7417
-8.4 -3.6 48.274
-2.4 -1.2 -10.705
-7.6 8.4 102.4
-1.6 -8.8 -1.1305
-4 1.6 33.207
9.6 3.2 80.207
8.8 -0.4 87.571
3.2 -6.8 37.853
6 8.8 21.04
3.6 -4 32.555
9.6 -1.2 109.78
1.2 6 -8.3665
-9.6 -2 72.107
2 -1.6 16.067
-7.2 -0.8 46.305
4 1.6 10.41
-2.8 -1.6 1.0209
6 -3.2 55.548
-7.6 6 83.212
7.2 -9.2 117.44
9.6 -8.4 165.74
-3.6 5.2 24.966
-8.4 -8.8 24.411
-5.6 2 29.611
7.2 -6 89.874
-7.2 -9.6 23.394
3.6 -5.6 17.319
-8.8 2.4 78.857
6.4 10 15.353
-4.4 -6 1.5041
-2.4 -7.2 -2.3224
-4 5.6 29.558
8 -0.8 69.896
-9.6 -3.6 62.843
8 2 48.602
1.2 7.6 -4.5586
-6.4 -9.2 9.2385
7.2 0.8 49.847
-7.2 2.8 64.971
8 5.6 44.896
-2.4 4.8 21.002
-7.2 -7.2 28.456
-8.8 2 79.525
-6 0.8 15.203
-2 0.4 -2.2085
-8.4 -6 40.723
-4.8 4.4 37.75
-6 3.6 56.261
-6 -5.6 6.8545
8 -7.2 110.28
-5.6 -2.4 5.5492
-2 8.8 30.579
9.2 1.6 73.976
-9.6 2.8 103.38
-7.2 3.6 64.564
9.2 -9.2 163.12
-3.2 4 19.606
10 -2.4 113.78
9.2 -1.2 91.112
-8.4 -4.8 33.725
6.4 6.8 28.333
-8 -6.4 30.611
8 9.2 35.496
-0.8 -7.6 8.0316
0.8 3.6 4.9553
1.2 10 8.3792
1.6 1.6 0.054234
-8 -8.4 31.331
8 7.2 35.561
6.8 -5.2 84.519
6 -8.8 88.234
-5.2 1.7764e-015 23.764
6.8 6 29.882
7.2 2.8 45.006
-9.6 6.4 134.82
3.6 9.6 11.451
-2 -5.6 -0.81987
-9.2 6.4 133.31
1.6 4.8 4.8392
7.6 4.8 36.288
9.2 4.8 51.428
-9.2 -6.4 32.425
8 -8.4 135.5
-1.2 -9.2 12.501
1.7764e-015 2 1.9756
6.4 4.8 30.883
9.6 8.4 47.47
-1.6 -8 7.7294
0.8 6.8 -2.4327
-3.2 7.6 42.641
6.8 -9.2 89.613
-2.8 2.8 8.8348
-5.2 -6.8 19.574
8.4 -2.8 94.372
-1.6 -4.4 4.7103
-2 3.6 10.143
2 -4.4 26.873
-5.2 -7.6 4.0596
-2.4 -4.8 -2.0748
-4 4.4 30.701
-6 6.4 42.951
-9.6 -9.6 43.623
-4 -6.4 0.73821
1.6 -1.6 8.2665
1.6 4.4 2.7583
7.6 -6.8 94.874
3.6 -6 44.734
5.2 2.8 18.076
2.4 5.2 2.3391
-4 5.2 15.648
6 6 19.265
-6 -1.2 36.412
-2.4 -6.4 2.5497
-2 0.8 9.1263
0.4 2.8 2.6703
-7.6 -4.4 28.94
-4.8 0.8 14.573
8 -2.8 79.27
-9.6 3.2 96.443
6.4 8.8 6.5745
-9.6 6 125.83
1.2 -9.6 23.793
-8.8 1.6 78.733
3.6 -8.8 39.684
10 4.8 89.808
2 -5.6 13.6
-7.2 8.8 92.566
10 9.6 52.72
7.2 3.6 45.948
6.4 -7.2 87.767
3.2 -0.8 2.9443
1.2 -3.6 -7.3267
7.2 -7.2 93.023
3.2 6.4 -5.0542
4.4 -2.4 23.723
-4.8 8.4 56.929
1.7764e-015 6.4 4.5377
-8.8 7.2 114.61
2.8 10 5.4452
-6 7.6 65.725
-8.4 6.8 103.36
-4 -1.6 7.0313
-0.4 -8.4 8.6429
-4.4 -6.8 -2.3824
4.8 -3.6 39.632
3.6 0.4 8.2154
-3.2 8 29.111
3.2 0.8 10.639
9.6 -3.6 123.33
-9.6 -8 40.289
1.7764e-015 -8 6.3519
2 0.8 3.2785
-8.8 -1.6 45.142
3.2 -9.6 46.084
10 2.8 85.172
-0.8 0.4 -3.5898
-2.4 9.2 32.358
7.6 10 25.498
-9.6 -6.8 49.189
0.4 -2 9.0088
7.6 5.2 44.776
6.8 -9.6 112.37
-4.4 -2.8 12.116
9.6 -9.2 163.26
5.2 -6.8 60.998
-5.6 -3.6 9.2424
-1.6 -3.2 -12.359
1.2 -9.2 25.754
-5.2 2.8 30.331
8.8 6.8 42.601
-3.2 4.8 3.8622
-5.2 -4 3.8785
10 -2 117.18
-2 5.2 14.246
0.4 9.2 12.992
-9.2 8.4 143.05
-1.6 -6.4 6.8123
-8 4 90.43
-6.8 2.8 56.084
-5.6 9.2 78.08
-8.8 -4.8 40.718
-2.8 -8.4 9.5378
-8.4 -9.6 28.572
4.4 5.2 10.54
7.6 -2.4 78.9
7.2 -6.4 72.151
-0.4 5.2 7.1229
7.6 2 40.652
1.6 -8.4 14.953
-5.2 8 58.31
4.4 4 6.5369
1.7764e-015 -0.8 3.9541
-4.4 -0.4 14.49
-5.2 1.2 11.81
1.7764e-015 -6 7.4858
-6.4 -4.4 27.605
6.8 -3.2 69.718
2.4 10 -1.7782
5.2 0.4 38.355
6.8 5.2 32.76
-1.2 -1.2 -8.2307
9.2 -8.8 144.28
2.4 -6.4 28.575
2.8 4.4 2.1059
8.8 2.8 69.763
1.7764e-015 -1.2 14.272
3.2 -8.8 49.348
-4.4 -8.4 11.917
0.8 -6 0.98699
-8 -3.2 47.573
-7.2 -4 28.654
-0.8 10 19.982
-6 -1.6 17.713
-8.4 1.2 64.531
8.8 5.6 52.932
8 -6.8 116.18
0.8 1.6 -6.2231
-9.2 5.2 117.38
-0.8 -0.8 -3.1697
-6 -7.2 5.8268
0.8 -9.2 16.661
10 -8.4 176.75
8 -2.4 82.125
-4 -5.2 5.5873
3.2 -4 27.313
-7.6 -5.6 30.167
-0.8 8.8 17.335
4.4 -9.2 67.337
6.4 -6.4 86.88
9.2 -6.8 141.23
-7.2 -8 17.163
-3.6 9.2 48.093
-6.8 6.4 76.013
5.2 1.2 29.223
6 7.6 19.681
-5.2 6.4 51.133
-1.2 -0.8 0.597
-9.6 0.8 87.702
7.6 2.4 53.763
-0.4 -0.4 -10.608
8.8 -8 138.75
-0.8 9.6 15.826
5.2 8.4 6.9642
-2.8 -5.2 -13.608
8.4 -9.6 131.1
8.4 3.6 58.694
4 2.8 5.8606
0.4 2 -3.663
-4.4 8.4 51.068
-3.2 6.8 33.02
0.8 8 5.842
2 -4.8 16.831
-5.6 -8.4 -1.2214
-2 6.4 10.969
-5.6 8.4 64.325
8.4 10 27.893
10 -4.8 142.91
4.8 -5.2 57.076
-0.8 -1.6 -4.9791
5.2 -4.4 48.167
-6 0.4 36.164
2.8 -6.8 34.11
3.6 0.8 9.5059
1.7764e-015 0.8 7.5967
-6.8 0.8 49.433
9.2 4 68.734
0.4 -9.6 29.472
-9.6 -4 58.165
7.6 1.7764e-015 62.627
-9.6 -1.6 65.995
-5.2 5.6 52.889
1.2 -2.4 4.4141
4.4 -0.4 20.006
-6 -2.4 23.08
1.6 3.2 7.2579
-0.4 -3.6 -4.0109
2 -3.6 13.748
1.6 -0.8 -2.4438
-6 3.2 37.253
-2.4 1.2 12.522
10 1.2 84.4
-6 -4.8 17.625
1.6 7.2 14.362
7.6 -4.4 89.992
-0.4 6.4 11.317
-2.8 2.4 10.244
5.6 2.4 22.451
1.2 -8.8 17.682
6.8 -4 60.87
4.8 9.6 -3.7545
4.8 -7.2 49.538
-1.2 -9.6 0.30958
10 6.4 69.157
6.4 4 23.845
-4 -5.6 1.7593
-4.4 7.6 52.811
0.4 -7.6 2.9341
-8 4.4 84.025
3.6 -1.2 19.213
-2.4 -8.8 7.5797
6.8 8.4 5.5281
5.6 -3.6 44.828
-9.2 -7.2 33.569
2 2.4 11.233
8 5.2 41.084
-2 7.2 17.081
6 2 32.953
8.4 -8.4 132.94
-5.6 1.2 28.331
-6.8 -8.4 11.416
-8.4 -1.6 60.344
-6.4 0.4 37.36
-8.8 -0.4 71.79
-1.6 -1.2 -7.6675
-4 1.7764e-015 5.2938
-4 8 56.86
7.6 -2.8 75.466
6 -6.4 61.831
0.8 6 2.9428
-8.4 -2.8 50.412
1.2 -7.6 6.3172
-8.8 -5.6 36.145
-3.2 -7.6 0.61212
6.4 -5.6 78.152
-0.8 1.2 8.0366
-8.8 4.8 106.9
3.2 -2.8 15.904
4.4 7.2 7.1888
-5.6 7.6 52.596
1.6 7.6 5.4283
-9.6 7.6 145.8
-1.2 1.7764e-015 -4.7251
8.8 0.8 78.478
-2.4 6.8 14.149
0.8 4.8 -1.8811
-1.6 3.6 2.6414
1.7764e-015 -7.2 0.49786
0.4 -3.2 -0.84044
-2.4 7.2 28.165
-8.8 -7.2 44.377
-7.2 7.2 88.66
9.2 10 39.852
4 9.2 8.8241
-9.2 9.6 150.69
1.6 -3.6 12.403
-5.6 4.8 52.897
4 2 11.936
-1.6 -4.8 0.0067484
-9.6 1.7764e-015 84.522
8.4 -6.4 121.11
4.8 -9.2 68.78
-7.2 -1.6 42.129
4.4 -8 57.199
1.6 3.6 0.99093
4 2.4 12.396
-8.4 -0.4 64.989
-3.2 3.6 18.768
-7.6 6.8 89.838
-1.6 7.2 23.287
1.2 1.7764e-015 7.3466
5.6 3.2 18.772
4 0.4 19.167
-0.8 -3.6 -7.95
-4.8 -7.2 11.817
-0.4 -3.2 -1.1349
-8 -2 52.701
2.4 -6.8 22.002
5.6 9.6 16.163
10 7.6 65.314
5.6 -7.2 60.828
-6.8 -2.4 28.344
3.2 4.8 5.3799
1.6 -4.4 9.4389
0.4 8.4 4.3396
2.8 -0.4 -1.6394
-7.6 -0.4 50.305
10 -7.6 167.09
0.8 2.4 -5.3416
6.8 4.4 42.092
3.6 3.6 14.734
-6.8 7.2 87.787
2.4 -4.8 16.209
5.6 -5.2 59.797
-8 0.4 58.67
7.2 9.2 20.863
-8.4 2.8 77.341
4.4 3.6 14.163
-2.8 8.8 27.893
-6.4 -6 21.559
-5.6 -7.6 10.651
4.8 -0.8 35.855
-8.4 9.2 123.26
-6 -7.6 16.814
4 5.6 9.1855
-6.4 9.6 84.912
7.2 -8.8 109.76
4.8 10 11.809
9.2 -0.4 103.33
6 -6 75.791
-0.8 4 14.99
1.6 -7.2 8.84
-8 7.6 100.66
-8.4 3.2 83.986
1.7764e-015 -4.8 8.7332
-2 2 16.172
-7.6 -2.8 43.86
2 -0.8 3.6069
-6.4 -6.8 7.5404
-5.2 1.6 25.093
-8 -6 37.892
4 9.6 10.284
7.6 3.6 44.315
-0.4 2.8 0.27233
2.8 -5.2 31.025
-6 1.2 28.94
-7.2 1.7764e-015 51.853
-0.8 -4 6.2634
9.6 -4.4 130.74
8 -2 83.024
-0.8 1.7764e-015 -4.5723
5.2 6.8 10.737
7.6 8.8 43.557
6.4 -6.8 82.158
-2.8 1.2 15.865
-4.4 3.2 27.82
-6.8 -7.2 8.429
4 0.8 17.042
5.6 -1.2 58.896
-3.6 7.6 33.369
5.6 0.8 26.219
0.4 -2.8 4.9191
-6.8 8 95.326
-4.4 -2 12.385
4.4 -6 55.088
-4.8 -1.2 22.846
-9.6 2.4 108.38
2.4 -3.6 28.544
8 8 31.747
3.2 4.4 1.8986
-8.8 10 139.41
2.4 8.8 5.1889
-9.6 -7.6 38.326
-5.2 -6 7.5638
-1.2 -6.8 -0.51397
8.4 -3.2 88.302
-2.4 -0.4 -3.2073
-8 -2.4 39.029
10 -9.6 189.37
7.6 7.6 28.72
-6.4 9.2 84.171
-4.8 10 59.32
3.2 10 9.7235
2.4 2 11.601
-4.8 1.2 24.936
8.4 1.2 72.161
0.8 -2.8 10.504
-8.8 1.2 76.409
8.8 -4.4 97.101
8 8.8 16.669
0.4 7.6 5.1576
4.8 -6 56.119
3.2 1.2 7.9645
-0.4 -6 -11.915
7.2 6.8 34.944
2.8 -4 17.396
7.2 -3.2 62.591
-8.8 8.4 126.83
5.6 -7.6 69.72
-6.8 -4 11.489
6.8 7.2 24.905
7.6 -0.8 65.019
-1.6 2.8 -2.8454
2.4 -9.6 34.131
-9.6 6.8 123.25
6.8 -6.4 72.866
-4 3.6 20.017
-8 -3.6 39.725
6 5.2 22.932
4.8 -8.8 62.767
7.6 -7.6 109.69
6.8 1.2 45.685
4.4 -4.4 41.966
4.4 -8.8 57.638
8.8 7.2 45.375
-8.8 0.8 75.566
-2 9.2 30.814
1.2 -3.2 15.237
7.6 7.2 31.938
2.8 -4.8 18.623
9.2 5.6 43.416
8.8 4 62.551
0.4 1.2 -0.35246
-8.4 -5.6 41.425
-9.2 3.6 101.02
-9.6 2 94.427
-0.4 -5.6 8.1338
-2.4 1.7764e-015 -2.7661
7.2 1.6 52.335
4 -4 27.085
-8.8 -8.4 29.197
8 -8.8 130.87
7.6 -1.6 58.195
-9.2 -4.8 45.222
6.8 -1.2 51.006
7.2 6.4 34.909
3.2 -2 10.804
-3.6 -9.6 1.0564
6.4 -4.4 52.549
-1.6 -5.6 2.5303
-6.8 -4.4 26.465
-3.6 -9.2 -1.4364
1.7764e-015 1.2 0.82062
2 -8 29.073
-5.2 -3.2 20.468
4.4 -0.8 33.151
-5.2 -0.8 27.722
-0.4 -2.4 -10.978
-9.2 6 121.49
-5.6 10 65.645
-8 5.6 82.121
-8 5.2 94.761
0.8 4.4 -8.3019
6 -0.8 37.678
-1.2 5.2 4.7568
-2 -8 4.5353
2 -7.6 20.664
-6.4 1.6 51.565
-1.6 -7.2 -5.9557
-8.4 -0.8 65.734
10 7.2 61.951
1.2 0.8 1.9624
-1.2 3.6 -9.0582
-5.2 -2.8 12.052
9.2 0.8 86.262
-4.8 -0.4 7.1811
-7.6 -8.4 15.815
-5.6 6 53.328
-1.6 -9.6 12.003
-6.4 4 59.004
-8.8 9.2 128.55
-2 -2.8 2.4873
-4 0.4 8.3703
-2.4 8.4 31.496
-2.4 -5.6 -2.9404
5.2 1.6 21.812
-2.4 -4.4 -6.7391
-1.2 8.8 19.052
7.6 -6 101.21
2.4 8.4 13.152
-9.6 8 145.83
6.8 -6 89.893
-3.2 -6.8 16.892
-8.8 -7.6 23.286
2.8 3.6 3.1001
4.4 -6.4 48.602
-6.8 -6 23.939
3.6 -4.8 31.23
-2.8 9.6 44.542
8.8 -0.8 82.802
-3.6 -8.4 2.1972
-3.6 6.4 37.336
0.8 4 -2.4343
4 8.4 4.0372
8.8 -7.6 124.56
-9.2 0.4 80.758
8 2.8 48.747
1.7764e-015 -8.8 8.4625
0.8 7.2 3.8469
2.8 0.8 8.6367
8.4 -9.2 133.06
-7.2 4.8 64.807
-3.2 -4 13.111
-7.2 5.2 79.968
-6.8 1.6 36.606
4 -6.8 45.665
9.6 -5.2 135.98
5.2 3.6 4.8497
-9.6 7.2 133.35
2.8 6 15.319
1.7764e-015 7.6 8.5054
2.4 9.6 4.7816
-4.4 -9.2 8.9538
-2.8 -9.6 -1.7671
-0.8 7.2 8.7246
4.8 3.2 15.523
8.4 3.2 57.41
6.8 2.4 42.423
7.2 5.6 35.431
1.2 4.8 -4.6097
6 7.2 17.735
-7.2 -4.8 30.79
4.8 5.6 1.3652
-1.6 8.8 23.693
0.8 -4.4 -1.7933
5.6 6.4 16.604
-4.8 -7.6 9.9503
4 4.4 24.993
4.8 9.2 0.55866
8 -5.6 108.29
5.6 0.4 32.682
4 7.2 -0.66725
5.6 -4.8 54.132
-0.4 -0.8 2.7009
-9.6 5.2 117.44
-4 6.8 34.839
-9.6 -7.2 45.921
-8 -2.8 54.7
1.2 5.6 15.241
1.6 9.2 9.0138
-2 10 31.033
5.2 -1.6 30.891
1.6 -0.4 1.5852
-9.2 10 157.9
-3.6 -0.4 14.08
3.2 -1.2 14.689
0.4 -4 0.20701
1.2 4 -7.7048
1.6 -6.4 13.508
2 -6.4 19.911
-2.8 6.4 30.527
4.8 7.2 11.533
-0.4 1.7764e-015 -11.455
-8 -8.8 20.393
0.4 -7.2 14.415
8.8 -1.2 89.422
-6.4 4.4 50.957
0.8 1.7764e-015 -0.49396
-4 4 28.623
4 -9.2 69.443
0.8 9.6 3.3474
-5.6 4 44.819
0.8 -1.6 8.9451
-2 2.4 -10.873
-6 -8 10.472
6.4 -3.6 64.187
9.2 -6 127.76
6.4 -6 68.95
6.8 2 41.566
4.8 -8 68.729
-4.4 -4 6.0192
3.6 9.2 19.703
-6.8 -3.2 22.895
6.8 8.8 13.055
5.2 -5.6 64.682
5.6 8.4 28.875
-9.6 1.6 99.985
-0.8 -6 -2.0942
8.4 1.7764e-015 77.317
6.4 6.4 18.696
-8.4 8 118.87
-5.2 6 37.442
6.4 5.6 15.775
4.8 -9.6 68.913
-6.4 6.8 66.443
-8.4 5.2 98.369
8 -9.6 128.54
-9.2 -2.4 61.057
4.4 1.6 27.617
-5.2 8.8 71.034
-5.2 -0.4 38.249
-5.2 2 27.983
-5.6 -8 4.2926
-6.4 -2.8 31.339
8 1.2 59.953
3.2 5.6 0.47386
0.4 -8.4 12.954
-1.2 -5.2 -8.9093
4.4 4.4 15.729
-5.2 4.8 38.104
7.6 -5.6 97.745
-0.4 -9.2 2.7587
1.7764e-015 -2.8 -4.0877
-3.6 -7.6 3.1584
6.4 4.4 28.208
10 1.7764e-015 110.84
-4.8 3.6 32.7
7.6 -8.4 112.85
-4.8 0.4 26.589
4 -5.6 38.914
6 -6.8 71.576
-1.6 9.6 25.607
6.4 9.2 20.116
2.4 9.2 9.4744
0.8 -2.4 7.537
-4.4 1.6 15.562
4.4 1.7764e-015 25.331
4 4 31.382
3.2 -0.4 4.9822
-4 -3.2 16.852
1.6 -4 15.229
0.8 -0.8 2.1606
-8.4 -6.4 27.33
5.6 6.8 22.067
8 1.6 55.111
1.2 -5.6 6.3199
6.4 1.7764e-015 43.956
-8 1.2 61.471
0.8 -5.6 11.663
9.6 5.6 76.709
-9.6 9.2 156.1
6.8 3.6 37.108
1.2 4.4 -1.9453
-9.6 -4.4 59.54
-9.2 -4 53.244
8 -4 85.287
8 3.6 45.432
-1.6 7.6 20.347
6 9.6 15.457
9.2 7.6 50.954
-9.2 -4.4 43.099
-7.2 -3.6 24.339
4.4 -9.6 65.076
3.2 9.2 8.7334
-4 7.2 28.06
-4.4 0.8 22.817
5.2 -5.2 45.351
4.4 6.8 -0.51572
-4 -3.6 29.331
-9.2 5.6 103.91
5.6 9.2 15.932
8.8 9.6 37.485
-7.6 -9.2 9.7746
-1.6 -7.6 -2.992
8.4 4 52.996
5.2 6 4.6924
6 2.4 42.013
1.7764e-015 -6.4 19.89
2 6.8 4.2135
8.4 0.4 72.42
-6 -2 20.557
-4 -4.4 1.9139
10 8.4 55.782
-4.4 -6.4 -4.7541
1.7764e-015 6.8 6.1071
-5.2 -5.2 11.001
1.6 -3.2 3.9885
0.8 -7.2 14.593
-4 -8 -0.99569
1.2 -0.4 1.4338
-8 -4.8 42.848
8.4 0.8 74.303
-6.4 8.4 75.86
4.4 5.6 17.538
-7.6 4.4 65.841
-7.6 -4 42.579
5.6 4.8 21.186
7.6 -3.2 76.237
1.7764e-015 -1.6 11.878
-2.4 -7.6 -2.7054
-6 8.4 67.696
-3.6 -0.8 7.7296
-6.4 -2 28.672
-3.2 -8 5.0903
-6.8 0.4 36.764
-5.2 2.4 32.488
2 -6 21.723
0.8 0.8 -5.1726
-2 5.6 12.006
8.8 -3.2 101.43
5.6 -5.6 53.664
-0.4 -4.4 -4.0636
6.4 2.4 43.871
-4.4 6 40.984
3.6 4.8 7.6558
-0.8 4.8 9.3467
-7.6 5.2 76.003
-1.2 4.8 4.2839
0.8 8.4 -6.3803
-7.2 9.6 92.759
-5.2 -6.4 7.0891
2.4 -8 35.679
-6.8 -4.8 28.988
-6.8 3.6 57.759
2.4 1.6 1.9438
6.8 -2.4 64.83
9.2 4.4 67.983
10 0.8 106.88
-3.6 2.4 4.0699
-6.4 3.2 51.447
5.2 7.6 16.42
-0.4 0.8 13.104
-0.8 -4.4 -10.169
-7.6 6.4 93.481
-5.2 -4.8 10.22
4.4 9.2 3.7249
5.6 -2 35.614
8 0.4 59.792
-5.6 -4.4 12.313
-3.2 1.7764e-015 24.975
-3.2 -2 -1.2776
-6.4 7.2 56.149
-2 -6.4 -9.4094
3.2 4 -4.9149
2.8 7.2 24.033
-8.8 -6.4 34.19
-2 8 20.297
4.4 -3.6 40.882
-4 -6.8 2.3635
-3.6 5.6 22.67
-5.6 0.4 26.061
4.8 7.6 3.0178
6 -8.4 91.701
2 -9.6 23.803
2 9.2 0.98704
-2 -1.6 1.6273
-6.8 -8.8 14.837
9.6 -5.6 134.87
1.7764e-015 3.2 1.4063
2 8 1.1093
-3.6 0.4 5.6266
2.8 5.6 -8.3599
8.4 5.2 46.116
0.4 9.6 6.7041
-9.6 -0.8 81.095
5.2 4.8 11.863
0.4 -0.8 -4.7728
-6.4 -0.4 26.424
-8.4 -7.6 32.908
9.6 2.4 81.415
-5.6 3.6 52.265
2.4 6 -2.9339
5.6 -9.6 81.961
-5.2 -1.6 15.82
6.8 9.6 28.543
-5.2 3.6 42.709
9.6 4.4 64.35
4.4 0.8 24.629
-6.4 2.8 45.752
1.6 6.4 8.0513
-9.2 3.2 91.635
9.6 4 86.291
7.2 -1.6 60.625
-2.4 9.6 30.595
4.8 8 18.119
5.6 2.8 20.403
9.2 3.2 66.378
-1.6 4.4 -4.8174
-0.8 -8.4 3.4986
-5.6 -9.2 5.3188
-3.6 6 26.821
7.6 3.2 39.42
-6 -4.4 12.126
8.4 -7.2 126.97
3.6 -3.2 18.161
-9.2 8.8 128.72
-9.2 -3.6 63.981
-4.8 -6 6.904
-1.6 5.2 3.9428
-7.2 1.6 55.762
-8.8 7.6 116.63
6.4 8.4 8.1614
2 -5.2 9.114
-9.2 9.2 147.43
-7.6 -6.8 13.289
5.6 -8 71.738
9.6 1.2 90.945
-6.8 4 63.748
7.2 -5.6 84.561
-3.2 8.8 41.027
4 -0.8 24.86
-1.2 -8.4 3.4213
3.2 -6.4 47.689
1.7764e-015 5.6 11.769
6.4 -4.8 60.139
7.6 -9.2 122.82
1.2 -4.8 5.0727
6 6.4 31.009
1.7764e-015 9.2 12.924
-1.6 4 8.6103
-0.4 10 17.436
-6.4 -5.2 16.071
2.8 2.8 4.8819
-9.2 -0.8 68.878
-2.8 -7.6 -8.5504
9.2 -2 111.96
-1.2 -2.4 -12.324
3.2 6 12.25
-2.4 -6.8 1.6145
4.8 -3.2 27.628
-3.2 -1.2 6.5525
-2.8 5.6 28.112
-9.2 -5.6 45.568
-2.8 -7.2 -1.5003
2.8 1.2 9.4439
-8.8 5.2 94.756
-7.6 0.8 59.163
-5.6 2.8 37.835
3.6 2.8 14.482
6.4 -2.4 56.032
0.8 3.2 -4.1615
2 0.4 0.5593
-1.2 -4.8 -1.1194
10 -0.8 110.94
2 9.6 2.0466
8.8 6 53.221
4.4 2.4 18.653
-8 -4.4 37.627
5.2 2.4 31.312
6 -9.2 84.944
8.8 -8.4 141.74
-9.6 -5.2 56.781
6 -1.6 54.866
8 3.2 55.603
-6 8.8 73.547
-0.8 7.6 18.927
-0.4 9.2 2.2618
9.2 -4 122.06
-2 9.6 27.344
9.6 -0.8 104.29
2.8 -6 27.109
-5.6 -2 21.309
-6 10 78.643
-6.4 -4.8 24.647
-2.8 3.2 13.815
-7.6 2.8 63.247
-3.6 2.8 9.9254
9.6 7.6 53.629
1.2 -5.2 8.1631
7.6 2.8 48.37
2.8 -3.2 9.2933
6.8 -8 96.173
6 -5.6 63.923
4.4 -4 42.135
-9.2 2 85.169
2.8 -6.4 22.89
-0.4 8.4 23.131
-7.6 9.6 115.17
-2.8 10 42.216
0.4 3.2 4.1131
-4.8 5.2 46.759
6.8 7.6 24.791
-3.2 6 23.867
-4.8 -6.4 -0.33185
-3.6 -6 4.6586
1.6 0.8 5.4775
0.8 -7.6 -1.0569
-8 6 88.661
3.6 -2.4 19.929
4.4 -8.4 53.809
6.4 -0.8 37.006
2 4.8 0.032838
-4.8 -5.6 7.441
-8.8 -9.6 28.787
-6.4 2.4 55.361
-1.2 1.2 -6.5723
-2 8.4 16.301
5.2 -9.2 69.124
-4.4 4 38.443
-6.8 -0.4 32.028
0.4 -8 6.4736
0.4 4.4 12.222
-9.6 -8.8 37.255
-2 -0.8 1.053
8.4 7.6 46.03
-8.8 4.4 100.94
-7.6 -7.2 20.218
6.8 9.2 22.39
-8 9.6 123.52
5.2 5.6 15.137
-1.6 8 19.486
2.4 5.6 -4.4323
-7.2 -5.6 26.751
-0.4 -4.8 4.029
1.6 -5.2 20.984
4 -1.6 28.148
-8.4 8.8 108.7
0.4 5.2 -9.2333
-4.8 -8.4 5.3497
8 4.8 49.258
3.2 -8 45.478
-7.6 0.4 45.649
-0.8 5.6 10.137
-2.8 9.2 38.661
-3.6 10 41.904
4.8 -2 33.15
-3.6 -5.2 6.8365
0.8 8.8 11.544
6 -7.6 77.11
-8.4 7.2 108.13
6 1.2 37.685
2.4 -8.4 41.318
-7.2 7.6 95.795
6 -4.4 64.714
5.6 -4.4 56.785
-8 -9.2 19.613
8 9.6 42.53
-8.8 5.6 99.267
-9.6 8.8 159.46
3.2 8 9.3515
9.2 8.8 47.39
8.8 1.6 60.34
4.4 3.2 14.741
-5.6 4.4 31.396
-3.6 4.8 14.982
-5.2 -2.4 13.638
5.6 -3.2 41.857
-8.4 -8.4 19.183
2.8 -9.2 23.049
-2.8 4.8 23.781
7.2 0.4 60.017
-0.4 -2 4.7756
-6.4 2 39.58
1.6 -6.8 12.536
8 -4.4 89.621
4.8 -2.8 42.071
8.8 5.2 67.774
-1.2 -4 1.4905
-0.4 2.4 8.0149
7.2 -0.8 59.644
1.6 0.4 2.2504
0.8 10 19.92
3.2 -8.4 51.035
2.8 3.2 2.0641
2.4 6.4 10.101
-8.4 2 61.465
-4.8 -1.6 17.785
10 0.4 102.16
-1.2 8 15.51
2 7.6 -1.8904
6.8 -7.2 91.704
-5.6 3.2 43.68
9.2 -3.6 106.78
-3.2 -2.4 3.0374
8.4 -4.4 96.389
1.7764e-015 -5.2 5.0858
-1.2 10 21.877
4 -6 32.872
-1.2 -5.6 3.4425
-2.8 -3.2 0.58561
4 7.6 9.2594
8.4 -8 132.48
8.4 9.6 40.039
10 -5.6 139.18
2.4 -1.2 9.7028
-1.6 -6 -12.995
-3.2 5.6 16.715
-3.6 -8.8 0.076142
1.6 8.8 4.711
5.6 8 1.6125
6.4 8 15.192
-6.8 -9.6 2.2847
1.6 -8.8 13.787
-6 2.8 46.078
9.6 6.8 55.506
6.8 -3.6 64.061
-6.4 -7.2 21.717
-3.6 7.2 49.132
1.6 -5.6 16.457
-2 -3.6 12.687
9.6 -0.4 95.882
-2.8 -6.8 -0.063349
-3.6 -1.2 3.8261
9.2 -7.6 141.55
8.8 -2.8 107.68
-1.6 10 29.43
-4.4 -0.8 4.4201
-8 6.8 90.227
8.8 1.2 69.586
7.2 8.8 27.779
4.8 4.4 3.6276
-2.8 -4 -8.7605
7.2 -2.4 78.293
7.6 -7.2 108.67
7.6 8.4 32.775
2.4 0.8 4.2083
-0.4 -2.8 5.5308
-7.6 -1.6 46.787
4.8 6.8 11.998
-5.6 1.6 26.7
0.4 2.4 7.3568
6.4 -5.2 67.647
1.6 9.6 14.07
-1.2 8.4 18.57
9.6 8 45.81
-0.4 6 6.7653
6 -1.2 43.571
-5.6 -6 15.062
8.8 2.4 60.018
-9.6 -1.2 81.96
9.2 -2.8 107.5
0.4 1.6 -9.485
6.4 7.2 12.48
1.2 0.4 -3.3661
4.8 4 11.258
1.2 5.2 -2.0475
4 10 19.229
-8 3.6 75.545
-2.8 -5.6 -1.9095
-8.8 -9.2 33.085
9.2 -7.2 142.32
3.2 7.6 -2.7997
-3.2 -9.6 4.3586
6 -2 49.514
7.6 0.8 55.552
2 5.6 -1.3374
-3.2 -9.2 6.9683
-4 -1.2 9.0634
2 -8.8 23.126
-6.4 -2.4 28.782
-8 -0.4 44.4
2.8 8.8 -9.0013
6.8 -4.8 80.441
-2.8 4 11.46
10 3.6 75.055
-6.4 7.6 78.466
3.2 -5.2 34.271
0.8 7.6 -0.84682
2.8 7.6 5.4369
10 1.6 84.376
-2.4 -8 -10.878
8.4 -0.4 75.985
-1.6 -0.8 -15.721
-6.4 4.8 57.287
-1.6 2 14.301
-2.4 3.2 -0.1162
6 8 13.718
9.2 -0.8 109.27
-8.4 10 135.73
2.8 -5.6 24.854
-6 6.8 62.977
9.6 9.6 49.771
-8.4 -2.4 56.642
-6.4 6.4 80.466
7.2 -7.6 93.206
7.2 -6.8 89.549
-5.2 -9.6 13.957
-1.2 2.4 -3.0836
-1.6 6.4 9.736
1.2 -6.4 21.58
-4.8 -2.8 11.053
5.6 -9.2 80.969
4.4 6 12.776
-7.6 3.2 73.463
-2 -0.4 -5.9503
-6 4 36.095
-0.8 -2.4 -1.5224
10 -9.2 161.68
-4.4 -4.4 19.248
9.6 7.2 59.332
-1.6 1.2 6.9802
-6 -3.6 29.295
-1.2 -8 -2.9823
5.2 -2 29.396
4.4 9.6 0.30322
2.8 -8 43.307
8 -1.6 79.559
-6 -2.8 19.456
-4.8 4 30.039
-0.8 4.4 -4.4503
-6.8 6 68.641
-7.6 4.8 84.403
-4 2.4 7.4349
8.4 -6.8 117.23
-0.4 7.6 9.0017
8.4 2.4 59.991
-6.8 7.6 75.438
9.6 -6 137.64
-0.4 4.8 0.89487
1.2 -8 20.903
-9.2 -8.4 45.824
6.8 -2.8 54.753
-5.6 -2.8 11.239
-6.8 5.2 67.47
2.4 1.7764e-015 7.0221
-4.8 -8 -2.3972
2.8 -2.8 23.015
4.8 2 20.003
-4.4 -2.4 8.6171
-6.4 -9.6 13.389
9.6 3.6 71.355
9.2 7.2 53.95
0.8 -6.4 17.209
3.6 1.6 16.711
2.8 -2.4 15.687
-6.4 -8 22.581
-2.8 -2.8 -0.237
8.4 7.2 41.577
5.6 -0.8 53.499
1.6 10 15.775
-0.8 -6.4 -3.9221
-6.8 -1.2 40.233
5.6 -2.4 48.602
-0.8 -9.2 9.4933
1.6 4 2.2152
-4 7.6 39.876
-8 -8 18.985
7.6 8 32.797
8.4 9.2 47.953
2.4 -9.2 33.389
0.4 -5.6 16.222
-7.6 -7.6 21.207
6.8 1.6 45.517
10 8.8 52.459
2 10 6.7899
8.8 -6.8 132.1
8.4 8.8 40.761
9.6 -2 105.77
2.4 -5.6 19.575
-2.4 -9.2 1.7102
0.8 -8 18.123
-9.6 -0.4 81.545
-0.8 -0.4 -0.53222
-8.4 9.6 120.01
4 -2.4 35.786
3.6 8 -4.0057
-9.2 2.8 100.85
2.8 -0.8 0.9147
8.8 -9.6 151.94
7.2 8.4 33.615
4.8 -7.6 52.657
9.2 -6.4 136.55
3.6 -8 37.671
-0.8 -2.8 -6.687
9.6 4.8 65.37
-8.8 -6.8 38.314
8.4 6.4 47.305
-4.8 1.7764e-015 21.661
-9.6 0.4 85.806
0.4 6.8 4.1357
-8.8 -8 27.284
8.8 7.6 36.735
4.8 2.8 19.47
4 -3.2 22.456
-1.2 -6.4 0.80985
-7.2 -5.2 19.698
-8 2 58.174
2.4 -2.8 4.1177
8 -6 100.68
5.6 -8.8 75.808
2 -2.8 0.92434
5.2 -3.2 36.557
6.4 -1.6 48.224
-1.6 2.4 0.33511
-7.6 -9.6 11.484
1.7764e-015 1.7764e-015 -0.53394
10 -3.6 128.43
7.6 6.8 37.294
-4.4 0.4 14.642
-8.4 0.4 67.624
9.2 8.4 41.032
3.6 3.2 15.855
-6.8 -2 25.389
7.6 -4.8 92.498
-0.8 -5.6 7.2143
9.2 -9.6 167.72
1.7764e-015 2.8 0.82383
-4 -0.4 12.823
-7.6 8 114.44
4 5.2 2.3833
1.7764e-015 -3.6 -1.2454
9.2 8 50.404
9.6 -7.6 155.41
2 -1.2 -1.2179
-6 5.6 50.853
4.4 8.8 8.9795
-0.8 8 12.11
-3.2 8.4 38.45
5.2 -8 67.598
-4.8 5.6 43.058
2.8 4 7.847
-6.4 10 85.348
-8.4 3.6 94.59
-4.8 -5.2 -1.014
-6 4.4 59.49
2.4 -7.6 22.614
-7.2 -1.2 28.478
9.6 1.6 81.05
-0.8 1.6 2.1787
-3.2 -8.8 -6.7356
-4 -4.8 -5.5523
-1.2 -8.8 2.1832
5.6 6 17.254
3.6 7.6 8.2408
-8 -1.2 50.361
6.4 7.6 18.406
6 6.8 24.93
6.8 -7.6 93.248
2.4 1.2 -10.663
4.8 -1.2 45.394
4 -9.6 51.486
2.8 -7.6 32.065
-4 -2.4 1.3823
10 -2.8 117.84
-7.6 -0.8 60.591
5.2 -0.8 33.626
-2 -4.4 -1.845
-7.2 -0.4 49.515
-3.6 8.4 30.6
6 0.4 35.868
5.2 0.8 30.902
-1.6 9.2 18.555
1.7764e-015 -2.4 4.0231
1.2 2.4 11.082
-5.2 5.2 44.942
-9.6 5.6 116.55
-7.2 0.4 39.74
-1.6 4.8 6.1071
-2 4.8 14.032
4 -8.8 61.93
-9.2 -1.6 61.969
-1.2 -4.4 3.1285
0.8 -9.6 8.0346
-0.4 -8.8 -0.08507
-4 -2.8 3.0536
2.4 2.4 3.4868
-2.8 -3.6 6.2714
-2 -9.2 -2.4936
4 8.8 4.73
1.7764e-015 -4 -1.4693
8.4 6.8 46.302
1.7764e-015 5.2 7.1278
6 0.8 23.209
-6 2 35.996
2.4 -4 25.145
-8 -5.6 33.748
-2 -6.8 -11.438
0.8 -5.2 13.373
-6.4 1.2 34.602
-9.2 0.8 76.865
0.8 -3.2 7.1421
-3.6 -2.4 -1.0623
-4 -8.8 -4.5025
3.2 8.8 0.019291
7.2 -9.6 113.08
-8.8 -4.4 55.194
-0.8 2 -7.1328
9.2 2.8 75.896
1.2 2 13.61
-5.6 -3.2 16.762
0.4 -4.8 6.1519
-2 -1.2 -1.9801
0.4 5.6 -3.9519
4.4 -4.8 37.746
8.8 8 48.336
2.8 -1.6 13.343
2.4 6.8 -8.1394
-0.8 5.2 3.9234
-2.8 4.4 26.375
-0.4 2 -6.3168
5.2 -1.2 38.815
0.4 8 16.582
-8.4 7.6 107.43
8.8 -3.6 102.2
-4.4 5.6 34.507
5.2 9.2 15.3
-5.6 1.7764e-015 34.994
0.4 -1.2 3.9448
-8.4 -8 28.449
-4.8 -4 10.303
6.4 0.8 33.787
-1.6 -2.8 -6.7664
5.6 1.6 27.42
-0.4 -1.6 -2.6569
8.4 -2.4 88.251
-2 -4 1.6646
-2.4 -1.6 -10.411
-0.8 -6.8 2.7127
1.6 6.8 -2.0048
5.2 8 14.588
-4 -0.8 17.491
-8 8 98.67
-4 0.8 20.364
4.4 -6.8 41.35
-5.2 4 45.901
-7.2 -6 20.573
4.8 1.2 18.734
6.4 -3.2 61.373
-2.8 -9.2 -7.5024
-4.4 3.6 16.607
7.6 6 31.208
-6 -0.4 17.893
4.8 -2.4 33.271
2 8.4 4.0021
-3.6 4.4 12.714
3.6 10 21.509
-4.8 8 55.831
8.8 -9.2 150.23
5.2 10 4.6133
-5.2 9.2 73.283
-6 -3.2 17.016
1.7764e-015 -7.6 12.01
-7.6 -2.4 40.841
-7.2 8.4 85.383
-6 -9.2 6.078
-7.2 -2 42.224
3.6 1.2 6.0445
4.8 8.4 9.3494
1.6 -6 22.219
-9.6 4.8 113.06
-7.2 6 77.561
-5.6 -5.6 12.341
8.8 2 71.873
6 -2.4 54.967
-9.2 6.8 118.35
2 -6.8 24.099
8 0.8 65.707
-5.2 0.8 26.49
-2 1.2 0.97788
7.6 -0.4 56.502
3.2 7.2 6.1993
5.6 2 31.41
3.6 -3.6 19.131
-8 -0.8 55.371
-2.4 2 4.4765
-5.2 -3.6 16.14
4.4 -5.6 46.238
-1.6 5.6 19.927
-8.4 4 82.86
9.6 -2.4 119.75
1.7764e-015 0.4 1.1148
-5.2 8.4 58.696
-6.8 1.7764e-015 53.274
5.2 4.4 16.136
-0.4 -4 2.0082
-6.8 4.8 68.061
3.2 5.2 5.5268
-2.8 -6.4 3.4682
7.2 -2.8 69.086
-4.8 3.2 38.055
-8 2.4 62.554
-4.8 -6.8 -0.75792
6.4 -8.8 101.92
-7.2 -6.8 24.284
-4.4 -7.6 -4.5662
-0.8 -1.2 7.0758
9.6 6.4 61.659
-8.8 -3.6 44.992
4.4 10 11.663
8.4 8.4 34.285
8 6.8 36.87
9.2 1.7764e-015 86.111
5.6 10 14.821
-4 -9.6 -2.8032
-9.2 7.6 131.58
9.6 -7.2 147.08
3.2 9.6 5.5744
-8 -6.8 25.474
10 -8.8 182.14
4 6.8 7.1129
9.2 6 59.692
-4.8 -9.6 10.144
0.4 4 2.5141
-9.2 1.6 98.439
3.6 6.4 9.9353
1.6 5.2 -5.0839
-2.4 2.8 10.348
-4 -7.6 5.4867
-2.8 8.4 41.641
1.2 9.2 8.8992
-8.4 8.4 126.21
10 5.6 68.142
-6.8 4.4 55.099
3.6 2.4 1.4699
-1.2 6 5.5457
5.2 1.7764e-015 30.391
7.2 -8 99.663
2.8 9.2 2.5708
1.2 -4 7.9093
-4.8 7.2 42.53
9.2 6.4 54.163
-6.8 2.4 45.455
3.6 4.4 5.7398
6 -4 56.441
4.4 2 11.382
-4.4 6.8 50.069
-6.8 3.2 49.568
-3.6 6.8 32.454
-6.8 -9.2 13
-7.6 -8 18.259
-0.8 6.4 1.2499
-4.8 -4.8 8.6808
1.2 8.4 7.2085
-0.4 4.4 -3.7901
-6.8 -3.6 22.999
-1.2 3.2 11.185
-8 1.7764e-015 58.343
-2.4 5.6 15.067
4.4 2.8 20.789
0.8 0.4 0.90179
-8.4 -7.2 38.285
4.4 -1.2 21.334
8.4 -5.2 116.02
-7.6 -3.6 30.707
8.4 5.6 52.284
4.4 -2.8 24.774
-7.6 1.7764e-015 48.328
4 6 18.17
6.4 3.2 22.944
7.6 5.6 35.605
-8 8.8 114.31
10 -6.4 157.64
-1.6 -6.8 -3.111
-6 -8.8 7.4271
8.8 -6.4 133.34
-8.8 8 124
-7.6 7.2 98.985
6.4 -9.2 87.903
-8.4 4.8 97.522
10 8 62.441
3.6 5.6 2.0017
5.2 -6 52.138
-4.4 -3.2 -3.3767
6.8 -1.6 59.144
6.4 -8.4 83.049
-4.8 -4.4 0.75536
-1.2 2.8 6.6604
1.6 -2.4 5.4342
6.4 -2.8 59.185
2.8 -8.8 41.342
3.6 -7.6 32.49
2.8 4.8 6.8126
1.7764e-015 -9.2 21.043
8.8 -7.2 121.45
1.6 -1.2 5.3252
-5.6 -9.6 10.413
-6.4 0.8 47.429
-8 8.4 112.15
-5.6 -6.4 -3.1128
1.2 3.6 -11.393
4.8 -8.4 54.55
-7.2 -7.6 16.722
-6.4 6 71.589
7.2 -8.4 103.33
2 -4 10.165
-2.4 -0.8 -1.6718
0.8 2.8 -0.65602
1.2 2.8 9.7809
7.2 7.6 29.021
9.2 6.8 53.038
-0.4 5.6 -4.119
-2.4 -3.2 -0.95691
8 1.7764e-015 72.711
3.2 -7.6 21.202
6.8 5.6 24.53
1.7764e-015 1.6 3.2167
2.8 9.6 -1.9373
-6.8 -1.6 22.839
4 1.7764e-015 15.913
-2.4 8.8 31.481
-3.2 4.4 28.939
9.6 -8 163.29
-4.8 6.8 37.665
2.4 4.8 21.352
-6 1.6 28.976
-6 4.8 53.007
8 -1.2 62.165
7.6 -9.6 126.59
9.2 2 79.293
3.6 -6.4 31.724
