-3 7.2 28.427
13 -5.2 56.779
3.8 -6.4 9.8174
11 -3.2 33.222
1 5.2 -2.0284
7.8 5.6 -18.111
-5.4 -3.2 -37.015
8.2 -6.4 42.271
2.6 5.6 2.4602
1.8 7.6 14.521
8.2 -1.6 9.1623
6.6 1.2 -5.2923
10.2 7.2 -39.986
-4.2 8.8 48.134
1 -0.4 -10.451
0.2 2.4 1.812
6.2 -5.2 26.385
2.6 2.4 -0.10888
9.4 4.8 -16.274
5.4 9.6 -6.4464
1 -3.2 -0.52594
-5.8 -0.4 -14.781
-1.8 4.4 15.639
-4.6 3.6 9.5093
-1.4 -1.6 -9.0888
10.6 6 -30.007
-5 12 84.108
3 6.8 -4.5138
-0.2 -4 -7.1364
1.8 -1.6 -2.9918
11.8 6.4 -40.819
9.8 1.2 2.8624
3 10.8 8.3899
7 -6.4 30.698
-2.6 -2.8 -21.823
-4.2 6.4 34.369
-0.6 -1.2 -12.247
2.6 0.8 -6.8683
1 8 13.339
9.8 4.8 -23.69
3 10 1.113
-5.4 8 44.919
-4.2 3.2 11.589
2.6 9.2 16.068
-0.6 -0.8 -6.2954
-3.4 7.6 35.387
5 4 -0.80222
9.4 8 -38.762
12.6 -2.8 34.589
7 5.6 -14.948
0.6 2.8 0.26124
9 6.8 -34.15
2.2 -3.2 3.9632
-0.6 4 13.361
4.2 -6.4 22.651
4.6 3.2 -3.7761
5.4 0.4 3.17
10.6 -6.8 62.062
7.4 2.4 -14.104
8.6 9.6 -33.541
-2.6 4.4 17.921
10.2 3.2 -20.017
3.4 0.4 6.5918
11.8 12 -88.677
6.2 -2.8 13.776
1 -5.2 -6.2445
0.6 3.6 0.81937
1.4 -2 -13.556
3 4.4 -2.3034
4.6 4.8 -6.4192
10.2 4 -17.552
3.4 -7.2 9.1291
1.8 0.4 -4.2502
12.6 2.4 -6.1648
8.2 -7.6 53.218
-5 -2 -23.977
-1.8 10.8 46.622
1 2 -5.5614
8.6 7.6 -32.276
-1 11.6 46.444
8.6 3.2 -14.582
2.6 3.6 -0.59476
6.2 4.4 -10.649
1.4 -1.6 -1.8443
-0.6 -2.4 -9.0715
4.6 -0.8 6.5754
9.8 -6.4 52.612
10.2 8 -53.305
3.8 -6.8 16.161
5.8 4.4 -5.5561
5.4 -2.4 9.1904
7 0 6.2059
-2.2 -6.8 -42.765
1.8 6 14.082
-0.6 2.8 5.312
-6.2 -6 -66.037
9.4 -7.6 59.451
-2.6 2.8 1.9953
1.4 1.6 5.4335
13 7.2 -67.566
3.8 0 -0.79824
-1.8 4 6.3541
-0.2 12 29.997
1 -2.8 -14.629
9 -2.8 27.342
-5.4 3.6 1.6072
10.2 -2.4 28.106
10.2 -3.2 36.352
-5.8 2 1.3564
-3 -3.2 -26.005
-0.6 6 20.648
0.2 2 -1.0061
-0.6 -2.8 -16.403
10.2 0 -6.0999
1 -1.2 -7.3387
6.6 -0.8 6.3778
8.6 1.6 -10.748
7.8 -4.4 33.345
8.2 1.6 -5.7966
7.4 3.2 -11.773
-3.4 1.2 -9.1304
-1.4 12 58.388
-2.2 -6.4 -38.954
9.8 -3.6 39.24
-4.6 -4.4 -45.321
-2.2 0 -3.812
5 2 3.1747
6.2 8.8 -12.297
4.2 3.6 -4.908
-2.2 2.4 0.64129
3 11.6 7.4569
9.8 5.2 -33.551
12.6 -4.8 49.29
11.4 0.8 -4.7974
7.4 -3.2 18.922
2.2 -1.2 3.5158
0.2 0.8 4.2988
12.6 0.4 0.60048
-0.6 10.8 34.558
8.2 -6.8 42.501
7 -6 28.679
-1 6.8 25.99
11.4 10 -69.076
-1 4 3.6857
-1.8 4.8 11.506
-4.2 -6.4 -50.839
-3.8 10.4 52.837
5.8 7.2 -11.335
-1.8 11.6 50.467
-4.6 4 16.366
11.4 6.4 -44.123
3.4 12 9.3978
5 3.2 2.9821
-0.2 -3.6 -11.614
4.6 4 -8.9857
10.2 12 -62.205
-1.4 4 10.659
1.8 -4 5.6257
5 6.4 -8.8628
-1.4 11.6 44.327
-6.2 3.2 4.8788
-6.6 3.2 0.35285
-6.2 0 -26.975
7.8 8.4 -25.373
7.8 1.6 -8.1053
13 8.8 -67.4
-4.6 9.6 58.45
7.4 -5.2 37.075
-5.8 8 58.888
3 -6.4 8.4249
1 9.6 19.966
3 12 1.65
7 3.2 -8.887
8.2 7.2 -29.438
-3.4 -1.2 -13.869
-5.4 4.4 10.742
9.8 -6.8 60.331
6.2 -0.4 5.1303
-6.2 -7.6 -68.994
9 -3.2 25.182
5 6 -11.745
-2.6 -4.8 -34.002
10.6 -2 17.465
11.8 -3.6 40.088
12.6 4 -26.863
-5.8 0.8 -10.764
0.6 4.4 14.737
-0.6 0 -9.9217
4.6 -7.6 30.637
-1 -2 -17.373
-5.8 11.6 78.658
0.2 -2.8 -7.7788
5.8 8.8 -7.8162
5.8 8.4 -14.634
-4.6 -1.2 -24.561
-3.4 10 45.846
-4.2 12 77.013
1.4 10.4 27.324
1 4.8 3.9293
-5.8 4.8 18.774
-1 5.2 22.956
-3.4 -5.6 -35.332
11.4 -1.6 17.096
-3.4 5.6 28.966
11.4 8 -46.967
-3.8 -4.4 -36.837
-3.4 -3.6 -29.35
7 -2.8 20.448
-1.8 -1.6 -20.809
10.2 -2 30.921
8.2 8.4 -32.539
3.4 -1.6 5.9651
-6.6 -4 -60.289
1.4 0 -5.5101
11.4 6.8 -50.778
-1.4 3.2 3.621
2.2 4.4 -2.5606
11.8 -2 35.827
8.6 5.6 -25.221
7 8.4 -19.955
11.4 3.6 -27.465
-5 0.4 -12.392
-3.8 3.2 -1.005
-3.4 0.4 -7.9824
-0.6 -4.4 -11.168
6.6 1.6 -0.1932
-3.8 -5.6 -49.122
3.4 -3.2 11.502
11 8 -43.226
-1.4 2 -0.97764
9 4.8 -7.6093
-4.2 -0.4 -23.62
6.6 4 -19.103
-2.6 0.4 -3.3201
6.2 2.4 1.6226
3.8 7.6 11.176
1.8 6.4 9.7882
-2.6 0.8 -7.996
-6.6 6 32.875
6.6 2 5.7226
-0.2 9.2 26.958
8.6 6.4 -18.213
9.8 8.8 -35.491
0.2 1.6 -2.9686
-4.2 -6.8 -51.123
12.6 7.2 -55.1
6.6 8 -11.207
-2.2 0.8 -12.059
2.6 -5.6 4.2083
-5 5.2 21.311
-2.6 1.2 2.4068
1.4 2.8 4.3934
12.6 8 -66.985
-3.8 8.8 45.749
13 -4.8 58.639
0.6 -3.2 -15.777
7 -4.4 24.45
0.2 5.6 13.221
-6.2 0.8 -16.372
8.6 -0.8 12.68
-3 11.2 66.481
-6.2 -1.2 -28.773
1.4 2.4 0.25001
9.8 -2.4 25.044
-4.2 -7.2 -52.581
3.4 2.8 -0.41248
3.4 -4.4 15.552
-1.4 -5.2 -27.621
5 8 -15.126
9.4 4 -16.425
2.6 -3.2 0.92876
-5 11.2 74.041
1.8 4 4.6195
7.4 10 -22.902
-1.4 -2.8 -20.032
6.6 -7.6 45.292
3.4 2.4 0.069864
6.2 2 -0.46512
-2.2 12 56.663
7.4 6.8 -16.174
-1 10.4 34.85
-3 8 36.496
-0.2 5.2 -3.0992
-0.6 3.2 -0.71316
10.6 8.4 -49.799
9 5.6 -16.612
4.2 0.4 -8.5036
-3.4 -6.4 -41.196
5.4 9.2 -13.88
8.2 -0.4 -1.066
10.6 -1.6 19.103
12.6 -6.8 79.416
-6.6 12 98.886
8.6 -4.8 34.059
11.4 4.8 -32.047
12.2 -2.4 30.757
0.6 -2 -0.35158
5 0 4.3364
11.8 -3.2 37.128
12.2 2.4 -6.1409
2.2 5.6 4.482
4.2 10.8 -7.4026
9.8 10 -53.042
7.4 8.4 -40.936
1.4 -0.4 -8.664
0.6 -7.6 -12.669
3.4 -4.8 8.9171
8.6 -4 24.4
-4.2 5.2 20.383
-0.2 -2.4 -10.628
9 10.4 -44.316
10.2 2 -6.1714
3 9.2 6.0018
4.2 5.2 -2.2921
2.6 10 3.8776
6.2 -3.6 16.805
5.4 6 -4.5372
-3.8 -0.8 -21.213
7.8 8 -26.386
7.8 -2.4 20.057
10.6 0 6.6193
4.6 -2.8 12.586
6.6 0 1.927
-6.6 -1.2 -36.688
12.6 -0.8 9.7025
8.2 -2.8 16.484
1.8 9.2 4.057
6.2 -2.4 19.341
8.6 0.4 10.256
10.6 2.4 -8.4828
9.8 6 -36.168
-2.6 7.2 27.353
-1.4 11.2 41.93
-6.2 1.6 -8.0355
-0.6 11.6 49.596
5.4 -5.2 20.507
-3 -6.4 -38.882
-1.8 1.2 0.37909
3.8 3.2 -2.1552
10.2 1.6 -1.5632
11 -4.4 46.061
7.8 0.4 8.1442
-1.4 -6 -26.343
-6.2 6.4 28.334
2.2 10.4 11.554
9.8 2.8 -8.2842
0.2 7.2 20.514
0.6 -0.4 0.46609
-3 -4.4 -38.279
-6.2 -6.8 -67.266
0.2 -6.8 -6.7111
1.8 3.6 -1.1873
4.6 7.6 -10.285
-1 0 -7.0948
-0.2 -5.2 -16.559
1.8 8.4 14.091
-3.8 4 13.772
6.6 10.4 -25.954
11.8 -2.8 31.389
-5.8 -6.8 -67.936
-6.2 6 37.568
-3 11.6 62.7
10.2 9.2 -43.659
6.2 -7.2 41.454
2.2 -5.2 7.091
-5 -3.2 -31.196
-5.4 -2.4 -35.306
1 -5.6 -11.101
0.6 6.4 10.483
13 -3.2 38.492
5 -0.4 2.1817
11 -1.6 20.302
-6.2 -3.2 -54.184
5 8.4 -6.0564
-4.6 5.6 19.682
-5.4 0 -12.122
4.2 1.2 -0.97532
12.2 4.4 -33.479
-0.6 2 -5.2156
-5.4 2.8 0.72332
11.8 5.2 -30.249
0.2 -0.4 -3.8046
11.8 -4 53.22
-6.6 -2.8 -43.142
5.8 -2.4 12.235
-3.8 1.2 -0.46561
9 6 -28.567
3 0 1.9645
3.4 8 10.015
0.2 2.8 3.7014
2.2 8.8 12.497
-2.6 -3.2 -8.051
0.6 5.6 5.707
-5.8 2.4 2.4814
-3.8 11.6 63.393
13 0.4 -1.9137
-6.6 11.6 88.221
11.8 10.4 -70.006
-0.2 -4.4 -12.762
-2.2 -6 -33.308
6.2 -1.6 3.8016
2.2 -7.6 2.5811
13 1.6 -11.009
-3.8 10.8 53.855
3.4 -6.8 11.509
-5.4 2 -1.8556
-2.6 -2 -33.4
-1.8 8 30.111
-0.6 5.6 13.974
-5.4 -2 -29.736
5 5.6 -1.0572
11.4 -3.6 46.24
11.4 0 14.385
-2.2 -3.6 -23.577
6.6 -4.8 20.845
-0.6 3.6 2.0175
3.4 5.6 5.9292
5.4 1.2 1.4298
-3 -4.8 -29.78
3.4 2 -6.3118
-5.4 8.4 47.944
-6.2 9.2 60.578
11.4 -2 28.829
-1.4 10 33.142
-4.2 4 5.2453
9 1.6 -4.3442
9 3.6 -16.236
4.6 -7.2 28.374
1 6 14.918
5.4 2.4 7.3564
1.4 0.4 8.6453
4.2 -4.8 9.3649
-6.2 2 -6.0175
-0.6 -4.8 -16.38
-1 12 41.213
0.6 10 25.827
6.6 -6.4 26.177
-3 9.2 50.926
-1 -6.4 -19.83
-1.4 4.8 19.396
8.2 10.8 -41.916
5.8 10.4 -13.461
-5.8 -0.8 -30.051
6.6 0.4 -3.5614
10.6 11.6 -60.39
-6.6 -0.4 -27.102
-2.2 6.4 20.584
13 8 -64.991
1 -4 -10.09
-4.6 12 77.322
11.8 10.8 -66.243
5 5.2 -14.091
-5.4 -1.6 -35.581
0.6 0.8 -1.3286
-4.6 10.4 57.326
1.4 -6.8 -1.849
-1 3.6 7.6592
12.6 5.2 -48.304
11.8 1.6 -5.9793
6.2 -4.8 28.517
9 10.8 -61.476
6.6 -2 12.202
12.6 0.8 8.0695
4.2 8 -7.8694
-6.6 0 -14.105
5 0.4 -2.7416
-4.2 1.2 -1.922
7 3.6 -13.58
0.2 0.4 -13.482
9 -1.2 6.6858
-4.6 8 51.515
10.2 -7.2 68.519
12.6 -6.4 60.57
-0.6 7.2 25.236
-5.4 -6.8 -65.165
-2.6 4 11.084
10.2 -4 38.753
-4.2 -7.6 -54.076
6.6 -3.6 22.148
-5.8 4.4 10.935
9.4 12 -58.261
-1.4 -4 -20.986
0.6 -5.2 -11.28
-1 7.6 25.35
11 1.2 -1.5526
-6.6 -1.6 -33.224
11 4 -24.974
4.2 9.6 0.46876
-3.4 -7.2 -54.316
10.2 2.8 -21.177
-4.2 4.8 19.021
11 7.6 -51.419
0.6 6.8 17.201
-4.2 -5.2 -46.82
-5.8 4 12.218
-3 2.8 -0.34444
1 2.4 5.9341
-5.4 -4 -51.401
-1.8 6.4 23.085
-3 5.6 15.487
-3 -3.6 -32.099
11 -5.2 53.513
-2.6 -0.4 -12.792
1 10.8 21.109
12.2 3.6 -28.913
-6.6 4.8 19.686
-4.2 5.6 23.566
12.2 -7.2 78.671
-0.2 6 6.7408
13 -0.4 17.451
12.2 0.8 8.7505
-5.4 -2.8 -39.113
9.4 8.8 -43.265
-5 -4.4 -39.054
11 11.2 -66.009
2.2 -5.6 3.7043
3.8 5.6 -6.8728
4.2 12 -3.2781
4.6 3.6 0.28356
-5 -6.4 -52.782
11 9.2 -44.643
9.8 -3.2 22.463
9 -6.8 52.778
-2.2 2 0.39499
9.8 8 -34.775
10.2 4.8 -21.183
-6.6 8.4 53.996
6.6 11.6 -31.431
1 -3.6 -1.4063
-6.2 8.4 49.849
4.6 6.8 -10.805
10.6 6.8 -44.679
12.2 6.8 -60.182
-6.2 -4.4 -61.737
11 -6.4 54.2
1.8 -7.2 -0.83605
3 4 -1.2961
9.4 6.8 -26.559
12.6 10.4 -76.8
1.4 -6 -5.9861
3.8 8.8 -1.3234
-0.2 9.6 24.049
9.8 -7.2 67.512
0.2 4.8 9.6861
-2.2 -4.8 -24.946
11.4 -0.8 15.286
1.4 -2.4 -6.1319
1 5.6 8.8096
5 -2.4 18.532
-2.2 -5.6 -24.641
0.6 -2.8 -10.774
-1 6.4 26.836
-3 8.4 36.519
-6.6 -7.6 -86.102
-1 -4.4 -25.113
4.6 0.4 -0.91375
4.6 6.4 -5.3049
10.6 -4.8 41.69
6.6 -4 25.378
8.2 4.8 -15.232
5.4 7.2 -7.2073
-1 7.2 16.413
9 8 -36.909
-3 0.8 -5.4262
0.6 -4.4 -16.687
1 2.8 2.2413
3.4 4.8 3.8356
-4.6 -2.4 -33.631
-1.8 2.8 2.9551
11 -0.8 12.281
-6.6 5.2 19.413
9.4 10.8 -43.557
-6.6 8 55.96
4.2 -7.6 22.106
-5.8 3.6 16.161
6.6 -6.8 31.987
13 6.8 -50.209
5 -3.6 14.584
-4.2 10.8 60.07
13 11.6 -91.283
10.2 5.6 -37.885
9.4 -5.2 48.529
6.2 1.2 -3.3604
4.2 -1.6 8.1561
10.2 -5.2 48.802
6.2 8.4 -15.274
7.4 -0.4 15.116
-1.8 10.4 35.462
3 8.4 0.77639
-5.8 9.2 60.86
5.8 12 -7.2545
-3 9.6 43.724
-5.4 8.8 53.868
-1 0.4 6.062
2.6 -6.4 1.3702
-1.4 -4.8 -15.618
7.8 -1.6 15.945
6.6 2.4 0.14145
-0.2 10 31.023
6.2 2.8 -13.216
12.6 -1.6 27.531
-6.6 -6 -70.629
3 -6 5.0232
5 2.8 -6.9779
-5.8 0.4 -21.81
6.2 -7.6 43.661
13 4.8 -32.152
2.2 2.4 2.6038
0.6 11.2 30.314
10.6 12 -63.189
-6.6 -4.8 -65.725
3.4 0 -0.49303
10.6 7.2 -41.153
9.8 -7.6 65.298
-1.4 -0.8 -11.096
12.6 -7.2 69.156
8.2 -4.8 34.508
-2.6 -1.6 -10.067
1.4 -1.2 5.5487
4.2 -7.2 21.689
-2.2 4.8 3.5358
11.8 8.8 -61.026
-0.2 6.8 18.335
-2.2 -2 -11.157
13 0 8.7644
1 7.2 13.026
3.4 11.2 6.4716
-6.2 10.4 81.952
1.4 -4.4 -1.2074
-5 6 24.302
-3.8 4.8 10.713
-2.6 11.2 47.861
-5.8 -2.8 -46.752
0.2 -6.4 -11.855
-5.4 -7.6 -68.501
7.4 7.2 -18.317
10.6 -0.4 7.6028
10.2 -4.4 47.618
2.6 7.2 -1.0197
10.6 4 -21.335
4.6 -6.4 19.569
-2.2 10 47.721
7.4 6 -17.726
3 1.2 5.34
-1.4 1.6 2.3818
-2.2 3.2 3.2799
3 -4 -2.5343
-3.4 -2.4 -21.917
9.8 -1.2 15.819
5.4 12 -14.637
8.2 2.4 3.0305
9.8 7.2 -42.588
1.8 0.8 -6.4081
12.2 -6.8 83.987
5.4 -4.4 21.171
5.8 6.4 -10.545
11.8 4.8 -39.126
3 0.8 2.9414
6.2 -6.8 35.553
-1.4 -6.4 -24.302
3.8 -4 15.06
-5 -1.2 -29.185
-4.2 -2 -28.957
2.2 12 13.083
-3 0.4 -4.8925
-5.4 3.2 6.2794
11.8 7.6 -56.386
11 -4.8 46.567
3.8 3.6 5.9041
-6.2 7.2 34.351
2.2 1.2 2.8985
-3 -5.2 -39.968
3.8 -7.2 6.6601
13 -6.4 83.942
11 -0.4 4.1776
-1 -3.2 -13.606
6.2 -2 10.612
-4.6 -3.6 -44.93
2.2 10.8 14.994
7.4 -7.2 45.102
9.4 -4.4 41.736
12.2 -4.8 65.13
-4.2 -6 -42.969
-0.6 11.2 38.54
-3.8 8.4 44.738
8.2 3.2 -3.4086
9 9.6 -42.83
-2.2 8.4 40.084
1.8 1.2 1.2775
-6.6 2.8 -2.006
10.6 4.4 -26.918
2.6 1.6 -11.616
11.8 -6 69.589
2.2 11.6 14.221
8.2 10.4 -34.706
0.2 -3.2 -13.316
11.4 -7.6 83.809
11.4 5.6 -33.253
7 4.8 -10.663
3.4 4 -13.02
-1.4 10.4 38.456
-0.2 8.8 20.139
3.8 10 -1.0705
5 -2.8 20.057
-2.6 -6.4 -34.205
1 8.4 14.264
-2.6 10.4 46.304
11.4 12 -80.56
13 -2.8 42.111
7.8 -3.2 26.646
2.2 0.4 -3.6644
8.2 -2.4 18.151
-3 2.4 2.491
5.8 -4.8 21.097
6.6 2.8 -7.8954
3 2.8 1.3823
-3.8 2.8 -0.28383
12.2 6 -40.618
3.4 -7.6 4.6098
-6.6 -2 -45.447
10.6 2 -7.8237
-6.6 0.4 -27.335
-2.2 7.6 27.693
4.2 -0.4 4.1649
7.4 1.6 -6.4075
-3 -0.4 -6.65
4.6 5.2 -0.35025
2.6 -1.6 1.7799
5 -1.6 6.0068
4.6 1.2 5.2351
-3 5.2 9.8459
0.6 3.2 -1.6957
13 3.2 -22.17
-3 -2.8 -30.54
4.6 9.2 4.2026
10.6 -2.4 22.489
2.6 8.4 9.0781
0.2 4.4 6.6146
8.6 4.4 -14.828
4.2 -6.8 17.845
9.8 -2 18.832
7.8 11.6 -35.679
7.8 -5.2 37.927
1.8 -7.6 2.5329
13 8.4 -56.821
9.4 6 -19.473
-1 -3.6 -15.384
-1.4 9.6 32.047
3.4 -5.6 6.5528
-5 6.4 33.381
6.6 0.8 2.8717
0.6 -6.8 -8.935
9.8 10.4 -43.635
8.6 -1.6 5.9695
-6.2 -5.2 -62.213
5 4.4 -8.1392
11 7.2 -44.262
1 9.2 22.631
9 4 -19.689
11.4 -6.4 61.244
-2.6 3.2 6.4649
-3.8 -6.4 -51.276
-5.4 0.4 -13.733
-3.4 2.4 0.36529
-5.8 1.6 -9.4772
1.4 0.8 -4.4583
-1 2 -4.8193
-1 10 36.094
10.6 -0.8 10.313
9 -4.4 42.125
3.8 8 4.1389
-5.4 -0.8 -29.544
4.2 -5.6 12.645
-5.8 -3.6 -51.184
-0.2 -5.6 -18.149
9.4 -3.6 29.254
2.2 3.2 3.8247
-5.8 6.8 44.408
6.2 -0.8 10.864
7.4 9.2 -34.913
-2.6 9.6 45.25
4.6 9.6 -15.603
-6.6 9.6 64.673
1.8 2 -5.5921
11.8 2.8 -8.5317
0.6 8.8 25.617
3.8 6.8 -6.1424
1.4 5.6 12.623
3 -5.2 3.987
3.4 -1.2 0.7704
0.6 9.2 18.652
-5.8 -5.2 -58.944
-4.2 9.2 58.582
12.2 12 -89.282
7 11.2 -25.155
-6.2 11.6 86.207
4.6 -1.6 2.4151
-2.6 6.8 21.493
7 4 -4.1545
1.4 -2.8 0.084276
-6.6 2 -11.01
11.4 -4.4 46.225
7.8 -7.2 50.058
-4.2 0.4 -12.575
7.4 -6 44.961
4.6 5.6 4.2998
7 4.4 -10.342
-5.4 1.6 -5.5408
-0.2 5.6 7.7607
-4.6 8.8 42.773
1.4 9.2 19.531
4.2 2 -1.8822
8.6 5.2 -21.3
7 2.4 3.5127
2.2 -1.6 0.4686
-1.8 -5.2 -29.56
2.6 -1.2 8.8996
-5 0 -12.935
5.4 -4.8 21.412
8.6 11.6 -45.31
13 9.6 -79.715
8.6 -5.2 33.869
-3.8 -0.4 -11.978
6.2 6.8 -19.015
4.6 -2.4 5.3068
3.4 10.4 -0.80713
5.8 1.6 1.2966
-4.6 1.6 -1.1531
13 -5.6 68.332
3.8 4.4 5.1157
9.8 6.4 -34.832
6.6 5.6 -11.319
-3.8 9.2 44.733
5.4 -2.8 8.4739
8.6 -3.2 31.577
-5 2.4 3.0646
10.2 11.2 -54.79
-5.4 4.8 26.778
7.4 5.6 -15.272
0.2 10.8 26.634
-3.4 -4 -40.43
-2.6 -5.6 -38.043
7.8 1.2 4.0051
-5.4 11.2 76.124
-3 -5.6 -45.21
7 7.6 -13.216
-3.4 11.6 62.57
10.2 -6.8 66.806
7.8 12 -45.06
12.2 1.6 5.5125
9 -4 26.8
2.2 6 -6.9263
4.6 -5.2 9.5905
-5 9.6 53.555
-5.4 5.2 24.211
3 -2.8 9.9166
1 4 4.4445
-4.6 -0.8 -20.806
5 1.2 -1.7194
-3.4 -4.8 -36.702
-2.2 3.6 0.90494
-5 -4 -39.828
7 11.6 -34.237
10.6 5.6 -31.877
2.6 4.8 -3.9703
5.8 -3.2 24.261
-3 3.2 10.707
-4.2 2 4.0063
2.2 -2 6.5962
12.6 -2.4 27.154
11 0 15.886
2.2 2 -0.20237
8.2 8.8 -35.18
10.6 10.8 -62.592
9.4 -4.8 39.831
0.2 3.2 2.3962
-1.4 5.2 17.652
-3.8 -5.2 -49.173
7 2.8 -11.972
8.6 0.8 -0.22618
-0.6 9.6 30.612
8.6 2.8 -12.206
3.4 -0.8 4.0476
-3.8 10 42.118
-1.4 0 -6.9785
7.4 -4 20.722
-1.8 0.8 -9.4249
-6.6 4.4 12.787
5.4 -1.6 10.027
11 10 -55.382
6.2 6.4 -8.3962
-5.8 12 87.343
5.4 10.8 -11.83
-6.6 -5.6 -68.046
-2.2 -4 -25.772
1.8 -4.8 3.9846
11.4 -1.2 25.477
0.6 1.6 -1.8422
-5 -0.4 -19.782
13 -7.6 90.166
10.6 9.6 -55.242
-3.4 11.2 58.345
-1.8 12 51.689
6.2 12 -19.573
5.4 4 -6.3623
-1.8 3.2 7.8512
11.4 3.2 -26.152
3.8 -0.8 -1.5007
-5.8 3.2 11.608
11.8 -2.4 27.59
11 10.8 -71.988
3.4 9.6 3.4475
7.8 -4 14.832
6.2 3.2 -2.9644
2.6 -4 6.1008
10.2 8.8 -55.202
5.8 -2 3.5231
10.2 -1.2 16.995
-5.8 10.4 74.916
8.6 -5.6 44.703
-3.8 -2 -24.536
9.8 9.2 -43.137
10.6 1.2 -8.8295
1.4 4.8 -4.7688
5.4 -7.6 44.165
-6.6 8.8 59.279
9.8 -4.4 48.317
-1 5.6 24.707
-5 -1.6 -25.748
9 7.2 -31.362
7.8 -6.8 55.331
10.6 -5.6 45.644
9.8 3.2 -14.132
7.4 -2.4 25.713
7.4 -6.8 45.472
11.8 9.2 -61.417
-5.8 2.8 -4.0194
1 11.2 24.201
4.2 -1.2 -1.6024
10.6 9.2 -61.636
5.8 -2.8 7.4935
12.2 7.6 -51.383
11.8 6 -54.154
3.4 3.2 2.9044
-5.4 -3.6 -44.983
-6.2 5.6 27.01
-6.6 4 16.285
2.6 -3.6 -7.3669
0.6 2 -5.0212
10.2 3.6 -16.557
7 -2 16.229
-5.8 -6.4 -66.11
11 -6.8 60.771
10.6 0.4 5.5138
-6.2 -2.8 -47.308
9.8 0.8 0.88596
10.2 8.4 -46.992
6.2 0 1.1424
-0.6 -7.6 -16.612
9.4 -2.4 25.782
1.4 -3.6 -10.224
-3.8 -2.4 -21.423
-0.6 -7.2 -24.216
3 3.2 -2.9615
5 -6 16.107
-2.2 -1.2 -10.28
7.4 1.2 0.70971
-2.2 1.2 -4.4561
2.6 -0.4 1.9136
-6.2 8 45.743
-2.6 12 54.558
-5 7.6 41.45
-5 7.2 38.88
3.8 6.4 -1.3812
9 1.2 4.1812
1.8 7.2 5.9631
1 -6 -9.3144
5 -5.6 18.45
-3.4 3.6 -4.5256
1.4 -5.2 -1.6254
-5.4 1.2 -8.048
13 9.2 -73.738
4.2 2.8 2.7508
1.8 5.6 17.104
-2.2 -0.8 -12.743
12.2 2.8 -9.1985
-1.8 1.6 -4.5618
-4.6 -6.4 -48.395
-2.6 8 33.587
1.4 -7.6 0.11166
-3.4 6 22.981
-5.8 11.2 79.136
1 -0.8 1.176
-1 2.4 5.4292
0.6 10.4 22.647
0.6 -3.6 -13.265
8.2 3.6 -12.853
0.6 -2.4 -8.8677
1.8 10.8 20.811
10.6 -4 31.343
5.4 10.4 -17.669
-6.6 10 69.294
9.8 -4 36.485
-0.2 -4.8 -8.2796
-5.8 -5.6 -57.068
5.8 5.6 -7.9138
7.4 -4.4 20.312
-3.8 -4 -31.721
6.6 -2.8 20.846
0.2 11.6 35.538
11.8 1.2 -5.5174
-0.6 -6.4 -26.364
-0.6 8.4 16.2
3.8 6 3.7204
7 10.4 -30.935
11.8 -5.6 61.443
-6.2 2.4 -0.13807
11 4.8 -28.843
3 -6.8 2.8262
3.8 9.2 -2.8729
5.8 2.8 0.68623
11.4 -7.2 79.753
-4.2 6.8 33.609
-0.2 -2 -9.9771
-4.2 7.2 39.907
-3.8 3.6 10.812
7 -4.8 31.44
12.6 -3.2 36.518
8.2 5.6 -21.573
-6.6 9.2 68.824
5.8 8 -13.851
3 9.6 8.8057
5.4 11.6 -15.32
-1.4 -7.2 -29.68
0.2 -7.6 -9.4014
2.2 9.2 13.573
7.8 5.2 -25.107
11.4 5.2 -30.872
9.8 4.4 -21.931
10.2 7.6 -41.293
4.2 6.8 -2.3378
9 9.2 -44.117
-4.2 -2.8 -25.892
7.8 7.6 -31.366
1.4 10.8 25.03
3.8 -2.4 2.7945
8.6 8.4 -34.37
-1.8 -5.6 -28.618
7 6.4 -9.2003
7.8 11.2 -33.309
11 -3.6 40.771
8.6 2.4 -3.8264
7 9.2 -17.059
8.6 -2.8 20.224
2.6 1.2 -1.5877
-6.6 7.2 43.36
-1 8.8 40.504
-6.6 -5.2 -69.988
-5 -0.8 -20.841
4.2 7.6 -6.9128
4.6 11.2 0.22282
1 12 30.052
8.2 0.4 -2.1747
4.6 1.6 6.315
-6.2 12 96.305
-0.6 1.6 -4.5744
6.2 0.8 0.33892
3.4 -2 7.7815
4.2 6 -4.0936
4.6 -4.4 14.795
5 -4.4 22.401
0.2 8.4 15.44
7.8 9.2 -32.491
2.6 2 4.6427
-5 -6.8 -61.699
3.4 -5.2 9.3027
11.8 0.8 0.47412
-3.4 6.4 22.92
3.8 2 5.4733
-1 6 16.998
7 -7.2 41.575
3.8 11.6 -5.6274
-2.6 6 20.748
3.8 0.4 -2.7439
1 4.4 9.5937
-3 -6 -40.511
9.4 -1.6 17.216
12.2 -4 47.849
9.4 -4 28.178
9.8 4 -14.802
7.8 -6 38.886
-1.4 -2 -17.471
6.6 11.2 -23.688
-3.8 -1.2 -21.198
9.8 10.8 -56.297
8.2 -3.6 25.588
8.6 10.4 -47.916
-6.6 3.6 7.5571
2.2 -4 2.8983
11.4 2 -10.825
9.4 8.4 -39.346
-5.4 10 66.505
-2.2 8 31.678
9.4 7.6 -34.823
7.8 -7.6 48.495
-3.4 8.8 44.236
-5.4 7.2 36.072
11 -7.6 79.317
-6.2 -0.4 -24.351
7.4 3.6 -4.0848
-2.2 10.8 49.069
-2.2 1.6 -2.1111
-2.2 4 12.178
-2.6 -6 -31.177
-3.4 -0.8 -19.911
11 3.2 -14.056
6.2 7.6 -12.79
3.4 -6.4 12.843
1.8 -3.2 1.4794
7.4 6.4 -26.541
-2.2 6.8 21.986
10.6 -3.6 38.785
2.6 -7.2 3.1242
3 -0.8 -1.9005
-0.6 -5.6 -18.104
9.4 6.4 -31.976
13 2 -8.7048
-1.8 5.6 23.018
10.6 -6.4 68.189
-1.8 2.4 -0.3438
7 -3.6 31.249
9 -4.8 37.164
1.4 11.6 30.361
9.4 11.2 -45.075
5.4 11.2 -10.935
3.8 -0.4 6.4327
-1.4 3.6 0.77828
7.4 2 2.5355
7 6 -11.2
6.2 1.6 4.0298
-1 -1.2 -19.402
4.6 -2 0.79251
3.8 1.2 1.2399
-5.4 -4.4 -45.76
8.6 8.8 -35.568
11 3.6 -21.714
4.2 -3.6 11.7
9.4 2 -7.2132
-5 3.2 -1.2264
3.8 -3.6 12.795
12.6 7.6 -59.15
-6.6 11.2 84.826
9.8 5.6 -14.981
4.2 6.4 7.3457
-6.6 -2.4 -47.838
-6.2 -2 -44.652
11 -2 26.09
11 5.6 -29.539
1.4 9.6 13.714
9 11.6 -46.811
12.2 9.6 -65.193
-6.2 -2.4 -47.005
-4.2 -1.6 -28.285
7.4 -7.6 44.458
6.2 11.2 -26.579
-1 9.2 28.668
-1.4 2.8 0.48847
8.2 -3.2 32.133
7.4 8.8 -24.079
-1 -1.6 -3.6313
-6.2 7.6 49.269
8.6 11.2 -54.213
11.8 11.6 -80.842
-4.6 -7.2 -51.687
1.4 -5.6 -9.6469
11.4 6 -40.159
8.2 8 -26.219
9 4.4 -14.816
3 -4.4 9.3429
5 8.8 -1.8093
11.4 2.4 -1.3197
-3 0 -20.365
-1 -2.4 -13.039
13 10.4 -71.964
-1.4 -4.4 -24.473
3 8.8 6.0342
-2.2 -3.2 -25.546
4.6 -1.2 3.5643
3.8 -5.2 9.1581
-1 -6 -23.371
4.2 1.6 -3.5612
-5 -2.8 -32.622
11.4 2.8 -11.141
-3.4 10.4 49.294
7.4 7.6 -23.111
-4.6 6.4 29.58
-4.6 -2 -27.588
8.6 6.8 -30.486
10.6 -1.2 5.7437
3 0.4 6.1947
0.6 -5.6 -4.3578
-3 10.4 56.79
-0.6 1.2 -0.96923
-3.4 0 -17.208
-0.2 -6 -15.221
-3.8 2.4 -7.3439
-2.2 4.4 6.0701
5 -4 17.635
3.8 2.8 -0.85064
1 7.6 9.9103
11.8 -1.2 22.867
8.6 -3.6 32.944
2.6 -2.4 -6.2754
9.4 4.4 -17.176
-1.4 8 28.04
6.6 6.8 -8.0459
2.2 6.8 2.5272
-4.6 7.2 30.797
1.8 6.8 -2.9304
3.8 10.4 -3.6855
-4.2 11.6 68.521
-2.2 -4.4 -20.227
5.4 -6 20.425
-3.8 -2.8 -30.298
-3.8 5.6 22.076
5.4 3.6 -3.4129
9.8 -0.4 4.5
12.2 6.4 -56.787
13 2.8 -18.585
-0.6 4.4 15.063
-3.4 5.2 19.347
8.2 9.6 -34.559
2.6 2.8 2.3987
2.2 -2.4 -7.8208
-4.6 8.4 48.087
-2.2 -2.8 -23.194
7.4 11.2 -39.966
8.6 0 9.2207
11 2.4 -23.983
-2.6 -2.4 -18.349
-0.2 2 2.4411
-0.2 0 -8.7608
-3.4 9.2 44.325
1 -4.4 0.88442
6.2 6 -12.213
5.8 9.2 -14.269
-5.8 -4.4 -47.655
1 10 18.844
7.4 -1.6 5.7889
-1 -4.8 -12.237
-0.6 7.6 26.451
-2.6 2.4 1.6319
7.8 9.6 -32.886
9 -6.4 56.783
5 -7.6 25.477
5 11.2 -10.681
1 0.4 0.092857
-3.8 -6.8 -44.756
12.6 -3.6 47.339
3 5.2 5.7815
5 10 0.35877
-0.6 2.4 1.8565
5.8 7.6 -6.8783
11.4 7.2 -48.478
3.4 11.6 11.235
-6.6 1.2 -4.9758
8.2 6.8 -26.006
3.4 1.2 1.2546
-3.4 1.6 -7.5889
-5.4 -5.6 -53.27
12.6 4.4 -36.979
-2.6 5.6 13.02
5.4 8 -12.969
8.6 -7.6 50.37
-2.2 0.4 -18.109
9.8 11.6 -60.698
-2.2 5.6 13.462
12.6 6.4 -45.8
7.4 2.8 -7.1579
-3.4 4.8 18.329
4.6 8.4 -11.7
-6.2 5.2 31.291
12.6 6 -49.002
10.2 0.4 -3.914
0.6 11.6 37.37
7.8 10 -39.179
8.6 4.8 -14.003
12.2 5.2 -34.384
1.4 6.4 9.0728
2.2 -6.4 5.5158
-2.6 -7.2 -42.324
-0.6 8 16.071
10.6 5.2 -26.359
-3 -2.4 -22.653
11.4 -5.2 48.421
6.6 -1.2 14.391
-6.2 10.8 81.089
-6.2 -1.6 -34.317
-1.8 -4 -23.18
1.4 7.2 6.9436
-4.2 3.6 7.068
-5.8 9.6 61.374
9.4 10.4 -44.319
5 -3.2 13.17
-6.2 11.2 71.788
-4.6 -4.8 -43.845
8.6 -6 50.7
12.6 3.2 -16.119
-3.8 6 30.157
10.2 -3.6 29.441
-0.2 10.8 31.744
7 1.2 -4.67
1.8 -6.4 -4.7466
6.2 -4.4 19.55
3 7.6 -2.0809
9.4 -2.8 25.787
10.6 -7.2 76.922
4.2 -2.8 8.6705
9 8.4 -27.5
3 11.2 5.1306
1.4 6 13.478
2.6 12 11.082
-3.4 -3.2 -32.857
5.8 4.8 -10.705
-6.2 1.2 -18.647
0.2 -5.6 -13.168
12.2 0 8.1551
1.8 -0.4 -8.8824
6.2 8 -13.784
0.6 -4.8 -13.139
7.8 -1.2 24.114
-0.2 0.8 -5.659
0.2 7.6 17.671
-6.2 -3.6 -42.711
0.2 -5.2 -11.819
5.8 3.2 -6.8833
-5.8 7.2 43.969
-4.6 2.8 7.0307
-2.6 4.8 21.73
6.6 4.8 -6.4939
9.4 -0.4 12.8
3.8 5.2 4.9612
5 2.4 -2.003
1.8 -2.8 -1.5452
13 1.2 -5.2963
5 11.6 -0.50529
11.8 8 -50.315
7.4 4.4 -5.718
-5 -2.4 -27.739
8.2 4.4 -12.086
9 -7.2 53.987
11.8 -6.4 69.134
-6.6 -3.2 -47.025
9 0.4 7.3268
11 5.2 -32.035
-3 10.8 60.215
2.2 9.6 9.4408
2.6 11.2 13.136
12.2 -2 29.563
1 11.6 23.271
12.6 1.2 -2.0135
5.8 -4 23.281
-2.6 0 -9.6236
-3 12 71.189
-3.4 -2.8 -29.908
0.2 5.2 7.6767
-4.6 4.8 21.875
-0.6 4.8 11.46
12.6 9.6 -74.014
4.2 -3.2 14.488
10.6 4.8 -29.475
5.8 -1.2 10.902
9.8 -6 44.54
9 -3.6 38.599
7.4 -2 15.283
-6.2 4 12.471
5.8 -4.4 27.439
2.6 10.4 8.0003
-4.6 11.6 72.054
0.2 12 42.104
3.4 5.2 1.8717
-1.8 7.2 25.921
9.8 9.6 -47.356
-0.2 8 21.634
-1.8 -4.4 -18.088
-0.6 -4 -19.035
4.6 2.8 2.6587
3.8 -5.6 13.351
-5 8 43.01
6.6 -0.4 4.2539
7.4 -6.4 45.859
9.4 1.2 -5.6666
5 6.8 -15.113
-1.8 -3.6 -28.403
-5.8 -7.6 -66.028
-3.4 4.4 17.795
1.8 3.2 3.8011
1 10.4 27.379
8.2 -7.2 60.875
-1.4 6 23.502
-3.8 1.6 -11.26
3.4 -6 12.246
3.4 6.4 4.0247
-6.6 -6.8 -80.256
1 1.2 -4.2138
11.4 9.6 -60.562
-5.8 6.4 34.176
-4.6 -5.2 -52.744
9.8 11.2 -54.798
-5 11.6 78.732
8.2 7.6 -31.313
1.4 10 17.649
5.4 7.6 -15.971
-4.2 -3.6 -32.981
2.6 -2.8 2.848
4.6 -3.2 7.0793
7 0.4 9.9806
-5.4 10.8 72.489
3.4 7.2 -3.7582
-1.8 -6.4 -35.239
11 6.8 -41.363
6.2 -6 16.838
-4.6 2.4 -1.0258
2.2 7.6 8.4571
0.2 11.2 31.815
-0.6 12 43.357
7.8 0 7.0557
-0.6 -3.2 -13.288
3.8 10.8 2.5608
9 -5.6 45.355
-5.4 9.2 53.823
9 3.2 -9.764
5.4 -6.4 17.629
-4.2 9.6 57.966
9 -2.4 12.484
8.6 -2.4 19.298
-5 -7.2 -65.239
11 11.6 -74.474
-5.8 7.6 45.433
-6.6 10.8 74.546
6.2 10 -22.281
12.2 10.8 -75.953
11.8 3.6 -17.966
7.4 5.2 -18.407
-2.6 6.4 25.331
-0.6 6.8 6.8464
-2.2 -0.4 -13.899
8.6 -1.2 7.2663
-5.4 -6.4 -61.395
5.8 -7.2 36.694
0.2 6.8 19.198
10.2 2.4 -14.256
2.6 0 6.5896
-3.4 4 9.1972
4.6 -4.8 12.388
11 -2.4 33.849
7.8 -0.8 10.009
11.8 7.2 -51.037
1.8 -2 -14.072
2.6 4.4 -6.2498
10.2 1.2 -14.464
4.6 2.4 -0.67118
3.8 12 -1.9526
6.2 -6.4 27.052
5.8 5.2 -5.9982
5.4 8.4 -10.866
-5.4 4 18.183
-1.8 0.4 -9.8524
13 2.4 -21.719
1.8 10 14.169
5 9.6 -5.7094
9.8 -5.2 45.932
-2.6 5.2 18.078
12.2 -1.6 39.32
-0.2 -0.4 -0.58449
11.4 -2.4 43.202
3 -3.2 6.1569
1.8 12 14.109
7 -4 24.737
1.8 -3.6 -5.7913
0.2 -1.2 -8.9497
7 9.6 -19.987
11.4 -6 59.345
11.4 11.6 -73.984
13 -3.6 35.517
5.4 0.8 2.6259
1.4 -4 -1.7115
-0.2 7.6 12.859
-0.6 -6.8 -19.707
4.6 10.8 -13.813
8.6 10 -43.955
9.4 10 -42.877
-3.8 -7.6 -47.177
4.6 -6.8 22.012
-3 4.8 1.7998
12.6 8.8 -63.812
9.8 -1.6 21.794
-3.4 -5.2 -40.54
-0.6 9.2 26.862
4.6 -3.6 9.3107
1 -1.6 -2.7926
12.6 1.6 -10.765
0.2 -4.8 -14.376
-0.6 0.8 -1.7661
12.2 -5.6 51.398
11.8 -0.8 16.751
1.4 12 28.624
-1.4 1.2 1.405
-5 8.8 53.313
11.8 3.2 -14.077
10.2 10.8 -57.884
7.8 6.4 -23.519
0.2 -2 -7.9111
10.2 -0.4 10.983
10.6 -5.2 46.915
10.6 10.4 -58.205
5.4 2.8 -4.9056
2.6 -0.8 -5.2015
-4.6 0.4 -14.26
7.8 8.8 -26.897
-2.6 3.6 -0.87238
3.4 4.4 5.0509
9.4 -3.2 28.379
4.6 11.6 -10.929
1.8 10.4 8.4729
12.6 10 -80.94
2.6 8 2.7112
9 0.8 5.0515
-2.6 -4 -37.384
11.8 4.4 -25.202
-6.6 0.8 -16.435
12.2 -0.8 12.612
3.4 3.6 2.3838
9.4 9.2 -47.627
4.2 2.4 -5.7046
7.8 6 -16.745
4.2 7.2 -3.7838
7 12 -26.143
-5 5.6 29.176
0.2 -3.6 -4.335
-5.8 -7.2 -70.163
12.2 -5.2 59.559
6.2 9.6 -19.479
-0.2 -7.6 -21.003
9 0 9.6434
10.6 2.8 -14.4
5 7.6 -4.7604
-0.2 -7.2 -17.079
-1 0.8 -2.2475
5 -6.8 25.878
-3.4 -0.4 -13.701
-5 1.6 6.6026
5.8 10.8 -21.697
9.8 -2.8 27.566
0.2 6 7.9526
13 5.6 -34.46
-3.4 9.6 50.992
6.2 -3.2 20.635
3.8 9.6 -2.3659
5.8 9.6 -7.557
13 3.6 -36.41
0.6 -6 -9.813
11.4 1.6 -6.9927
1.4 1.2 1.4657
-3.4 6.8 29.829
1.4 4 9.915
0.6 5.2 4.957
9 10 -43.228
12.2 1.2 3.7943
-5.4 12 91.254
5.8 -3.6 21.872
-3 8.8 44.342
12.6 11.6 -86.481
-5.4 -0.4 -30.004
-3.4 8.4 43.039
10.2 -5.6 53.489
10.2 -4.8 44.342
-2.2 -7.6 -40.694
1.8 4.4 8.3123
1.4 8.4 14.86
4.2 -4.4 15.572
-1.8 -0.8 -17.742
8.6 -7.2 58.404
7.4 8 -20.051
-4.6 5.2 26.052
1 1.6 6.4197
-3 6 19.175
2.2 -0.4 -4.3408
13 -7.2 87.85
-1.4 -2.4 -8.1375
12.6 9.2 -64.1
1.4 3.2 -1.16
-3 -1.6 -22.333
1.8 -6 -0.78616
8.2 0 -3.902
7.4 11.6 -31.376
5.8 -6 25.809
11 0.4 4.3222
-3 -0.8 -16.654
-1.8 6 23.665
2.2 6.4 3.0776
-3.8 8 39.411
-4.6 6.8 39.218
-1 4.4 8.4544
11.4 -4.8 54.694
2.6 9.6 12.724
11.4 4.4 -30.34
-3.8 9.6 53.151
12.6 -4 48.269
2.6 6.8 10.825
4.2 -6 11.013
-6.2 -6.4 -66.691
9.8 -0.8 10.889
-2.6 -0.8 -5.905
-3.8 7.2 26.699
5.4 2 -3.9826
-1.8 -6 -22.691
5.8 -0.8 17.381
7.8 4 -11.548
-1.4 -0.4 -9.7711
-3.4 -7.6 -43.076
12.6 5.6 -41.836
12.2 9.2 -59.415
3.8 -4.4 4.0825
6.6 3.6 -14.761
5.8 -0.4 9.9544
-3.4 -6 -43.734
0.2 -0.8 -9.3866
11.4 9.2 -54.254
8.6 1.2 5.4274
4.6 12 -12.918
2.2 -4.4 -1.1197
-3.8 0.8 -7.3438
8.6 -0.4 13.082
2.2 -7.2 8.1913
4.6 6 -12.179
-1 9.6 28.662
-5 -6 -53.946
10.6 10 -54.424
11.4 11.2 -74.529
5.4 -7.2 31.971
3.4 -3.6 11.105
-4.6 -5.6 -48.681
9.8 3.6 -16.801
13 10.8 -95.271
5 12 -3.5849
11.8 -4.8 54.841
11.4 10.8 -62.903
12.6 0 4.1819
5.4 -3.6 6.4309
0.6 -7.2 -16.897
3.8 -6 16
-6.6 1.6 -8.7931
2.2 1.6 12.069
-5.4 11.6 84.347
7 -0.4 15.149
6.6 10 -21.013
-6.2 4.8 13.856
5.8 1.2 -0.48234
11.8 -7.6 74.696
10.2 10.4 -49.787
7.8 -5.6 33.601
12.2 -4.4 53.267
6.6 -6 29.295
2.2 -0.8 -0.24008
12.6 6.8 -54.257
-5.8 -4.8 -53.475
11.4 8.4 -59.366
-1.8 2 -2.5456
-6.6 2.4 6.7823
3.4 8.8 5.5656
-5.8 -6 -66.476
11.8 9.6 -66.558
7.8 4.8 -19.467
7 -1.2 1.8189
1.8 -4.4 -2.3813
-4.2 -3.2 -28.496
-5 4 9.4459
5.4 -0.8 9.818
11 -4 37.51
8.6 -6.8 45.386
5 -0.8 5.1107
8.2 -1.2 4.9698
9.4 0.4 -6.937
1.4 4.4 6.2773
-4.6 -7.6 -64.117
3 2 6.811
13 -1.6 28.399
10.6 8.8 -55.865
-1.4 2.4 0.49152
-5.4 2.4 5.6332
12.2 10.4 -82.414
6.6 5.2 -9.4627
-3.8 0 -14.496
10.6 -2.8 24.403
2.2 -3.6 -3.0378
12.2 -7.6 85.627
3 4.8 12.673
-1 1.6 7.2421
-4.6 10 63.403
7 7.2 -16.756
3 -1.6 0.27306
12.2 10 -73.4
12.6 -5.6 61.163
5 0.8 3.4438
-3 7.6 31.673
7.4 10.8 -20.949
2.2 10 14.722
-0.2 10.4 22.963
8.2 -6 41.611
-1.8 7.6 25.708
5.8 6 -8.6871
-3.4 12 73.535
-5.4 5.6 29.327
-1.8 -3.2 -26.59
-3 6.4 26.023
5.4 -5.6 21.611
-4.2 0.8 -12.558
12.6 3.6 -12.742
2.2 3.6 10.915
-0.2 -6.8 -16.361
-1 -2.8 -9.9029
1.8 -6.8 8.2771
8.6 8 -39.584
6.6 9.6 -22.159
-5 0.8 -17.397
9.4 9.6 -51.358
9 8.8 -49.038
9.8 -5.6 54.39
5.4 3.2 -7.9067
7.8 0.8 -2.278
7 -7.6 45.33
5.8 -5.6 26.478
-1 -0.4 -7.5953
13 -0.8 13.902
-4.6 1.2 -11.438
8.2 1.2 1.2465
1 -2.4 -14.869
-4.2 1.6 -4.6168
-0.6 10.4 33.462
9 2.4 -12.607
8.2 2.8 -6.7093
1.4 11.2 24.834
3 -0.4 4.3495
4.2 4.4 5.3476
-2.2 7.2 28.252
-6.6 7.6 46.648
-4.2 2.4 2.8247
1.4 6.8 13.238
1 6.8 10.124
7 -6.8 48.298
-6.2 0.4 -25.693
1.8 -2.4 -5.0155
3.8 -7.6 20.686
2.6 -6.8 -5.6685
-1 -0.8 -10.226
5.4 4.4 -2.1843
0.2 -1.6 -6.8397
1 -7.2 -5.905
7 10.8 -24.027
3 -2 1.8353
11.4 8.8 -55.952
3 7.2 1.4514
9 2.8 -2.0242
-3 4 7.1576
5.4 -2 11.989
-5 -3.6 -47.471
1 -4.8 -10.226
3.8 -3.2 3.2487
-3.4 3.2 -3.8397
-6.2 2.8 17.052
3.8 -1.2 9.5424
-0.6 -0.4 -4.8985
-1 -6.8 -29.915
6.2 10.8 -15.391
10.2 -7.6 60.56
-5.8 -2.4 -43.306
2.2 4 13.248
12.2 4.8 -31.154
4.2 4 2.9311
-2.6 -1.2 -16.781
3.4 -2.8 -6.1809
1 0.8 -8.4836
3.4 7.6 4.4794
7.4 -2.8 21.751
11.8 10 -69.44
5.8 0.4 3.3685
5.4 8.8 -20.804
2.2 7.2 5.5273
0.2 6.4 4.9861
2.6 4 5.4159
8.2 0.8 -2.4407
3.4 10 1.0058
-5.4 9.6 59.882
11.8 -1.6 24.525
-1.4 7.6 23.531
8.2 11.2 -48.525
-2.6 2 0.12233
3.4 0.8 5.7846
-5.4 -6 -61.048
-1.8 -2 -16.178
9.4 2.8 -6.7657
1.4 -0.8 -2.7322
8.6 3.6 -14.584
2.6 0.4 -3.3918
11.4 -0.4 5.9694
1 -2 -1.2228
0.6 0.4 -5.7689
2.2 -4.8 -3.4968
4.6 8.8 -7.8478
8.2 10 -37.492
-1 1.2 -2.783
-5 10 63.993
-1 2.8 5.3969
7.4 -4.8 37.623
-2.2 6 20.218
-4.2 -4 -42.241
7.8 3.2 -18.311
9.4 -1.2 17.968
0.2 -7.2 -22.21
-1.4 5.6 20.429
10.6 8 -52.34
-3 1.6 -3.0928
7.8 -0.4 16.937
5 10.4 -8.359
-0.6 6.4 17.338
6.6 12 -26.861
-1.8 10 44.001
11.8 -7.2 67.849
8.2 12 -43.149
-2.2 11.2 42.936
-3 -1.2 -7.9858
3 -5.6 14.871
-4.6 -0.4 -18.299
-4.2 10.4 56.861
-3 -7.2 -38.718
-4.2 0 -15.52
6.6 3.2 -10.784
7.8 10.4 -35.773
4.6 -4 1.2351
-6.6 6.8 39.584
-4.2 8 42.532
-2.6 -3.6 -27.544
11.8 4 -14.215
9 -0.4 12.31
-6.2 8.8 56.357
5 -4.8 14.949
11 2.8 -14.927
-2.2 2.8 -4.3818
1 3.2 1.8801
10.6 1.6 -10.719
6.2 9.2 -17.499
8.6 4 -18.943
6.6 -1.6 22.194
-5 1.2 -10.924
0.6 4 0.92655
-2.2 -1.6 -17.644
7.4 -3.6 25.908
1.4 7.6 12.844
-5.4 6 36.373
12.6 -0.4 15.123
3 2.4 0.27142
-2.2 10.4 46.452
-3.8 2 -12.847
8.2 6.4 -24.076
2.6 -2 4.2989
-3.8 6.8 33.28
6.2 7.2 -14.569
0.2 -4.4 -10.58
10.2 -0.8 19.479
-1.8 5.2 13.095
-5 4.4 16.133
-1.8 -4.8 -18.699
9.4 -6.8 53.254
-4.2 -4.8 -41.385
-1.4 -5.6 -16.761
2.2 0.8 6.3205
12.6 8.4 -62.781
-5.8 -1.6 -30.612
7.4 12 -29.549
11.4 10.4 -70.792
11 8.8 -53.451
12.2 2 -15.423
8.6 12 -42.819
-1 -7.6 -24.647
-6.2 9.6 71.462
12.6 -5.2 66.988
6.2 11.6 -28.346
-5 -4.8 -45.302
13 -6.8 76.616
7 8.8 -21.199
12.2 8 -61.641
-1.8 -7.6 -33.466
3.4 6 0.35842
-6.2 3.6 11.643
6.6 8.4 -27.378
4.6 7.2 8.2361
0.6 4.8 3.8206
-1 -5.6 -27.778
0.2 10.4 29.42
4.2 11.2 -3.9232
-5.4 10.4 80.3
13 7.6 -62.791
-3.8 6.4 15.117
6.6 4.4 -9.1797
1.8 8 4.9197
8.2 2 -7.0777
10.2 -6 61.954
5.8 11.2 -16.606
4.2 -2 10.919
-1.8 9.2 30.29
12.2 8.4 -67.942
-3.8 4.4 11.875
6.6 6.4 -20.591
9 -2 23.205
7.4 4 -11.363
-1.4 8.8 33.43
-3.8 5.2 11.099
-0.6 8.8 25.419
-3.8 -7.2 -47.804
-4.6 -6 -52.748
2.2 8.4 2.1172
-1.8 -2.8 -25.062
4.2 10.4 -5.0802
2.6 6.4 -7.2218
-3.8 -1.6 -27.968
1.8 5.2 2.8968
-5 2 -11.776
0.6 7.6 18.682
7.4 4.8 -13.414
3.8 2.4 3.1826
-5.4 -5.2 -61.644
7.4 0.8 -3.8072
11.4 -3.2 37.689
-4.6 -1.6 -25.879
11.4 7.6 -50.552
7.4 -0.8 -6.8317
-4.6 2 -1.6688
7 8 -23.988
9.4 5.2 -23.786
10.6 7.6 -34.434
-5 10.8 76.825
13 -4.4 60.946
1.4 -4.8 -3.9968
-3 -6.8 -42.184
11.8 -4.4 50.735
-5.8 10 78.48
-4.6 9.2 51.415
9.4 -7.2 62.819
-5.4 6.8 44.74
13 10 -81.077
6.6 7.6 -21.628
8.2 -4 36.58
-1.4 -1.2 -7.3319
9.8 0.4 4.3379
9.4 -6.4 51.523
-1.8 -2.4 -14.161
1.8 4.8 -1.9309
4.6 -0.4 2.5413
9.4 -0.8 12.757
5.8 -6.8 31.082
6.6 -5.6 33.217
5.8 6.8 -15.742
3 -7.2 15.045
11.8 -5.2 48.013
4.6 0.8 -4.5078
-2.6 -7.6 -42.44
-3.4 2.8 6.8391
-5 10.4 73.168
-2.6 -4.4 -29.13
4.2 5.6 -5.6256
7.8 -6.4 45.329
-4.2 -5.6 -39.712
-3.4 8 35.091
10.2 -6.4 50.895
5 -2 4.8782
0.6 1.2 -5.2492
3.8 4.8 2.067
4.2 4.8 1.1932
10.2 9.6 -52.908
12.2 8.8 -73.163
2.6 7.6 -3.4328
0.6 -1.2 -15.734
11 2 -17.974
6.2 -5.6 31.866
9.8 7.6 -33.885
3 3.6 -3.5727
5.8 11.6 -10.716
-3.8 0.4 -5.2314
7 2 2.501
0.6 10.8 24.617
-0.2 6.4 4.9927
12.6 -6 71.452
-1.8 8.8 33.501
5.4 6.8 -14.921
-3 3.6 10.298
-3 6.8 26.338
11 0.8 -5.6245
10.6 -7.6 72.929
12.2 4 -19.942
