-0.54627 -0.16411
-0.072642 -0.13362
-0.34608 -0.11943
-0.031232 0.10168
0.28071 -0.33568
-0.003976 0.26278
0.041921 0.25342
0.33855 0.052382
-0.15626 0.31441
0.059003 -0.28243
0.31857 -0.23584
-0.40832 0.17979
-0.069603 -0.29568
0.21122 -0.2053
-0.15891 0.42309
-0.35056 0.31056
0.18147 -0.41183
-0.32409 -0.13856
-0.3569 -0.33647
0.06475 0.43721
0.51835 -0.21054
-0.37095 -0.24464
0.23898 0.003855
0.4989 -0.3197
-0.22524 0.14871
-0.32878 -0.36354
0.33632 0.30073
0.22595 -0.035005
-0.19567 0.45632
-0.23527 -0.51251
0.28059 -0.24246
-0.367 0.45486
0.5242 -0.26652
0.1557 -0.17477
-0.1416 0.54853
-0.44695 0.065028
0.24691 0.30024
-0.22481 0.020257
0.37421 -0.091014
-0.2574 0.098966
-0.1323 -0.46597
0.014467 -0.2901
-0.17713 -0.52195
0.32122 -0.39462
0.2859 -0.39389
0.44877 0.017121
-0.26393 -0.074885
0.004828 0.16164
0.41219 -0.15262
0.38528 -0.046319
0.26592 0.43418
0.074291 0.097276
0.24306 -0.18407
-0.079099 0.41739
0.038012 -0.49663
0.028753 0.12378
-0.40771 0.32285
-0.05368 0.47981
-0.34086 0.35896
0.20493 -0.063481
-0.36641 -0.26202
-0.060289 0.10831
0.49251 -0.33839
-0.039446 0.37147
0.49128 -0.006389
0.50599 0.075015
0.077116 0.045375
0.089246 0.037246
0.48944 0.28218
0.04569 -0.24627
-0.038303 0.229
0.24806 -0.25773
-0.42923 -0.13571
0.32389 -0.13674
0.30327 -0.49515
0.064674 0.20642
-0.48481 -0.35071
-0.052977 0.01586
0.25065 -0.073135
0.13873 -0.38211
-0.37648 -0.35011
-0.37502 -0.14978
-0.058361 -0.43541
0.35288 -0.41474
0.26199 -0.16082
0.5871 -0.036326
-0.17978 -0.33867
0.31178 -0.12115
-0.082685 0.10194
0.52085 0.044591
0.24405 -0.43898
-0.22127 -0.18617
-0.44432 0.007909
0.22399 0.535
-0.28917 -0.23425
0.21472 -0.46373
0.42337 -0.020924
-0.30631 0.14656
-0.18338 0.23204
0.36267 -0.12854
0.36828 0.067256
-0.23397 -0.13936
0.021921 0.33901
0.33929 -0.2834
0.037546 0.41296
-0.36114 0.47757
0.29397 -0.24037
-0.37118 0.40709
-0.18121 0.48201
0.44479 -0.19122
0.43715 -0.2599
0.48216 0.003431
-0.04161 0.11826
-0.54111 -0.056256
0.041179 0.28512
0.52359 -0.059906
-0.28296 0.191
0.27914 -0.13273
-0.50795 -0.11296
0.23037 0.11617
-0.067754 0.28655
-0.31872 -0.2243
0.035916 0.5946
-0.52882 0.12124
-0.30471 -0.32062
0.12211 -0.44415
-0.52164 -0.022669
-0.28297 -0.1689
-0.28821 0.2227
0.143 0.45731
-0.44893 -0.13779
-0.22004 -0.25886
-0.42551 -0.028708
0.47219 -0.17948
-0.011341 0.10597
-0.10073 -0.45244
-0.52915 -0.028673
0.56901 0.17211
-0.12255 0.26383
0.10049 0.40595
0.23808 0.51432
0.12286 -0.22203
-0.15024 0.061013
0.006725 -0.47889
0.24422 -0.25664
0.060518 0.050207
0.027038 -0.13794
-0.58697 -0.000823
0.099035 -0.17199
-0.20487 -0.29263
