1.545 -0.045419
-1.2974 -0.72418
1.0777 0.031065
-0.70132 -0.25897
0.43289 2.1795
-1.1044 -2.8921
-1.3145 -0.25397
0.17374 2.1429
-0.37616 0.16172
0.31588 -3.86
-0.063459 -0.86602
1.6325 2.7273
1.1174 -0.27354
1.6318 -0.31615
-0.22717 -2.3631
-2.2237 -2.3488
-1.9347 1.5014
-0.0097883 0.39669
1.2853 3.7145
0.025677 1.9148
1.825 -2.1153
-0.85339 -3.3297
-1.3001 -1.5376
-0.2212 0.37671
-0.21198 -2.4902
-1.5164 1.0445
0.45716 0.34269
-0.036181 5.4878
-0.37117 0.91228
0.60388 -2.6118
-1.1652 -0.081819
-0.81272 -3.1178
-1.4625 -0.14208
0.46934 1.424
0.45593 1.0952
0.40032 -5.548
0.63342 -0.71081
-1.8869 0.53213
1.4825 -3.3938
0.86755 -0.57671
-0.40281 -2.0149
-0.42301 -6.2093
-0.88573 0.86785
-0.31318 -2.1779
0.80948 3.3444
1.1881 2.1995
1.0396 -3.8749
0.029524 -0.70003
-0.26383 -3.6426
0.47989 -3.8462
1.4136 1.4943
1.0552 2.4147
-0.98548 -2.3464
0.69985 -0.39056
-1.6638 2.5762
1.1633 -1.1596
-0.42433 5.2494
-0.55378 1.7834
1.2045 -3.1762
-1.8248 -2.664
0.47163 3.4371
-1.6859 -0.73756
-2.5946 1.0667
1.2621 -2.4211
-0.56348 -0.93322
0.62373 2.8862
-0.47739 0.073654
0.22894 -0.64934
-2.1312 3.0852
-0.68836 1.8709
-1.4178 0.72267
-0.097544 -0.7315
1.1722 -5.8732
-0.62531 -0.10785
-1.2223 2.4092
1.4957 1.7668
1.7654 3.8235
1.6056 0.35105
-1.6672 -1.4097
2.1547 -4.3247
-0.28825 3.253
0.13349 -2.0299
2.2123 -1.0295
-0.70774 0.51
-1.8982 2.835
1.6432 6.2038
0.47038 1.1284
-1.5112 -2.2102
-1.3883 0.25709
0.58511 1.4111
0.17292 -0.46408
-0.95023 3.9051
1.4038 1.6079
-0.97416 -3.8137
-0.64637 -1.3892
0.75525 1.9165
-0.01596 -0.20988
-0.87471 -1.6778
-0.37335 1.625
-1.0253 0.90127
-0.027174 -3.0346
0.48532 2.9307
-0.4949 0.72144
-0.29287 -3.7058
-0.043806 -0.76542
-0.6382 -1.7013
-1.3764 3.5537
-1.8011 2.8049
2.024 -5.8093
0.14577 0.16099
-0.82425 -2.5212
0.12413 -1.6691
-0.13368 1.1359
-2.1231 0.84547
0.62429 -2.2894
-2.0395 -0.9489
-2.0585 2.1034
0.39133 -1.1208
-0.07597 -3.0815
0.27638 -3.2612
0.73871 -1.2587
-0.35621 2.14
-1.4146 2.1019
0.5967 1.0056
-0.11243 -1.2967
0.090036 -0.26177
-1.1108 4.3912
0.058558 -2.3796
-2.4803 4.5316
-0.31621 -1.6636
-1.5739 -0.093923
-0.27153 1.1743
-1.9027 0.021084
-0.65377 -4.1099
-0.58069 0.22585
2.1939 1.5486
0.59346 -0.40847
0.83999 2.7594
0.34533 0.013126
0.90366 4.2566
0.029096 0.15973
0.64877 1.0178
-0.63162 3.5153
0.026061 -4.4937
0.021361 3.1574
-0.82225 0.88916
-1.7101 0.76452
-0.81643 0.78788
0.93937 -0.31599
-0.030844 0.55117
-2.073 -2.2771
-1.2818 0.25375
0.065749 -1.2575
0.85435 -1.3712
-2.2246 -2.4061
0.945 0.4449
-1.2043 -2.8652
-0.29671 2.6189
-0.5001 -3.4493
-0.89047 -2.2107
-0.0073106 3.3058
0.76577 -0.41289
-0.61635 -0.074065
1.1837 -3.8958
-1.6874 -1.3884
1.2268 -0.76921
0.74423 -2.2726
-0.49374 0.25409
0.71503 1.0616
0.77959 1.4005
0.43173 -0.56861
0.7874 -1.5121
0.40552 0.082122
1.0888 -3.4836
-2.4278 -4.1403
-1.117 4.2125
0.35787 0.81724
-1.0356 3.4085
1.7276 1.2814
-0.76171 0.36064
-0.24063 -2.2519
0.050928 -0.81349
0.90702 3.1397
-0.56152 -2.9746
-0.74424 -1.9387
0.96642 3.5841
1.54 -4.9532
0.17429 -3.7202
-0.056832 2.8619
0.37704 -2.7944
-0.16228 -2.2154
-0.48282 0.57223
-1.1708 3.0355
0.077449 -1.5877
0.985 -1.9762
-1.0373 -1.2755
-1.0104 1.1403
2.0036 -0.81765
1.3994 3.4403
1.1473 3.3946
-0.64341 -1.4165
0.366 1.3313
-0.69486 2.0831
-0.56428 -0.10529
-0.12759 0.13051
0.46674 1.6052
0.15623 2.8677
0.48405 -5.0844
0.37156 0.2676
-2.1195 3.1889
-0.15758 -1.5423
0.53746 -0.4871
-0.86147 3.3216
-0.9303 -3.5643
-1.271 1.6383
-0.24258 1.3568
0.71909 3.3947
-1.4204 2.3755
0.72494 3.4631
1.1646 0.086124
-0.62083 -0.010128
0.1361 3.6112
1.7317 2.9569
-0.90527 3.6909
0.75041 -3.2705
0.55002 -3.2161
-1.3343 -0.11621
-0.46622 2.1501
0.13483 -2.1724
2.2025 -0.25495
-0.24637 1.3076
0.97633 1.8104
-1.0481 1.6579
-1.8629 -3.8596
0.62573 1.4916
0.44115 -2.9445
-0.97664 -3.2475
0.66929 -1.7714
2.0294 -0.29372
-0.43279 2.3128
-0.85217 -4.1112
-2.2707 -4.2792
-0.24845 -3.0544
-0.37902 -0.7116
-0.99692 -4.9589
1.1069 -2.5783
1.7934 -3.5057
0.7023 -3.14
0.79657 0.73136
0.2755 -0.95586
