1.0755 -2.5678
2.574 -1.2429
2.6351 -0.93702
1.5445 2.6802
-2.7452 -0.000659
-2.5905 1.193
-1.4254 -2.5221
-2.0556 -2.1907
-1.4283 2.6435
-2.7211 -0.57623
-2.7503 -1.0935
3.1043 0.57452
-2.6893 0.49642
2.3623 1.4626
2.3278 -1.3762
-1.7404 2.1061
-0.10513 3.0601
2.8017 -1.3428
-1.6591 -2.0037
-2.5282 0.6766
-0.3934 -3.024
2.3179 1.2082
1.7906 -2.1391
-1.294 -2.4616
-2.6532 1.1731
-1.7558 -2.3461
2.4159 1.2767
2.7241 -0.54329
1.5506 -2.3155
2.7389 0.37511
-2.9232 -0.76644
1.8934 -1.8444
2.5203 -1.4097
1.1641 2.3643
-2.5117 1.3219
2.5623 1.788
-2.8815 0.76192
1.1223 -2.7391
0.36845 3.1226
-2.4717 1.5874
0.7459 -2.7669
-0.43027 -2.7287
-2.3905 -1.0483
-2.9054 0.31449
2.4254 -1.6498
2.8155 -1.1402
2.9912 0.56747
-2.3901 1.1952
-1.3154 -2.5476
-2.8073 0.85638
-3.0853 -0.18846
2.7779 -1.0496
-3.0695 0.47924
1.0417 2.9417
-0.15168 -3.0839
-2.872 -0.82224
0.16584 2.9691
2.3498 -1.4652
-2.6794 0.52889
-2.6242 -0.24517
0.25699 3.0715
2.7607 0.59978
2.7055 0.76366
1.9951 -2.3675
-1.7982 -2.3551
-1.6257 2.6719
2.7094 -0.79771
2.4527 1.2335
-0.088894 2.8205
0.97399 -2.9468
2.177 1.6813
-2.474 1.0487
-2.6111 0.042239
-2.5329 -1.8774
-2.4823 1.5485
2.9915 -0.43874
-2.4956 1.9653
0.28629 2.6936
1.8433 2.3477
-1.1888 -2.7982
-0.31575 3.1764
0.056421 3.1931
2.0987 1.967
2.6847 -1.6888
2.9162 0.8851
-2.7303 0.87002
-2.3869 -1.1647
2.9869 -0.3986
1.9771 1.9225
-2.7431 -0.41256
2.7551 -0.71242
1.915 1.9307
-2.6574 -1.3124
-1.4066 2.3223
-2.0554 -1.5939
3.127 -0.24411
-1.8548 1.8281
2.742 -1.5016
2.6413 1.0279
3.009 -0.12778
-2.2512 -1.5703
3.1814 0.28841
-2.6055 -1.5179
0.098585 2.7799
-0.81674 -2.706
-2.4452 1.4117
2.4665 1.8005
-1.4199 -2.6974
1.1699 2.7953
0.93602 2.8497
2.5144 1.1931
-0.72753 2.664
0.325 2.6086
1.445 2.6436
1.9595 1.8327
2.9424 0.50499
-1.9729 -1.7
-1.1322 2.6814
2.8559 -0.84829
1.883 1.9901
-2.5778 0.50712
1.0367 2.7078
-0.075846 -3.1053
0.65037 -2.6546
2.0549 -1.6171
-2.8228 -1.1279
0.24697 3.0453
2.529 1.8576
1.8133 2.2061
2.7705 -1.3188
1.2032 2.4642
1.5992 2.7247
2.9915 0.50076
-2.7364 0.92861
2.2402 -1.7587
-2.7322 -1.4809
-1.4762 -2.6507
-1.4853 -2.3563
2.391 -1.9817
2.8389 -1.2675
2.9871 -0.80123
1.0539 -2.7404
1.5635 2.4864
3.1076 -0.57839
1.4512 2.8068
-0.037026 2.8163
-1.7502 -2.1094
2.7273 0.94984
2.9592 0.50052
0.45106 3.1538
-2.4873 -1.9686
-0.4917 2.7246
0.91781 -2.9557
1.8509 2.0623
2.3385 -1.4507
0.46231 -2.9737
0.9446 3.0347
1.911 -2.4872
-2.2591 -1.6079
-2.2993 -1.5427
1.282 -2.7379
2.8063 -1.4309
-2.2216 -1.8382
2.121 1.8525
1.5301 -2.2094
-0.74166 -2.6807
2.4715 1.1645
1.4631 2.648
0.85064 2.8683
1.975 -1.7744
-1.1886 2.7112
3.055 0.73716
0.41131 3.0911
-0.44081 -2.5827
-2.0438 -1.9699
-1.6641 -2.4989
-0.85939 -2.8985
-2.0857 -1.7242
-2.1862 1.4573
-2.1028 2.0894
-0.78864 -2.9343
-2.8748 -1.2079
-2.2428 -1.6716
-2.5225 1.3477
2.4048 -1.047
2.3683 -1.9722
2.6834 1.4241
-2.2434 -1.388
2.0811 1.5767
0.47373 2.5618
2.9749 0.27716
2.3833 -2.1336
1.5356 2.5913
2.9957 -0.33725
2.6719 -0.54001
2.5353 -0.73789
-0.3754 2.7031
-2.9777 -0.81292
-2.1676 -2.347
-2.5829 1.8628
2.3746 1.8182
-0.78617 -2.617
3.0274 0.037629
-3.0471 -0.50653
2.0225 -2.2552
-2.2565 -1.3471
-2.967 1.1766
-1.3744 2.6764
-1.0059 2.6272
0.19892 2.7215
-1.481 2.6258
-0.45057 -3.0466
2.7564 -0.26306
-1.1471 2.8484
-2.9201 -0.20464
2.7779 0.91562
-2.77 -0.53715
2.6869 -1.6056
2.9691 1.0012
-2.6464 -0.39854
-2.6065 -1.2485
0.26137 -2.8399
-2.4114 1.7129
-2.5785 -0.9434
-2.0046 1.6901
2.6915 1.0729
-2.6827 -1.6305
0.43454 -2.8548
2.881 -0.1769
3.0666 -0.20633
-1.87 -2.391
-1.5568 2.356
1.1886 2.7657
2.3529 -1.7789
-0.076061 -2.7205
-3.1171 -0.44161
-0.57416 -3.0709
-2.2213 1.3967
2.3997 -1.0853
2.9314 0.65389
0.6418 2.9835
-2.4107 -1.7723
-2.7261 1.2209
2.1469 2.3571
1.4183 -2.5654
2.1954 2.2063
0.069045 2.628
-2.7676 -0.77741
-2.1291 2.3026
2.4885 -1.1579
2.9542 -0.93598
2.7766 -0.40632
2.8607 1.2805
2.5777 0.84467
-3.1143 0.08144
2.2272 2.1619
0.86954 -2.967
0.96814 -2.6848
0.77152 -2.704
-2.5531 -0.71223
-2.3007 -1.9144
-2.6312 -1.7284
2.2496 1.5366
1.6012 -2.1189
2.6058 0.94579
-1.8885 1.7903
-0.80802 -2.7785
-2.9792 0.78009
-1.6172 -2.1379
0.72435 2.9348
-1.9371 -1.9273
-2.382 -1.2264
-0.38513 2.5732
-2.6059 -1.8312
-2.3796 -1.5318
2.9356 -0.50703
1.9524 -2.402
-3.0218 0.58186
0.20612 -2.6717
-2.1977 1.6922
-2.664 -0.90284
-1.7611 2.1774
-2.9799 0.32554
3.1709 -0.42346
-2.032 -2.244
2.9623 0.48654
1.0762 2.7728
-0.36983 -3.1446
2.609 1.1977
-2.6568 0.43057
-2.5487 0.82844
2.5398 1.0281
2.0008 -2.3728
1.7479 -2.3017
-2.772 1.2989
2.5854 1.228
-1.9948 -1.7477
-2.4585 -0.92824
-2.6072 -0.68473
-2.5391 -1.3313
-2.9019 -1.0248
2.5891 0.50672
-1.2997 -2.3833
-0.69683 -2.7318
3.0205 0.6919
-2.4403 2.0181
0.092007 -3.087
2.5208 0.78085
2.7721 -1.0718
-0.52585 2.6373
3 0
-1.7512 -1.9272
-0.10143 3.0594
2.774 0.003287
1.524 -2.6643
-1.7088 -2.4189
-1.584 -2.0745
0.90543 3.0499
2.7232 -0.23996
-2.9333 -0.62886
1.303 2.3121
1.3235 2.4804
-2.5772 -1.3549
-1.4524 2.5378
-0.25329 2.8213
2.8441 -1.4619
2.7712 -1.0369
-1.7759 2.1788
-3.0458 0.97168
2.4977 -1.1422
-1.8827 -2.4506
-2.9766 0.63434
-1.4907 -2.8213
-1.4595 2.559
1.4679 2.442
2.4142 1.4454
-0.69182 2.6922
0.86774 -2.9781
2.7737 -1.4104
-1.7959 -1.911
2.8859 -0.14681
2.079 2.0986
0.83645 -2.6912
-0.15785 -2.7473
0.4566 -2.7205
-1.5344 -2.176
3.0686 -0.2253
-2.3833 1.4932
-2.5955 -0.22669
-0.86405 -2.7551
1.9652 1.7058
-2.2202 1.8211
-1.3784 -2.371
-3.1304 0.17019
2.6619 -1.5398
1.6712 2.7185
-2.3417 1.2276
1.0424 -2.6695
2.3331 -1.2447
0.89768 2.5153
1.3257 2.3419
-2.1939 -1.7467
-2.1926 1.6861
0.56568 -2.8375
2.7648 1.3887
-1.7152 -2.5269
2.664 -1.2985
2.9524 -1.0941
-0.22867 2.8645
-2.6109 -1.6341
2.1154 2.2786
-2.1654 -1.6205
0.11406 2.7937
1.97 1.7288
1.1042 2.3693
-2.6404 -1.0183
1.2623 -2.6095
0.20136 2.713
2.5392 -1.2707
-2.4437 -1.1422
-1.2805 -2.7325
-2.8696 -1.0537
-1.9642 -1.8255
-2.6815 -1.378
2.9803 -0.55234
-0.66822 -2.6241
-2.8474 0.86138
-2.0185 -1.6725
-2.5914 -0.76963
2.9298 0.6102
-2.7391 -1.3874
-2.4252 1.8177
-2.8645 0.929
-1.6736 2.0396
-1.1628 -2.9188
-1.964 -2.1537
-2.0944 2.1363
-2.8356 0.83248
0.83208 -3.0642
3.0435 -0.016869
