8.202 -6.3237
5.9525 -3.8619
1.4174 1.151
2.6731 -4.7344
5.9891 -6.095
3.4339 -3.9624
4.1126 -1.6866
4.9133 -4.2769
3.8351 -3.8892
5.8795 -6.2144
6.5981 -4.494
1.801 -2.581
5.547 -7.4793
2.5608 -0.7297
6.4462 -4.972
5.558 -4.5768
5.8011 -2.8571
6.2691 -4.4941
5.7754 -4.4907
-0.92027 0.79936
6.6077 -6.4089
6.1884 -3.5084
5.6322 -4.7468
6.641 -5.3265
6.3131 -4.1341
8.0142 -4.5877
2.8981 -3.4273
5.8114 -5.9641
5.1699 -4.0658
2.2245 -0.52908
8.5378 -7.3807
8.6155 -8.4215
6.6561 -5.409
4.5814 -2.7735
2.3707 -0.8514
4.9745 -3.6171
4.726 -3.0227
5.7067 -4.9265
6.4094 -7.5114
6.353 -3.7819
4.2546 -4.9596
4.7813 -5.615
5.2579 -5.3327
6.6737 -5.9862
8.0158 -5.0198
5.5168 -3.2216
9.014 -9.6815
5.7346 -3.2654
6.8589 -3.1523
2.2021 -2.6714
4.8608 -1.0768
6.2676 -5.6168
8.3751 -5.1176
6.8759 -6.4753
2.9938 -2.1815
5.6626 -3.0895
7.7719 -5.9158
2.5318 -3.1614
3.8018 -2.4491
8.7956 -6.5947
3.0901 -3.5698
3.0341 -1.7787
8.5013 -5.6466
6.9813 -5.9708
7.7505 -5.3267
7.7195 -8.0562
3.6533 -4.5144
5.5408 -5.7474
5.0044 -6.7011
5.0575 -3.8173
6.0524 -5.2255
5.935 -5.7535
4.8361 -1.3011
9.1972 -4.527
3.7901 -2.3222
4.9632 -6.4941
5.0435 -4.3617
4.1399 -3.8997
5.3599 -4.7499
1.7991 -1.8247
4.365 -3.796
5.6461 -5.7512
8.6374 -8.4176
5.2537 -2.6308
4.9192 -4.5278
5.2686 -3.4087
4.7764 -5.1566
2.5283 -3.7371
3.4324 -2.2411
4.8071 -0.9873
6.2082 -6.433
2.2758 -1.3845
2.7872 -1.1002
1.6356 -2.4612
3.7772 -3.1952
4.3439 -3.9376
7.8887 -4.8949
8.1669 -7.007
4.5233 -2.4079
6.6439 -5.9575
3.0528 -1.8661
4.8243 -6.1885
6.4324 -4.5114
6.7629 -6.2027
4.7702 -3.7616
9.4743 -9.1795
3.2053 -2.9125
5.205 -4.6124
4.4681 -7.1315
4.5841 -3.1053
4.3539 -1.9026
8.0708 -7.9162
5.114 -5.0029
8.0701 -7.4043
6.1006 -3.6306
4.5975 -5.7758
10.318 -9.8641
6.1256 -4.1792
7.4306 -6.6647
4.4605 -3.6223
9.1475 -8.1508
4.2839 -0.93302
4.9472 -4.4068
5.1833 -5.8237
8.3843 -7.9048
4.0137 -4.1582
9.5815 -7.4222
7.3341 -6.0279
7.0154 -5.0684
4.0218 -1.8098
5.3457 -4.0297
2.6091 -3.3564
6.555 -6.861
4.7599 -4.1635
5.532 -6.0061
5.8598 -5.4521
5.3143 -7.9714
3.1608 -2.3626
4.4705 -3.0896
3.6092 -3.8195
8.9266 -5.1029
7.8521 -6.7696
6.6336 -5.8452
3.9221 -2.2673
8.6873 -6.3996
5.3965 -4.761
3.8083 -3.1017
7.9109 -8.8173
2.4334 -1.3455
5.1942 -3.937
7.4437 -7.4681
9.2997 -8.1811
5.5561 -4.1446
5.4945 -5.4455
5.4986 -3.6117
1.7158 0.015769
5.0212 -3.0716
5.3331 -3.4337
4.8821 -2.5179
6.4133 -4.2001
5.8174 -2.7018
6.5327 -6.3316
8.1061 -5.7622
7.8636 -5.2085
3.5537 -2.9831
6.7246 -3.499
5.9007 -6.0681
7.0614 -6.2081
4.738 -4.0632
4.123 -3.3127
8.2004 -6.2886
9.0451 -7.4277
5.2717 -4.571
2.6214 -2.083
0.66144 0.37049
4.9844 -5.9302
2.6057 -2.5541
8.2091 -6.6966
5.1944 -2.7283
8.2093 -6.8529
3.2175 -1.1072
5.8768 -4.5455
10.009 -4.9283
4.9249 -3.7951
5.1274 -3.7252
6.7086 -3.6687
5.8277 -3.9787
5.2097 -4.3096
7.5544 -6.9079
8.0482 -3.936
7.4814 -5.8752
3.3036 -0.99919
7.9567 -6.8302
2.4175 1.1523
6.7313 -5.0276
4.869 -2.7282
6.4892 -4.4513
5.1088 -1.4059
8.6654 -6.9639
5.7914 -3.8953
4.5634 -4.8127
5.8888 -1.792
3.429 -3.2267
5.2652 -3.9842
3.5419 -2.866
7.6245 -5.9746
9.7246 -6.3343
4.8925 -7.1153
4.5892 -7.7735
6.6279 -5.5681
7.3597 -8.2752
7.1344 -5.4843
5.2684 -3.5374
5.3343 -5.3777
5.4508 -6.2736
7.1195 -6.5213
3.7762 -4.1475
6.3102 -4.9939
6.6097 -6.1417
4.3265 -3.3907
4.6069 -4.8119
6.4637 -4.6604
4.7756 -6.2125
4.6119 -3.4242
8.6206 -7.4291
2.1341 -4.6322
5.2828 -6.6566
6.1543 -3.7157
3.316 -4.0639
1.5162 -4.0961
2.5432 -2.0488
6.7949 -4.9356
3.0813 -2.4772
1.4568 -2.2018
6.4436 -4.9137
3.5701 -4.4831
6.7475 -6.8227
6.54 -7.2682
6.8584 -6.5434
3.0074 -2.8387
5.2216 -4.9205
2.9053 -3.5583
4.4947 -3.8403
7.1461 -6.8373
8.3604 -5.7116
6.0628 -5.5613
7.7425 -6.3952
6.8714 -7.6515
4.5053 -5.5702
5.4793 -4.9365
