10 -7.2 3.2216
0.8 -8.4 12.368
8 -5.2 -2.0924
-2 3.2 -0.58308
4.8 3.6 -8.8738
-8.4 -5.2 -16.375
5.2 -8.4 10.395
-0.4 3.6 1.5038
-1.2 5.6 4.9802
5.2 -3.6 -5.2418
3.6 -0.8 -2.5157
7.2 5.2 -19.482
-7.2 6.8 15.32
-2 -2.4 2.8537
-2.8 0.4 1.2539
3.2 -7.2 5.1348
-0.4 0.4 6.1864
6.4 2.8 -19.569
2.4 7.6 -2.0475
-2 -5.2 -2.3164
-8.8 -2.4 -15.945
-4.8 2.4 3.7294
-7.6 1.6 -6.7107
-4.4 -3.6 0.91859
7.6 4 -22.463
-8 10 27.53
1.7764e-015 4.8 -3.0767
-3.2 -6 -2.2894
-1.2 -3.6 -1.375
8.8 4.4 -24.176
6.8 -0.8 -10.124
1.7764e-015 8.8 8.0391
4 -8.4 9.7021
-5.6 -4.8 -10.012
-7.2 4.4 -0.012432
-3.6 -3.2 -4.6055
-0.4 -1.2 -0.083228
-2 6 8.0643
6.8 2.8 -19.677
1.7764e-015 8 5.8406
-8.4 6 8.5271
-7.2 1.2 -6.3759
-0.4 7.2 3.43
-3.6 -2.8 -7.1148
-6.4 5.6 7.4436
2 2 -8.212
6.4 6 -23.113
9.6 -4.8 -8.1377
4 3.6 -6.4554
-2.4 0.8 1.272
6 4.8 -14.959
-0.8 -5.2 1.6207
-3.6 2 0.51076
1.2 -8.4 9.2616
1.6 1.2 1.802
2.4 -1.6 0.12734
7.6 -8.8 16.005
4.4 0.4 -7.0579
5.6 7.6 -9.3778
-5.6 2.4 1.51
7.2 1.2 -14.457
0.4 -1.6 0.43945
8.8 10 -37.903
3.2 -4.8 2.889
-2 -7.2 0.34859
-2.4 1.6 1.7239
-1.6 -4 0.84806
1.7764e-015 2.4 1.5694
1.6 2.8 3.3712
7.2 2 -24.744
0.4 -9.2 13.001
-1.2 -1.6 2.6338
9.6 0.4 -28.165
5.2 -9.6 14.858
-8 -4 -10.775
-4.8 8.8 16.916
-2 1.7764e-015 -2.0461
5.6 5.6 -20.848
-4 9.6 19.03
5.6 1.2 -10.633
-0.4 1.6 1.3102
3.2 2.4 -3.109
-1.6 -3.6 -2.656
-3.6 -4.4 1.5415
1.6 -2.8 -1.0798
6.8 -8.4 13.908
7.2 6 -24.132
0.8 -8.8 13.202
2.8 2.4 -4.0239
2.4 -4.4 1.3351
4 -2 -5.3795
-5.2 -8.8 -6.7178
-1.2 4 3.5405
-3.6 0.8 3.804
-9.2 -8 -23.912
6.4 -9.6 13.411
-5.6 0.8 -3.2905
-1.6 -0.4 0.50003
10 5.2 -35.947
0.8 -2 3.0034
-4.8 2 2.6249
-3.2 10 17.042
-2 -4.8 -2.1021
6 -4.8 -2.1192
-8.4 1.6 -4.4053
7.2 -4.4 0.16043
7.2 -5.2 1.5084
-8.8 1.7764e-015 -10.162
-6 -5.2 -5.6337
-3.6 4 1.5457
-2.8 1.7764e-015 -3.2946
-3.6 -4.8 1.019
7.2 -2 -10.559
-2 -3.2 2.3253
3.6 -2.8 -0.89045
5.6 -0.4 -3.4499
4.8 -6.4 8.8483
5.2 -0.4 -7.2788
4.4 1.2 -4.3168
-6.4 -0.8 -13.015
-4.4 10 20.319
-5.2 -8.4 -6.7417
6.8 -5.6 2.3239
-7.6 -6.4 -16.281
-5.2 -2 -4.5795
2 1.7764e-015 2.2102
3.2 6.8 -3.3192
1.2 1.6 0.1199
-5.2 0.4 -0.52692
1.7764e-015 9.6 11.652
6.8 3.2 -18.389
9.6 -6.8 2.9826
8.4 -1.2 -12.754
4.4 -5.2 -0.75621
-0.8 -3.2 6.6756
-2.8 -1.2 -2.3033
9.6 -1.6 -18.855
-3.6 8.8 15.211
5.2 -8.8 12.256
4 -8 6.252
-4 4.8 11.596
8.4 8 -33.665
-4 2 2.4666
-4.8 2.8 1.3949
-7.2 -8.4 -9.7074
-6.8 8.4 14.847
2.8 5.2 -5.2423
-4.8 9.6 23.906
-7.6 2 -2.1488
8.4 4.4 -28.636
0.4 10 9.4854
2 1.2 -4.1147
-3.2 -5.6 2.6769
1.6 2 -3.3475
7.2 10 -27.714
-4.4 2 4.2902
-1.2 -6 3.1325
2 4.4 1.6326
-4.4 9.6 23.645
-9.2 1.2 -11.995
-9.6 1.2 -11.891
-9.2 -2 -15.074
4.8 6.4 -7.8935
4.8 -0.4 -3.8342
10 6.8 -44.31
-7.6 7.6 13.102
4.4 -7.2 4.6941
-8.8 6 4.96
1.7764e-015 -8.4 10.631
-2 7.6 9.6735
1.7764e-015 10 11.932
4 1.2 -7.0633
5.2 5.2 -11.477
-6.4 -3.2 -10.28
-8.4 2.4 -4.0287
6.8 -8.8 13.949
3.2 -2.4 1.0311
-9.2 -9.6 -23.584
6 -5.2 4.1375
2 4 -1.8068
-5.6 -6.8 -10.582
7.6 -4 -3.8898
8.8 -5.6 -5.8314
9.6 2 -26.865
-8.8 -1.2 -15.695
-2.4 2.4 3.7011
-3.6 -2 -0.72387
1.6 -9.6 14.928
-4 -4 -2.3075
-8.8 9.6 18.784
-2.8 -4.8 -0.34028
2.8 6.8 -3.8442
2.8 6.4 -6.7985
-7.6 -3.2 -10.204
-6.4 8 18.009
-7.2 10 18.626
-1.6 8.4 13.573
-2 2.8 3.8083
-8.8 2.8 -2.406
-4 3.2 0.18828
-6.4 -7.6 -9.7435
8.4 -3.6 -9.0277
-6.4 3.6 3.4433
8.4 6 -28.162
-6.8 -6.4 -15.036
-6.4 -5.6 -4.0851
4 -4.8 0.58973
-4.8 -3.6 1.5736
7.2 -4 -4.6651
5.2 6.4 -16.673
0.4 -3.6 0.11406
-9.6 -6 -20.398
-1.6 -2 2.4721
8.4 4.8 -26.384
-4.4 1.2 -0.28576
-0.8 2.4 0.31007
8.8 -4 -12.307
5.6 3.6 -13.092
4 6.4 -12.128
8.4 1.6 -18.856
-8 -1.6 -9.2514
-6.8 1.2 1.0583
-6.4 -1.6 -11.294
-3.6 -6.4 1.8677
3.6 -0.4 -4.552
-6.8 -7.6 -14.95
0.4 -5.2 1.7889
8 6 -25.769
-4.4 1.7764e-015 -1.7422
6 2.8 -13.457
-7.2 -2.4 -8.4924
3.6 2 -5.9094
-5.6 -1.6 -4.0731
3.2 0.4 1.5407
0.8 5.6 -2.0025
-1.2 4.4 3.97
-5.6 -1.2 -6.1473
-9.6 4 -4.2336
3.6 1.7764e-015 -9.2956
-3.2 7.2 9.1948
5.6 4.4 -13.058
6.8 6.8 -20.46
-2.8 -0.4 -5.5945
-7.2 -8.8 -16.379
9.6 5.2 -37.61
3.6 6 -9.4268
-5.2 -1.2 -5.7252
-0.4 -7.6 1.4574
-8 3.2 -0.45789
-5.6 -0.8 -5.2262
-1.6 0.8 3.1082
9.6 6 -32.265
-6.8 6.8 12.898
10 -6.8 -2.4765
-2.4 -5.2 3.8388
4 -6.4 9.612
-2.8 3.6 3.3187
-9.2 -1.2 -14.028
5.6 -2.8 -2.8166
-6 9.2 21.079
-9.2 -3.2 -19.381
-1.6 0.4 1.5637
6.8 -4.4 -0.54839
-7.2 -9.2 -10.333
0.4 0.8 0.34308
0.4 -6.4 6.7776
-4.4 -7.2 -3.326
2 6 1.8456
6.4 2 -20.638
-0.4 -5.2 1.9963
-8 9.2 21.297
-1.2 2 0.78368
4.4 8 -11.924
-4.4 -4.8 -2.8482
3.6 -9.6 14.04
0.4 0.4 3.5515
3.2 1.7764e-015 -1.6636
-5.2 10 21.514
4.4 4.8 -9.9209
-4 8.4 15.074
-6 6 3.7661
-3.2 3.2 2.9303
-3.6 1.2 0.64504
7.6 6.4 -27.801
6 3.6 -13.968
1.2 -1.6 4.4636
-6.4 -8.4 -11.082
2.4 7.2 -3.8814
5.2 -2.4 -4.9663
7.6 -3.6 -4.2678
9.6 -8.8 5.4391
-9.6 10 30.006
5.6 -6.8 6.5686
8.4 2.8 -26.505
9.2 -4.4 -10.467
-2.4 -4 2.3963
2 -2 1.4469
8.8 -5.2 -2.8818
9.2 0.4 -28.202
-0.8 3.6 0.50633
1.2 8.8 9.0534
6.8 8 -24.626
4.4 6.4 -10.275
-1.6 -2.4 3.5105
-2.4 -9.6 1.7702
0.4 -6.8 3.5199
5.6 -6 5.9214
-7.2 3.2 -2.0123
-3.2 -4.4 3.4236
6 8.4 -19.897
7.2 1.7764e-015 -16.155
1.7764e-015 7.2 6.9084
1.2 3.2 4.4979
-0.4 8 12.127
3.2 -5.6 8.2507
2.4 4 -0.9911
-6.8 -2.8 -11.586
4.8 6 -12.554
4.8 -4.4 3.559
7.6 -2 -15.578
1.6 -4.8 7.9466
3.6 -2 -0.61615
-9.6 -3.2 -17.05
9.6 -2.8 -14.642
5.2 -4.8 0.92652
-1.2 7.2 8.192
3.2 -4.4 3.1099
5.6 -1.6 -7.2584
7.6 0.4 -17.762
6.8 4 -19.806
-5.6 5.2 5.3642
-4.4 9.2 22.799
-9.2 -0.4 -10.613
-3.6 9.6 19.911
2.4 -7.2 12.869
-6 -8.4 -7.1898
-4.8 -0.8 -2.3108
0.8 1.2 -1.3921
7.2 -0.4 -11.315
8 -6.4 0.40088
4.8 -1.6 -4.7019
-4.4 -8 0.066824
-9.2 4.4 -0.96633
-0.8 8.4 3.1302
6.8 0.8 -14.754
-2.8 5.2 10.448
-2.4 -2.4 1.4071
-6 -6.4 -11.007
-9.2 -8.8 -25.892
-2.8 -8.8 4.5761
-1.2 1.6 -0.64479
1.6 5.6 3.9357
-4 -2 3.0648
-3.2 -7.2 5.4424
-1.2 6.4 10.548
-6.8 2 0.44089
3.6 8.4 -2.653
8.8 -4.8 -8.5259
-8.8 -8.8 -26.017
-9.2 4 1.7654
-6 9.6 25.373
7.2 7.2 -26.848
3.2 -9.2 16.466
-0.8 -7.2 8.8289
-8 -5.2 -12.086
-8.4 -4.4 -18.766
-2 -7.6 7.0409
-2.4 4.4 9.265
10 -5.2 -11.095
2 -2.4 0.8793
8 -3.6 -5.2077
-9.2 -5.2 -22.02
2 6.4 0.79747
-7.6 3.6 -1.0426
-8.4 -2 -14.885
1.2 -0.8 3.3384
9.2 2.4 -31.501
-3.6 1.7764e-015 0.83355
-8.4 0.8 -2.3523
8.8 3.2 -28.882
-2.8 -2.4 -3.83
8.8 -6 -2.9454
-9.6 -4.8 -25.335
2.8 -4.4 1.4042
-6.8 -0.8 -10.126
6 4 -14.688
1.7764e-015 -2 -1.7855
0.4 6 1.497
-2.8 0.8 -2.1228
-0.8 6.8 6.7279
-5.6 -5.2 -5.4254
-2.4 3.6 7.0706
-8.8 0.4 -8.4389
-6.8 9.6 20.24
10 -1.6 -25.754
-9.6 9.6 21.21
8.8 8.4 -35.603
-3.2 -6.4 -0.43066
-5.2 -8 -4.3845
3.2 -3.6 2.9377
-0.8 -9.6 8.8829
10 -0.4 -21.018
-6.8 8.8 19.999
0.4 -8.8 13.392
-8.4 1.7764e-015 -7.2819
-5.6 -4 -5.8459
-4.8 6 5.91
-3.6 3.6 9.9146
-8.4 -4 -19.973
2 3.6 -4.7924
8.4 -5.6 -0.75151
8.4 -2 -17.008
-5.2 -5.6 -6.1397
3.6 -6.8 7.2763
-3.6 1.6 0.71195
0.4 3.6 4.8324
2.4 -0.8 -3.1495
-6 -6.8 -5.8202
0.4 1.7764e-015 4.8881
-8.4 6.4 7.4493
-9.2 7.2 9.2707
8.4 -4 -7.402
-4.4 8 15.937
-7.2 2 -3.963
6 -0.4 -11.813
6 1.6 -14.828
1.6 -9.2 14.896
-2 4 2.6554
2.4 0.4 -0.41641
-1.6 -1.6 -0.18661
1.2 -6.8 9.5736
-9.2 1.7764e-015 -11.132
-3.6 -6.8 -3.4723
-4 10 22.549
-2.4 8 11.115
3.6 -8.4 7.9402
-6 7.2 10.271
-4 -8.4 -0.25605
-4.4 2.8 1.8191
5.2 8.8 -11.683
2.8 8.4 -1.8857
-8.8 -2.8 -17.767
3.6 -1.6 -0.22178
7.6 9.6 -29.341
-9.6 -2.4 -18.668
-5.2 4.4 3.224
10 6 -36.868
-2 -6 4.4605
-7.6 10 23.61
8.8 8.8 -30.549
2 3.2 -3.3428
-8.4 -3.6 -18.606
-2.4 -1.2 2.2085
-7.6 8.4 18.927
-1.6 -8.8 10.08
-4 1.6 -2.9634
9.6 3.2 -31.887
8.8 -0.4 -18.3
3.2 -6.8 7.0941
6 8.8 -19.21
3.6 -4 2.9913
9.6 -1.2 -20.088
1.2 6 -1.6105
-9.6 -2 -20.189
2 -1.6 3.4784
-7.2 -0.8 -1.0475
4 1.6 -6.4206
-2.8 -1.6 0.21046
6 -3.2 -5.1299
-7.6 6 9.0003
7.2 -9.2 10.198
9.6 -8.4 7.5739
-3.6 5.2 9.0508
-8.4 -8.8 -17.064
-5.6 2 1.2948
7.2 -6 2.2529
-7.2 -9.6 -10.559
3.6 -5.6 6.4936
-8.8 2.4 -2.6487
6.4 10 -17.7
-4.4 -6 -3.649
-2.4 -7.2 7.9977
-4 5.6 8.0486
8 -0.8 -14.586
-9.6 -3.6 -15.354
8 2 -19.87
1.2 7.6 1.1278
-6.4 -9.2 -11.444
7.2 0.8 -11.535
-7.2 2.8 -3.8015
8 5.6 -29.585
-2.4 4.8 5.988
-7.2 -7.2 -15.419
-8.8 2 -3.9331
-6 0.8 -6.2097
-2 0.4 6.0343
-8.4 -6 -17.15
-4.8 4.4 8.7324
-6 3.6 2.969
-6 -5.6 -9.6723
8 -7.2 5.0627
-5.6 -2.4 -5.7678
-2 8.8 12.566
9.2 1.6 -26.99
-9.6 2.8 -7.5588
-7.2 3.6 5.887
9.2 -9.2 12.972
-3.2 4 4.7742
10 -2.4 -21.379
9.2 -1.2 -20.694
-8.4 -4.8 -18.581
6.4 6.8 -16.266
-8 -6.4 -19.465
8 9.2 -34.556
-0.8 -7.6 0.63272
0.8 3.6 -0.52263
1.2 10 6.833
1.6 1.6 -4.62
-8 -8.4 -19.605
8 7.2 -26.027
6.8 -5.2 3.1205
6 -8.8 12.952
-5.2 1.7764e-015 -2.3319
6.8 6 -19.755
7.2 2.8 -22.076
-9.6 6.4 5.0989
3.6 9.6 -1.6262
-2 -5.6 0.90156
-9.2 6.4 13.057
1.6 4.8 0.98456
7.6 4.8 -25.288
9.2 4.8 -34.37
-9.2 -6.4 -28.582
8 -8.4 8.1246
-1.2 -9.2 5.882
1.7764e-015 2 -0.080522
6.4 4.8 -18.15
9.6 8.4 -38.928
-1.6 -8 4.9178
0.8 6.8 0.73238
-3.2 7.6 11.566
6.8 -9.2 14.059
-2.8 2.8 2.936
-5.2 -6.8 -5.3276
8.4 -2.8 -14.959
-1.6 -4.4 9.522
-2 3.6 -0.059306
2 -4.4 5.655
-5.2 -7.6 -4.0438
-2.4 -4.8 0.45194
-4 4.4 4.8746
-6 6.4 13.7
-9.6 -9.6 -28.773
-4 -6.4 -1.914
1.6 -1.6 4.0237
1.6 4.4 -1.5917
7.6 -6.8 4.6797
3.6 -6 9.4173
5.2 2.8 -14.702
2.4 5.2 -2.7322
-4 5.2 8.8379
6 6 -17.459
-6 -1.2 -1.9093
-2.4 -6.4 4.3298
-2 0.8 5.2056
0.4 2.8 2.5292
-7.6 -4.4 -7.1104
-4.8 0.8 3.6338
8 -2.8 -8.9015
-9.6 3.2 -1.1585
6.4 8.8 -19.757
-9.6 6 11.408
1.2 -9.6 15.49
-8.8 1.6 -3.8197
3.6 -8.8 10.289
10 4.8 -34.732
2 -5.6 6.1479
-7.2 8.8 15.745
10 9.6 -41.387
7.2 3.6 -19.955
6.4 -7.2 3.8328
3.2 -0.8 -1.9831
1.2 -3.6 -1.6024
7.2 -7.2 4.4396
3.2 6.4 -8.2604
4.4 -2.4 1.8345
-4.8 8.4 13.897
1.7764e-015 6.4 0.68156
-8.8 7.2 13.765
2.8 10 -2.7662
-6 7.6 18.058
-8.4 6.8 12.078
-4 -1.6 -0.83485
-0.4 -8.4 7.4178
-4.4 -6.8 -5.84
4.8 -3.6 -3.6116
3.6 0.4 -4.6552
-3.2 8 13.677
3.2 0.8 -1.676
9.6 -3.6 -6.5758
-9.6 -8 -26.988
1.7764e-015 -8 4.9523
2 0.8 -2.9009
-8.8 -1.6 -13.326
3.2 -9.6 9.5636
10 2.8 -36.289
-0.8 0.4 0.09966
-2.4 9.2 14.584
7.6 10 -25.606
-9.6 -6.8 -22.13
0.4 -2 -0.4795
7.6 5.2 -29.106
6.8 -9.6 21.107
-4.4 -2.8 -3.1762
9.6 -9.2 4.4817
5.2 -6.8 3.1115
-5.6 -3.6 -4.6409
-1.6 -3.2 5.2765
1.2 -9.2 12.208
-5.2 2.8 3.5944
8.8 6.8 -31.635
-3.2 4.8 6.217
-5.2 -4 -3.6033
10 -2 -25.157
-2 5.2 5.8104
0.4 9.2 8.4184
-9.2 8.4 17.578
-1.6 -6.4 4.5395
-8 4 4.8684
-6.8 2.8 -0.27711
-5.6 9.2 19.76
-8.8 -4.8 -18.717
-2.8 -8.4 3.5345
-8.4 -9.6 -21.963
4.4 5.2 -8.3377
7.6 -2.4 -13.871
7.2 -6.4 5.3942
-0.4 5.2 2.1251
7.6 2 -17.63
1.6 -8.4 6.5299
-5.2 8 13.251
4.4 4 -8.1115
1.7764e-015 -0.8 3.326
-4.4 -0.4 -2.284
-5.2 1.2 2.2717
1.7764e-015 -6 2.4006
-6.4 -4.4 -8.0802
6.8 -3.2 -5.3689
2.4 10 0.84578
5.2 0.4 -5.0958
6.8 5.2 -20.655
-1.2 -1.2 1.2556
9.2 -8.8 11.886
2.4 -6.4 9.6671
2.8 4.4 -3.8157
8.8 2.8 -25.507
1.7764e-015 -1.2 3.922
3.2 -8.8 11.531
-4.4 -8.4 -1.2801
0.8 -6 7.1689
-8 -3.2 -14.013
-7.2 -4 -13.816
-0.8 10 14.006
-6 -1.6 -5.8308
-8.4 1.2 -5.7084
8.8 5.6 -31.767
8 -6.8 3.294
0.8 1.6 3.4031
-9.2 5.2 3.4257
-0.8 -0.8 1.9672
-6 -7.2 -9.3421
0.8 -9.2 8.7622
10 -8.4 2.8181
8 -2.4 -10.717
-4 -5.2 -8.118
3.2 -4 -1.3008
-7.6 -5.6 -14.182
-0.8 8.8 14.657
4.4 -9.2 16.132
6.4 -6.4 9.3122
9.2 -6.8 1.0439
-7.2 -8 -9.1962
-3.6 9.2 18.293
-6.8 6.4 10.765
5.2 1.2 -11.604
6 7.6 -12.192
-5.2 6.4 13.708
-1.2 -0.8 -2.2942
-9.6 0.8 -8.3334
7.6 2.4 -20.089
-0.4 -0.4 3.3887
8.8 -8 4.1782
-0.8 9.6 10.892
5.2 8.4 -15.169
-2.8 -5.2 -4.3252
8.4 -9.6 9.1577
8.4 3.6 -27.079
4 2.8 -7.0167
0.4 2 1.5632
-4.4 8.4 17.532
-3.2 6.8 10.21
0.8 8 2.3536
2 -4.8 3.6326
-5.6 -8.4 -8.0525
-2 6.4 8.7979
-5.6 8.4 12.926
8.4 10 -28.646
10 -4.8 -10.703
4.8 -5.2 -0.30646
-0.8 -1.6 -2.2971
5.2 -4.4 0.65192
-6 0.4 0.17491
2.8 -6.8 10.676
3.6 0.8 -4.8876
1.7764e-015 0.8 -2.2267
-6.8 0.8 -3.1863
9.2 4 -30.474
0.4 -9.6 13.463
-9.6 -4 -20.617
7.6 1.7764e-015 -16.279
-9.6 -1.6 -14.793
-5.2 5.6 8.6561
1.2 -2.4 1.1626
4.4 -0.4 -7.4582
-6 -2.4 -5.7748
1.6 3.2 -7.1406
-0.4 -3.6 1.741
2 -3.6 1.113
1.6 -0.8 -0.35523
-6 3.2 -1.1052
-2.4 1.2 6.4738
10 1.2 -31.118
-6 -4.8 -10.289
1.6 7.2 -1.3739
7.6 -4.4 -5.271
-0.4 6.4 5.9839
-2.8 2.4 4.8142
5.6 2.4 -10.734
1.2 -8.8 8.7421
6.8 -4 -4.4719
4.8 9.6 -12.115
4.8 -7.2 7.1556
-1.2 -9.6 7.1631
10 6.4 -35.449
6.4 4 -20.825
-4 -5.6 0.034584
-4.4 7.6 11.278
0.4 -7.6 5.8988
-8 4.4 5.0105
3.6 -1.2 1.1653
-2.4 -8.8 4.5915
6.8 8.4 -20.621
5.6 -3.6 1.0467
-9.2 -7.2 -17.951
2 2.4 -0.15412
8 5.2 -29.276
-2 7.2 4.6655
6 2 -14.037
8.4 -8.4 10.475
-5.6 1.2 -3.2543
-6.8 -8.4 -12.516
-8.4 -1.6 -17.006
-6.4 0.4 -0.96045
-8.8 -0.4 -10.85
-1.6 -1.2 3.2907
-4 1.7764e-015 -4.9307
-4 8 16.198
7.6 -2.8 -11.518
6 -6.4 7.8749
0.8 6 4.3551
-8.4 -2.8 -14.822
1.2 -7.6 6.5295
-8.8 -5.6 -20.767
-3.2 -7.6 -1.5851
6.4 -5.6 5.4718
-0.8 1.2 2.1639
-8.8 4.8 5.9778
3.2 -2.8 -0.89046
4.4 7.2 -7.6353
-5.6 7.6 18.017
1.6 7.6 2.551
-9.6 7.6 12.202
-1.2 1.7764e-015 -1.3005
8.8 0.8 -23.87
-2.4 6.8 10.13
0.8 4.8 2.2405
-1.6 3.6 1.5512
1.7764e-015 -7.2 6.9022
0.4 -3.2 -1.3849
-2.4 7.2 11.834
-8.8 -7.2 -18.867
-7.2 7.2 14.332
9.2 10 -33.76
4 9.2 -10.476
-9.2 9.6 22.282
1.6 -3.6 5.0476
-5.6 4.8 6.053
4 2 -6.7864
-1.6 -4.8 4.4559
-9.6 1.7764e-015 -12.994
8.4 -6.4 0.8681
4.8 -9.2 22.061
-7.2 -1.6 -11.545
4.4 -8 8.9653
1.6 3.6 3.2239
4 2.4 -11.678
-8.4 -0.4 -9.2605
-3.2 3.6 3.1302
-7.6 6.8 8.1119
-1.6 7.2 2.9644
1.2 1.7764e-015 -2.0375
5.6 3.2 -13.777
4 0.4 -4.3964
-0.8 -3.6 4.078
-4.8 -7.2 2.2292
-0.4 -3.2 -0.22712
-8 -2 -10.907
2.4 -6.8 5.3353
5.6 9.6 -13.198
10 7.6 -44.112
5.6 -7.2 5.2256
-6.8 -2.4 -9.406
3.2 4.8 -10.662
1.6 -4.4 8.1018
0.4 8.4 6.2303
2.8 -0.4 -4.3104
-7.6 -0.4 -5.0245
10 -7.6 4.7198
0.8 2.4 4.7324
6.8 4.4 -14.092
3.6 3.6 -7.2202
-6.8 7.2 19.966
2.4 -4.8 6.532
5.6 -5.2 -2.3855
-8 0.4 -2.3755
7.2 9.2 -23.75
-8.4 2.8 1.003
4.4 3.6 -5.989
-2.8 8.8 14.462
-6.4 -6 -8.7657
-5.6 -7.6 -3.7418
4.8 -0.8 -8.1589
-8.4 9.2 24.409
-6 -7.6 -7.4444
4 5.6 -7.3632
-6.4 9.6 20.308
7.2 -8.8 12.278
4.8 10 -9.343
9.2 -0.4 -22.397
6 -6 6.0271
-0.8 4 -0.81741
1.6 -7.2 11.897
-8 7.6 17.975
-8.4 3.2 1.596
1.7764e-015 -4.8 1.8159
-2 2 7.8597
-7.6 -2.8 -12.172
2 -0.8 -0.34851
-6.4 -6.8 -12.032
-5.2 1.6 -6.077
-8 -6 -15.775
4 9.6 -3.4986
7.6 3.6 -26.165
-0.4 2.8 3.0622
2.8 -5.2 6.9339
-6 1.2 -4.8378
-7.2 1.7764e-015 -2.9681
-0.8 -4 3.2419
9.6 -4.4 -9.8454
8 -2 -12.658
-0.8 1.7764e-015 -0.3055
5.2 6.8 -15.709
7.6 8.8 -21.589
6.4 -6.8 2.8114
-2.8 1.2 3.3967
-4.4 3.2 3.8134
-6.8 -7.2 -11.067
4 0.8 -2.5892
5.6 -1.2 -9.0685
-3.6 7.6 18.105
5.6 0.8 -11.517
0.4 -2.8 -3.5018
-6.8 8 13.675
-4.4 -2 -5.834
4.4 -6 1.9969
-4.8 -1.2 -4.1453
-9.6 2.4 -3.3753
2.4 -3.6 3.9951
8 8 -28.674
3.2 4.4 -11.992
-8.8 10 23.618
2.4 8.8 0.41557
-9.6 -7.6 -25.939
-5.2 -6 -2.4627
-1.2 -6.8 7.6078
8.4 -3.2 -10.622
-2.4 -0.4 3.1219
-8 -2.4 -13.066
10 -9.6 12.605
7.6 7.6 -24.819
-6.4 9.2 20.003
-4.8 10 23.505
3.2 10 -0.7804
2.4 2 -3.1252
-4.8 1.2 -0.18606
8.4 1.2 -21.15
0.8 -2.8 3.3543
-8.8 1.2 -7.9236
8.8 -4.4 -9.4715
8 8.8 -26.861
0.4 7.6 7.4962
4.8 -6 1.2617
3.2 1.2 -5.6664
-0.4 -6 1.7919
7.2 6.8 -28.469
2.8 -4 0.50062
7.2 -3.2 -3.3581
-8.8 8.4 14.231
5.6 -7.6 9.3117
-6.8 -4 -10.129
6.8 7.2 -23.41
7.6 -0.8 -15.932
-1.6 2.8 3.1987
2.4 -9.6 16.401
-9.6 6.8 12.369
6.8 -6.4 1.8364
-4 3.6 3.2322
-8 -3.6 -14.062
6 5.2 -20.398
4.8 -8.8 15.155
7.6 -7.6 2.9713
6.8 1.2 -17.926
4.4 -4.4 0.42869
4.4 -8.8 15.838
8.8 7.2 -36.369
-8.8 0.8 -2.6949
-2 9.2 13.587
1.2 -3.2 2.7457
7.6 7.2 -26.061
2.8 -4.8 7.2632
9.2 5.6 -35.876
8.8 4 -27.055
0.4 1.2 -1.9648
-8.4 -5.6 -19.371
-9.2 3.6 0.017785
-9.6 2 -8.7503
-0.4 -5.6 -0.73509
-2.4 1.7764e-015 -1.7078
7.2 1.6 -16.554
4 -4 -1.8977
-8.8 -8.4 -21.353
8 -8.8 5.9568
7.6 -1.6 -12.231
-9.2 -4.8 -18.99
6.8 -1.2 -9.1069
7.2 6.4 -21.34
3.2 -2 0.10208
-3.6 -9.6 3.1822
6.4 -4.4 1.8876
-1.6 -5.6 1.6871
-6.8 -4.4 -9.1751
-3.6 -9.2 0.45462
1.7764e-015 1.2 -1.0088
2 -8 14.054
-5.2 -3.2 -3.5311
4.4 -0.8 -5.99
-5.2 -0.8 -0.15489
-0.4 -2.4 1.4235
-9.2 6 10.522
-5.6 10 23.504
-8 5.6 9.931
-8 5.2 5.3358
0.8 4.4 -4.9076
6 -0.8 -8.7655
-1.2 5.2 6.0576
-2 -8 0.10807
2 -7.6 7.9662
-6.4 1.6 2.6038
-1.6 -7.2 6.451
-8.4 -0.8 -7.4987
10 7.2 -38.194
1.2 0.8 -1.202
-1.2 3.6 3.4044
-5.2 -2.8 -1.9819
9.2 0.8 -20.875
-4.8 -0.4 -5.12
-7.6 -8.4 -12.899
-5.6 6 11.622
-1.6 -9.6 9.4577
-6.4 4 5.8522
-8.8 9.2 19.622
-2 -2.8 3.3923
-4 0.4 0.97895
-2.4 8.4 11.514
-2.4 -5.6 3.2024
5.2 1.6 -13.427
-2.4 -4.4 -1.1546
-1.2 8.8 11.233
7.6 -6 0.21249
2.4 8.4 -2.2525
-9.6 8 16.742
6.8 -6 0.40296
-3.2 -6.8 -2.0849
-8.8 -7.6 -15.802
2.8 3.6 -6.7582
4.4 -6.4 14.482
-6.8 -6 -7.6411
3.6 -4.8 5.6725
-2.8 9.6 13.663
8.8 -0.8 -15.749
-3.6 -8.4 -0.17997
-3.6 6.4 7.6099
0.8 4 -1.5344
4 8.4 -12.164
8.8 -7.6 3.9373
-9.2 0.4 -13.947
8 2.8 -19.315
1.7764e-015 -8.8 10.752
0.8 7.2 1.2217
2.8 0.8 -6.5531
8.4 -9.2 8.8131
-7.2 4.8 6.2443
-3.2 -4 -0.99397
-7.2 5.2 7.8306
-6.8 1.6 -1.4681
4 -6.8 7.8425
9.6 -5.2 -5.5379
5.2 3.6 -13.016
-9.6 7.2 5.2479
2.8 6 -3.5912
1.7764e-015 7.6 7.3078
2.4 9.6 0.36592
-4.4 -9.2 -0.52264
-2.8 -9.6 6.6739
-0.8 7.2 5.8416
4.8 3.2 -15.722
8.4 3.2 -27.661
6.8 2.4 -15.2
7.2 5.6 -20.826
1.2 4.8 2.8687
6 7.2 -18.012
-7.2 -4.8 -8.9186
4.8 5.6 -18.044
-1.6 8.8 16.783
0.8 -4.4 2.0482
5.6 6.4 -17.543
-4.8 -7.6 -3.1479
4 4.4 -12.996
4.8 9.2 -7.739
8 -5.6 -0.146
5.6 0.4 -3.8414
4 7.2 -6.8133
5.6 -4.8 0.5132
-0.4 -0.8 -2.4535
-9.6 5.2 5.4389
-4 6.8 13.171
-9.6 -7.2 -26.194
-8 -2.8 -11.366
1.2 5.6 2.0507
1.6 9.2 4.6296
-2 10 16.293
5.2 -1.6 -8.142
1.6 -0.4 1.7722
-9.2 10 22.938
-3.6 -0.4 2.4529
3.2 -1.2 1.7818
0.4 -4 4.0628
1.2 4 -0.22205
1.6 -6.4 5.628
2 -6.4 2.6038
-2.8 6.4 11.949
4.8 7.2 -7.0494
-0.4 1.7764e-015 3.5819
-8 -8.8 -19.113
0.4 -7.2 4.524
8.8 -1.2 -17.996
-6.4 4.4 1.9495
0.8 1.7764e-015 5.1121
-4 4 5.6138
4 -9.2 17.315
0.8 9.6 5.1737
-5.6 4 3.3993
0.8 -1.6 0.13789
-2 2.4 -0.47849
-6 -8 -13.351
6.4 -3.6 -7.988
9.2 -6 -3.3787
6.4 -6 -3.4626
6.8 2 -19.258
4.8 -8 6.0562
-4.4 -4 -8.099
3.6 9.2 -4.8868
-6.8 -3.2 -6.6738
6.8 8.8 -20.65
5.2 -5.6 2.838
5.6 8.4 -16.372
-9.6 1.6 -9.5244
-0.8 -6 3.3273
8.4 1.7764e-015 -17.004
6.4 6.4 -19.858
-8.4 8 18.248
-5.2 6 6.4094
6.4 5.6 -17.153
4.8 -9.6 16.807
-6.4 6.8 12.129
-8.4 5.2 -0.8788
8 -9.6 13.193
-9.2 -2.4 -19.789
4.4 1.6 -11.734
-5.2 8.8 21.609
-5.2 -0.4 -1.0241
-5.2 2 3.7075
-5.6 -8 -7.2751
-6.4 -2.8 -8.2038
8 1.2 -18.671
3.2 5.6 -2.2587
0.4 -8.4 11.65
-1.2 -5.2 0.75935
4.4 4.4 -15.077
-5.2 4.8 2.4412
7.6 -5.6 4.6595
-0.4 -9.2 13.425
1.7764e-015 -2.8 -0.24305
-3.6 -7.6 -5.4961
6.4 4.4 -16.705
10 1.7764e-015 -28.355
-4.8 3.6 5.6127
7.6 -8.4 9.9097
-4.8 0.4 -4.4338
4 -5.6 0.79141
6 -6.8 4.2302
-1.6 9.6 10.314
6.4 9.2 -18.472
2.4 9.2 -0.91932
0.8 -2.4 -1.8649
-4.4 1.6 1.1568
4.4 1.7764e-015 -7.8111
4 4 -7.6757
3.2 -0.4 -5.4454
-4 -3.2 -2.6598
1.6 -4 6.1949
0.8 -0.8 3.6705
-8.4 -6.4 -22.198
5.6 6.8 -19.034
8 1.6 -20.468
1.2 -5.6 8.0551
6.4 1.7764e-015 -11.775
-8 1.2 -1.4717
0.8 -5.6 7.0608
9.6 5.6 -36.046
-9.6 9.2 21.588
6.8 3.6 -24.138
1.2 4.4 -0.45051
-9.6 -4.4 -22.017
-9.2 -4 -17.757
8 -4 -8.0902
8 3.6 -24.392
-1.6 7.6 14.501
6 9.6 -17.834
9.2 7.6 -35.733
-9.2 -4.4 -14.869
-7.2 -3.6 -11.19
4.4 -9.6 13.771
3.2 9.2 -6.2808
-4 7.2 12.088
-4.4 0.8 -3.5521
5.2 -5.2 1.811
4.4 6.8 -8.849
-4 -3.6 -0.67602
-9.2 5.6 1.9342
5.6 9.2 -12.73
8.8 9.6 -34.527
-7.6 -9.2 -16.679
-1.6 -7.6 4.24
8.4 4 -29.531
5.2 6 -15.021
6 2.4 -11.676
1.7764e-015 -6.4 2.3647
2 6.8 -6.3419
8.4 0.4 -19.161
-6 -2 -6.9349
-4 -4.4 1.6312
10 8.4 -40.139
-4.4 -6.4 -2.7029
1.7764e-015 6.8 2.9623
-5.2 -5.2 -4.6225
1.6 -3.2 3.0535
0.8 -7.2 6.9215
-4 -8 1.3324
1.2 -0.4 -0.082417
-8 -4.8 -11.785
8.4 0.8 -18.277
-6.4 8.4 21.591
4.4 5.6 -11.4
-7.6 4.4 1.5273
-7.6 -4 -10.151
5.6 4.8 -12.853
7.6 -3.2 -6.4169
1.7764e-015 -1.6 3.449
-2.4 -7.6 1.0476
-6 8.4 20.486
-3.6 -0.8 -4.4212
-6.4 -2 -8.3399
-3.2 -8 1.4934
-6.8 0.4 -0.60617
-5.2 2.4 5.6695
2 -6 5.687
0.8 0.8 1.649
-2 5.6 3.8642
8.8 -3.2 -15.085
5.6 -5.6 7.2872
-0.4 -4.4 2.8762
6.4 2.4 -15.232
-4.4 6 8.8755
3.6 4.8 -6.8957
-0.8 4.8 4.9581
-7.6 5.2 4.5264
-1.2 4.8 6.166
0.8 8.4 1.5702
-7.2 9.6 21.291
-5.2 -6.4 -2.1481
2.4 -8 8.7771
-6.8 -4.8 -12.124
-6.8 3.6 5.8395
2.4 1.6 -9.0223
6.8 -2.4 -8.1456
9.2 4.4 -34.397
10 0.8 -32.565
-3.6 2.4 3.7717
-6.4 3.2 6.9816
5.2 7.6 -11.85
-0.4 0.8 1.4704
-0.8 -4.4 6.8203
-7.6 6.4 11.146
-5.2 -4.8 -4.0731
4.4 9.2 -9.8774
5.6 -2 -6.3369
8 0.4 -20.421
-5.6 -4.4 -7.0174
-3.2 1.7764e-015 -6.1567
-3.2 -2 -4.3793
-6.4 7.2 13.159
-2 -6.4 1.8071
3.2 4 -6.0415
2.8 7.2 -0.90229
-8.8 -6.4 -20.488
-2 8 10.339
4.4 -3.6 5.9309
-4 -6.8 -6.024
-3.6 5.6 7.3614
-5.6 0.4 -1.122
4.8 7.6 -10.815
6 -8.4 10.405
2 -9.6 15.747
2 9.2 3.9127
-2 -1.6 0.23861
-6.8 -8.8 -11.583
9.6 -5.6 -7.2432
1.7764e-015 3.2 0.71373
2 8 3.7562
-3.6 0.4 -2.6667
2.8 5.6 -7.108
8.4 5.2 -29.413
0.4 9.6 6.111
-9.6 -0.8 -15.075
5.2 4.8 -9.4885
0.4 -0.8 0.59851
-6.4 -0.4 -4.9022
-8.4 -7.6 -15.485
9.6 2.4 -22.219
-5.6 3.6 4.3775
2.4 6 -7.2135
5.6 -9.6 14.873
-5.2 -1.6 -3.2334
6.8 9.6 -18.651
-5.2 3.6 1.2893
9.6 4.4 -31.103
4.4 0.8 -5.0917
-6.4 2.8 3.3345
1.6 6.4 -2.7293
-9.2 3.2 -0.062705
9.6 4 -41.084
7.2 -1.6 -15.479
-2.4 9.6 18.84
4.8 8 -14.66
5.6 2.8 -13.192
9.2 3.2 -23.021
-1.6 4.4 1.9937
-0.8 -8.4 6.1623
-5.6 -9.2 -7.5737
-3.6 6 10.628
7.6 3.2 -22.514
-6 -4.4 -8.6048
8.4 -7.2 1.4521
3.6 -3.2 -0.67704
-9.2 8.8 16.32
-9.2 -3.6 -20.742
-4.8 -6 -1.3322
-1.6 5.2 4.7308
-7.2 1.6 2.0639
-8.8 7.6 11.79
6.4 8.4 -20.218
2 -5.2 -0.052754
-9.2 9.2 19.004
-7.6 -6.8 -13.857
5.6 -8 9.7792
9.6 1.2 -25.178
-6.8 4 2.8265
7.2 -5.6 -2.0249
-3.2 8.8 13.714
4 -0.8 -6.4119
-1.2 -8.4 6.6103
3.2 -6.4 4.2695
1.7764e-015 5.6 -0.034538
6.4 -4.8 7.0289
7.6 -9.2 13.16
1.2 -4.8 5.1492
6 6.4 -18.685
1.7764e-015 9.2 8.0697
-1.6 4 -2.745
-0.4 10 11.764
-6.4 -5.2 -9.3475
2.8 2.8 -7.084
-9.2 -0.8 -15.424
-2.8 -7.6 1.6914
9.2 -2 -20.395
-1.2 -2.4 1.387
3.2 6 -0.75499
-2.4 -6.8 5.2103
4.8 -3.2 -5.5952
-3.2 -1.2 -4.2109
-2.8 5.6 8.8681
-9.2 -5.6 -20.881
-2.8 -7.2 5.5713
2.8 1.2 -1.1737
-8.8 5.2 4.3741
-7.6 0.8 -2.7534
-5.6 2.8 0.50786
3.6 2.8 -2.7997
6.4 -2.4 -7.8671
0.8 3.2 6.1504
2 0.4 -1.5489
-1.2 -4.8 0.4214
10 -0.8 -20.458
2 9.6 7.1456
8.8 6 -29.064
4.4 2.4 -11.316
-8 -4.4 -17.861
5.2 2.4 -11.981
6 -9.2 13.4
8.8 -8.4 12.645
-9.6 -5.2 -21.687
6 -1.6 -3.9983
8 3.2 -27.068
-6 8.8 15.01
-0.8 7.6 5.95
-0.4 9.2 15.555
9.2 -4 -11.352
-2 9.6 12.972
9.6 -0.8 -25.029
2.8 -6 5.7044
-5.6 -2 -6.0313
-6 10 19.993
-6.4 -4.8 -11.966
-2.8 3.2 -0.010508
-7.6 2.8 1.6723
-3.6 2.8 9.8364
9.6 7.6 -38.126
1.2 -5.2 3.9574
7.6 2.8 -23.391
2.8 -3.2 -3.6002
6.8 -8 8.3651
6 -5.6 5.0652
4.4 -4 4.3886
-9.2 2 -8.5906
2.8 -6.4 10.38
-0.4 8.4 4.3781
-7.6 9.6 22.952
-2.8 10 17.458
0.4 3.2 2.1064
-4.8 5.2 7.2477
6.8 7.6 -21.068
-3.2 6 8.8275
-4.8 -6.4 -4.104
-3.6 -6 -5.7651
1.6 0.8 -1.9227
0.8 -7.6 4.0081
-8 6 11.714
3.6 -2.4 3.3944
4.4 -8.4 17.21
6.4 -0.8 -8.0439
2 4.8 -3.5793
-4.8 -5.6 -2.4223
-8.8 -9.6 -23.521
-6.4 2.4 2.2046
-1.2 1.2 0.32321
-2 8.4 13.649
5.2 -9.2 15.657
-4.4 4 7.7801
-6.8 -0.4 -3.3568
0.4 -8 10.133
0.4 4.4 -0.87326
-9.6 -8.8 -31.971
-2 -0.8 1.2354
8.4 7.6 -32.56
-8.8 4.4 -0.75629
-7.6 -7.2 -14.601
6.8 9.2 -21.288
-8 9.6 21.826
5.2 5.6 -16.614
-1.6 8 12.99
2.4 5.6 -3.4021
-7.2 -5.6 -8.8065
-0.4 -4.8 3.3864
1.6 -5.2 4.592
4 -1.6 -4.368
-8.4 8.8 14.713
0.4 5.2 -0.51912
-4.8 -8.4 1.1028
8 4.8 -31.116
3.2 -8 10.782
-7.6 0.4 -2.7632
-0.8 5.6 0.31252
-2.8 9.2 14.469
-3.6 10 19.043
4.8 -2 -3.775
-3.6 -5.2 -4.6471
0.8 8.8 9.1794
6 -7.6 8.7354
-8.4 7.2 7.611
6 1.2 -12.316
2.4 -8.4 10.898
-7.2 7.6 16.933
6 -4.4 -2.4766
5.6 -4.4 2.8156
-8 -9.2 -18.531
8 9.6 -30.66
-8.8 5.6 10.7
-9.6 8.8 20.148
3.2 8 -0.64061
9.2 8.8 -35.189
8.8 1.6 -24.874
4.4 3.2 -7.713
-5.6 4.4 3.3584
-3.6 4.8 4.075
-5.2 -2.4 -3.577
5.6 -3.2 -3.4514
-8.4 -8.4 -18.21
2.8 -9.2 16.252
-2.8 4.8 6.2679
7.2 0.4 -15.066
-0.4 -2 4.8112
-6.4 2 1.2581
1.6 -6.8 5.5395
8 -4.4 -5.9314
4.8 -2.8 -2.7488
8.8 5.2 -28.808
-1.2 -4 0.91904
-0.4 2.4 2.8187
7.2 -0.8 -14.996
1.6 0.4 -1.3771
0.8 10 5.0145
3.2 -8.4 10.864
2.8 3.2 -3.3665
2.4 6.4 3.6023
-8.4 2 -0.59795
-4.8 -1.6 0.92767
10 0.4 -27.129
-1.2 8 10.819
2 7.6 2.651
6.8 -7.2 8.364
-5.6 3.2 4.1731
9.2 -3.6 -6.7689
-3.2 -2.4 -1.6286
8.4 -4.4 -5.019
1.7764e-015 -5.2 2.039
-1.2 10 12.852
4 -6 1.6476
-1.2 -5.6 3.0042
-2.8 -3.2 -1.1642
4 7.6 -2.2249
8.4 -8 4.6744
8.4 9.6 -31.644
10 -5.6 -2.6634
2.4 -1.2 -4.7584
-1.6 -6 -1.7343
-3.2 5.6 6.4081
-3.6 -8.8 3.3878
1.6 8.8 1.6262
5.6 8 -12.606
6.4 8 -22.494
-6.8 -9.6 -8.6497
1.6 -8.8 9.0402
-6 2.8 -0.25755
9.6 6.8 -36.945
6.8 -3.6 -0.32535
-6.4 -7.2 -9.5282
-3.6 7.2 11.416
1.6 -5.6 8.4397
-2 -3.6 -2.9597
9.6 -0.4 -22.165
-2.8 -6.8 1.954
-3.6 -1.2 -0.55719
9.2 -7.6 3.7612
8.8 -2.8 -11.383
-1.6 10 15.325
-4.4 -0.8 -0.37873
-8 6.8 13.294
8.8 1.2 -27.637
7.2 8.8 -25.944
4.8 4.4 -8.1047
-2.8 -4 0.53396
7.2 -2.4 -6.7517
7.6 -7.2 6.3314
7.6 8.4 -23.978
2.4 0.8 -6.118
-0.4 -2.8 5.6724
-7.6 -1.6 -12.712
4.8 6.8 -11.145
-5.6 1.6 4.5009
0.4 2.4 -0.84069
6.4 -5.2 0.50375
1.6 9.6 3.436
-1.2 8.4 12.26
9.6 8 -39.065
-0.4 6 1.2285
6 -1.2 -8.4048
-5.6 -6 -8.264
8.8 2.4 -22.163
-9.6 -1.2 -12.804
9.2 -2.8 -14.269
0.4 1.6 -0.77791
6.4 7.2 -20.548
1.2 0.4 6.1064
4.8 4 -17.013
1.2 5.2 -0.65418
4 10 -11.513
-8 3.6 6.8357
-2.8 -5.6 -1.1704
-8.8 -9.2 -23.183
9.2 -7.2 2.4081
3.2 7.6 -6.3253
-3.2 -9.6 1.7881
6 -2 -8.9385
7.6 0.8 -21.706
2 5.6 3.6865
-3.2 -9.2 -3.2692
-4 -1.2 0.91622
2 -8.8 11.356
-6.4 -2.4 -12.234
-8 -0.4 -8.4999
2.8 8.8 -6.5959
6.8 -4.8 -1.9713
-2.8 4 8.6066
10 3.6 -35.206
-6.4 7.6 17.652
3.2 -5.2 1.9237
0.8 7.6 -2.5875
2.8 7.6 -5.0769
10 1.6 -30.77
-2.4 -8 7.7119
8.4 -0.4 -23.25
-1.6 -0.8 -1.3076
-6.4 4.8 0.56539
-1.6 2 0.066844
-2.4 3.2 3.5329
6 8 -19.144
9.2 -0.8 -21.998
-8.4 10 25.824
2.8 -5.6 7.3346
-6 6.8 12.744
9.6 9.6 -40.765
-8.4 -2.4 -12.039
-6.4 6.4 12.973
7.2 -7.6 6.7945
7.2 -6.8 1.928
-5.2 -9.6 -3.7159
-1.2 2.4 4.205
-1.6 6.4 11.815
1.2 -6.4 9.0475
-4.8 -2.8 -7.8031
5.6 -9.2 12.046
4.4 6 -11.828
-7.6 3.2 -1.4793
-2 -0.4 -0.62462
-6 4 0.10401
-0.8 -2.4 2.1942
10 -9.2 8.6566
-4.4 -4.4 -2.3256
9.6 7.2 -38.658
-1.6 1.2 2.5772
-6 -3.6 -2.9909
-1.2 -8 8.1523
5.2 -2 -5.5604
4.4 9.6 -3.6178
2.8 -8 12.688
8 -1.6 -10.614
-6 -2.8 -0.80615
-4.8 4 6.4767
-0.8 4.4 1.8063
-6.8 6 6.8361
-7.6 4.8 11.281
-4 2.4 2.4343
8.4 -6.8 8.0298
-0.4 7.6 10.256
8.4 2.4 -23.514
-6.8 7.6 9.7046
9.6 -6 -7.8649
-0.4 4.8 6.5757
1.2 -8 10.605
-9.2 -8.4 -24.094
6.8 -2.8 -9.4168
-5.6 -2.8 -8.3913
-6.8 5.2 7.7891
2.4 1.7764e-015 -3.97
-4.8 -8 -5.059
2.8 -2.8 4.1405
4.8 2 -6.5349
-4.4 -2.4 -6.4979
-6.4 -9.6 -11.072
9.6 3.6 -32.403
9.2 7.2 -36.198
0.8 -6.4 7.1825
3.6 1.6 -6.4583
2.8 -2.4 -0.36013
-6.4 -8 -11.874
-2.8 -2.8 1.8453
8.4 7.2 -29.804
5.6 -0.8 -7.246
1.6 10 4.2478
-0.8 -6.4 4.6623
-6.8 -1.2 -12.269
5.6 -2.4 -6.5469
-0.8 -9.2 6.6897
1.6 4 -3.0795
-4 7.6 14.642
-8 -8 -21.943
7.6 8 -27.519
8.4 9.2 -32.039
2.4 -9.2 13.775
0.4 -5.6 0.83042
-7.6 -7.6 -16.034
6.8 1.6 -18.541
10 8.8 -44.431
2 10 4.9202
8.8 -6.8 -4.4825
8.4 8.8 -30.951
9.6 -2 -21.934
2.4 -5.6 3.147
-2.4 -9.2 6.0404
0.8 -8 11.242
-9.6 -0.4 -18.574
-0.8 -0.4 2.3725
-8.4 9.6 22.307
4 -2.4 -4.8491
3.6 8 -7.0905
-9.2 2.8 -2.7661
2.8 -0.8 -1.8898
8.8 -9.6 16.443
7.2 8.4 -22.281
4.8 -7.6 12.603
9.2 -6.4 -4.9748
3.6 -8 11.445
-0.8 -2.8 5.67
9.6 4.8 -33.013
-8.8 -6.8 -20.802
8.4 6.4 -31.559
-4.8 1.7764e-015 0.59899
-9.6 0.4 -11.806
0.4 6.8 4.6404
-8.8 -8 -26.883
8.8 7.6 -34.101
4.8 2.8 -8.051
4 -3.2 2.6983
-1.2 -6.4 5.1564
-7.2 -5.2 -10.379
-8 2 -4.9061
2.4 -2.8 1.1114
8 -6 -5.0177
5.6 -8.8 14.837
2 -2.8 0.37415
5.2 -3.2 0.93768
6.4 -1.6 -9.8175
-1.6 2.4 -2.0389
-7.6 -9.6 -14.251
1.7764e-015 1.7764e-015 0.23084
10 -3.6 -11.482
7.6 6.8 -25.75
-4.4 0.4 2.1494
-8.4 0.4 -8.3089
9.2 8.4 -36.003
3.6 3.2 -3.1071
-6.8 -2 -11.953
7.6 -4.8 -4.7712
-0.8 -5.6 3.0034
9.2 -9.6 11.372
1.7764e-015 2.8 -2.1396
-4 -0.4 0.49429
-7.6 8 15.097
4 5.2 -9.5789
1.7764e-015 -3.6 -1.5802
9.2 8 -32.72
9.6 -7.6 -0.39071
2 -1.2 -0.68996
-6 5.6 12.831
4.4 8.8 -7.9183
-0.8 8 5.663
-3.2 8.4 12.282
5.2 -8 10.632
-4.8 5.6 9.2744
2.8 4 -6.3955
-6.4 10 21.456
-8.4 3.6 3.4557
-4.8 -5.2 -5.4251
-6 4.4 4.6333
2.4 -7.6 12.135
-7.2 -1.2 -13.233
9.6 1.6 -35.061
-0.8 1.6 0.26142
-3.2 -8.8 8.8737
-4 -4.8 -5.1817
-1.2 -8.8 5.1257
5.6 6 -18.773
3.6 7.6 -7.6518
-8 -1.2 -8.2076
6.4 7.6 -17.384
6 6.8 -17.691
6.8 -7.6 8.8246
2.4 1.2 -2.7678
4.8 -1.2 -5.8622
4 -9.6 9.7414
2.8 -7.6 9.4084
-4 -2.4 -2.626
10 -2.8 -15.807
-7.6 -0.8 -5.9206
5.2 -0.8 -5.6194
-2 -4.4 2.9646
-7.2 -0.4 -7.1125
-3.6 8.4 17.784
6 0.4 -12.575
5.2 0.8 -8.9505
-1.6 9.2 14.782
1.7764e-015 -2.4 0.55395
1.2 2.4 -2.1037
-5.2 5.2 6.3509
-9.6 5.6 8.3565
-7.2 0.4 -4.5165
-1.6 4.8 1.5235
-2 4.8 6.3047
4 -8.8 14.686
-9.2 -1.6 -18.248
-1.2 -4.4 0.013069
0.8 -9.6 10.962
-0.4 -8.8 4.9447
-4 -2.8 -3.3689
2.4 2.4 -1.5288
-2.8 -3.6 0.50587
-2 -9.2 6.4582
4 8.8 -6.4786
1.7764e-015 -4 0.75905
8.4 6.8 -27.995
1.7764e-015 5.2 4.1563
6 0.8 -7.937
-6 2 1.2117
2.4 -4 8.8777
-8 -5.6 -11.339
-2 -6.8 2.671
0.8 -5.2 2.8362
-6.4 1.2 0.36909
-9.2 0.8 -8.8307
0.8 -3.2 0.70728
-3.6 -2.4 -1.4953
-4 -8.8 -0.41144
3.2 8.8 -7.4862
7.2 -9.6 9.4829
-8.8 -4.4 -18.919
-0.8 2 1.409
9.2 2.8 -29.896
1.2 2 1.1845
-5.6 -3.2 -7.1077
0.4 -4.8 2.0041
-2 -1.2 -3.1103
0.4 5.6 5.9199
4.4 -4.8 2.5248
8.8 8 -33.301
2.8 -1.6 -1.6057
2.4 6.8 -1.7728
-0.8 5.2 8.8354
-2.8 4.4 4.7892
-0.4 2 -2.3816
5.2 -1.2 -6.8819
0.4 8 5.0434
-8.4 7.6 14.483
8.8 -3.6 -9.3014
-4.4 5.6 12.212
5.2 9.2 -11.574
-5.6 1.7764e-015 -1.7416
0.4 -1.2 3.2229
-8.4 -8 -17.002
-4.8 -4 -0.13336
6.4 0.8 -14.448
-1.6 -2.8 0.30604
5.6 1.6 -14.374
-0.4 -1.6 -2.5764
8.4 -2.4 -10.001
-2 -4 6.1331
-2.4 -1.6 -2.8039
-0.8 -6.8 1.1485
1.6 6.8 5.4511
5.2 8 -12.364
-4 -0.8 -5.0309
-8 8 13.82
-4 0.8 -1.168
4.4 -6.8 8.7629
-5.2 4 3.286
-7.2 -6 -14.203
4.8 1.2 -9.8922
6.4 -3.2 -1.1339
-2.8 -9.2 5.3075
-4.4 3.6 7.266
7.6 6 -25.79
-6 -0.4 -5.1346
4.8 -2.4 -2.068
2 8.4 0.63663
-3.6 4.4 8.1183
3.6 10 -6.8074
-4.8 8 17.327
8.8 -9.2 13.463
5.2 10 -11.487
-5.2 9.2 20.222
-6 -3.2 -6.2016
1.7764e-015 -7.6 5.9095
-7.6 -2.4 -9.4783
-7.2 8.4 19.774
-6 -9.2 -9.2538
-7.2 -2 -5.9893
3.6 1.2 1.481
4.8 8.4 -12.704
1.6 -6 8.6469
-9.6 4.8 -1.8455
-7.2 6 11.067
-5.6 -5.6 -9.7595
8.8 2 -26.484
6 -2.4 -10.243
-9.2 6.8 8.1582
2 -6.8 12.204
8 0.8 -19.262
-5.2 0.8 -4.0234
-2 1.2 4.7704
7.6 -0.4 -14.341
3.2 7.2 -1.1505
5.6 2 -15.823
3.6 -3.6 0.011318
-8 -0.8 -15.321
-2.4 2 1.6352
-5.2 -3.6 -7.6852
4.4 -5.6 3.936
-1.6 5.6 9.9444
-8.4 4 -2.0304
9.6 -2.4 -15.228
1.7764e-015 0.4 0.45407
-5.2 8.4 16.996
-6.8 1.7764e-015 -2.6329
5.2 4.4 -11.827
-0.4 -4 -1.461
-6.8 4.8 12.382
3.2 5.2 -4.9266
-2.8 -6.4 0.44205
7.2 -2.8 -9.9292
-4.8 3.2 5.8572
-8 2.4 -0.082235
-4.8 -6.8 -4.9036
6.4 -8.8 13.092
-7.2 -6.8 -10.918
-4.4 -7.6 -1.5886
-0.8 -1.2 -2.061
9.6 6.4 -37.885
-8.8 -3.6 -8.4478
4.4 10 -6.4782
8.4 8.4 -28.715
8 6.8 -28.595
9.2 1.7764e-015 -24.22
5.6 10 -17.417
-4 -9.6 6.0606
-9.2 7.6 13.051
9.6 -7.2 0.78505
3.2 9.6 -1.4045
-8 -6.8 -14.781
10 -8.8 6.0032
4 6.8 -9.105
9.2 6 -31.491
-4.8 -9.6 -6.5094
0.4 4 1.4491
-9.2 1.6 -4.461
3.6 6.4 -8.1467
1.6 5.2 -7.0371
-2.4 2.8 4.1749
-4 -7.6 -3.5264
-2.8 8.4 9.5547
1.2 9.2 4.329
-8.4 8.4 11.957
10 5.6 -39.115
-6.8 4.4 2.8639
3.6 2.4 -6.563
-1.2 6 6.7762
5.2 1.7764e-015 -11.977
7.2 -8 12.958
2.8 9.2 1.1638
1.2 -4 -1.3792
-4.8 7.2 13.122
9.2 6.4 -35.076
-6.8 2.4 2.7222
3.6 4.4 -9.7932
6 -4 -1.7348
4.4 2 -6.7136
-4.4 6.8 11.536
-6.8 3.2 2.584
-3.6 6.8 11.222
-6.8 -9.2 -13.483
-7.6 -8 -14.947
-0.8 6.4 10.082
-4.8 -4.8 -7.0485
1.2 8.4 5.3102
-0.4 4.4 1.351
-6.8 -3.6 -12.174
-1.2 3.2 2.819
-8 1.7764e-015 -5.9289
-2.4 5.6 3.3801
4.4 2.8 -11.292
0.8 0.4 -5.0903
-8.4 -7.2 -15.561
4.4 -1.2 -4.7545
8.4 -5.2 -4.1313
-7.6 -3.6 -11.186
8.4 5.6 -33.994
4.4 -2.8 -4.2693
-7.6 1.7764e-015 -6.1941
4 6 -11.681
6.4 3.2 -15.882
7.6 5.6 -23.432
-8 8.8 15.188
10 -6.4 -4.4782
-1.6 -6.8 4.7041
-6 -8.8 -9.7059
8.8 -6.4 -2.3508
-8.8 8 19.092
-7.6 7.2 11.224
6.4 -9.2 11.6
-8.4 4.8 5.72
10 8 -36.032
3.6 5.6 -5.7567
5.2 -6 5.3145
-4.4 -3.2 -5.6729
6.8 -1.6 -10.983
6.4 -8.4 12.408
-4.8 -4.4 -0.66532
-1.2 2.8 -0.98753
1.6 -2.4 -2.6424
6.4 -2.8 -8.1376
2.8 -8.8 9.7297
3.6 -7.6 9.7955
2.8 4.8 -4.6703
1.7764e-015 -9.2 13.602
8.8 -7.2 3.7592
1.6 -1.2 1.3177
-5.6 -9.6 -6.047
-6.4 0.8 -2.4363
-8 8.4 15.109
-5.6 -6.4 -7.235
1.2 3.6 2.5322
4.8 -8.4 8.9982
-7.2 -7.6 -11.047
-6.4 6 7.633
7.2 -8.4 9.5729
2 -4 4.1339
-2.4 -0.8 1.8323
0.8 2.8 -1.3318
1.2 2.8 1.1716
7.2 7.6 -25.078
9.2 6.8 -38.402
-0.4 5.6 5.8431
-2.4 -3.2 -1.7282
8 1.7764e-015 -19.351
3.2 -7.6 10.348
6.8 5.6 -24.644
1.7764e-015 1.6 0.96051
2.8 9.6 3.1558
-6.8 -1.6 -9.4883
4 1.7764e-015 -0.12988
-2.4 8.8 11.993
-3.2 4.4 5.2177
9.6 -8 2.4287
-4.8 6.8 9.6086
2.4 4.8 -5.5563
-6 1.6 1.7609
-6 4.8 7.8584
8 -1.2 -11.529
7.6 -9.6 18.515
9.2 2 -29.13
3.6 -6.4 5.8452
