0.54527 -0.41972
-0.097176 -0.37853
0.59745 -0.002191
0.14379 0.69676
0.14647 -0.1215
0.14234 -0.17803
0.13778 -0.61761
-0.74556 -0.18777
-0.43629 0.28924
0.22423 -0.63748
-0.74579 -0.11393
-0.3629 0.61213
0.58044 0.26872
-0.35072 0.65125
0.49522 0.011499
-0.35404 -0.53118
0.50191 0.24643
-0.2113 0.66601
0.68744 -0.39403
0.2032 -0.21206
-0.39786 0.52476
0.65773 -0.10113
-0.67698 -0.10428
-0.23968 0.40392
0.58819 0.11387
0.40942 0.41617
0.017647 0.29053
-0.097131 0.030055
-0.72753 0.24602
-0.39558 0.19735
0.77192 0.15144
-0.14404 0.48927
0.16087 -0.62631
-0.20659 -0.44916
0.03401 -0.64905
0.4623 0.11386
-0.52093 0.39788
-0.66119 -0.19824
0.53659 0.24736
0.27338 0.46743
-0.29177 -0.032117
0.69424 -0.17692
-0.5143 0.035582
0.73707 -0.23255
-0.62026 0.25808
0.29121 0.29587
-0.31984 -0.0091
0.48413 -0.2686
0.06879 0.46664
-0.65764 -0.32844
0.65292 -0.39162
-0.51054 -0.21096
-0.61016 0.2836
0.18222 0.45809
0.074469 -0.61517
0.17323 0.38895
-0.19123 0.33617
0.20209 0.17254
-0.32432 0.26537
0.74487 0.1391
0.52727 0.21869
0.006958 0.34966
-0.70331 -0.145
0.40094 0.14281
0.47573 0.17209
0.52665 -0.36347
-0.12705 0.76616
-0.30063 0.27696
-0.39682 -0.50095
0.5637 -0.14683
-0.13315 0.3291
0.38619 -0.42119
-0.70836 -0.36727
-0.52383 -0.41898
-0.33212 -0.7215
0.18817 0.56012
-0.43338 0.36836
0.084471 0.38531
-0.77677 -0.044248
0.020234 -0.71828
0.043508 0.33995
0.44688 -0.57176
-0.36412 -0.49633
0.16737 -0.55854
-0.51945 -0.20932
-0.40617 0.54243
0.2766 -0.29116
-0.29946 0.2342
3.8e-05 -0.47039
0.077644 -0.33728
-0.30134 0.43118
0.22126 -0.28192
-0.36093 -0.20316
-0.30554 0.66477
-0.19993 0.15841
-0.63606 -0.21346
0.22137 0.14313
-0.2943 -0.59832
0.049936 0.010019
0.41109 0.19232
-0.13067 -0.75795
-0.10895 -0.21282
-0.2904 0.71976
0.1872 -0.60593
0.011882 0.72508
0.50379 -0.072649
-0.2408 -0.29841
0.020454 -0.52563
-0.73158 0.069435
-0.12587 -0.52461
0.45613 0.010447
0.082916 0.23686
0.49304 -0.44913
-0.23321 0.5257
-0.19873 -0.31424
0.19966 0.68002
-0.68044 0.16999
0.41504 -0.38326
0.12545 0.59311
-0.098063 0.66266
-0.21992 0.0641
-0.098317 -0.56598
0.7212 0.014099
0.041417 -0.1142
-0.72577 -0.18982
0.48549 -0.37275
0.23088 -0.12863
0.67203 -0.14824
-0.56816 -0.11965
-0.51578 0.22426
0.48426 -0.2155
0.49484 -0.00059
0.45499 -0.63592
-0.19538 -0.066015
-0.51348 0.039514
-0.10042 0.36856
-0.66373 0.35696
0.70172 0.307
-0.42908 -0.27658
0.44187 0.22469
-0.397 -0.65286
0.56875 0.004001
0.067823 0.71962
0.22367 -0.62131
0.074428 0.001415
0.33639 -0.5604
-0.25847 0.063647
0.39103 -0.69097
0.42394 0.36745
0.64585 0.010685
