9.4 4.8 -6.708
5.4 9.6 36.322
1 -3.2 17.423
13 -5.2 -76.426
3.8 -6.4 33.348
11 -3.2 -41.745
1 5.2 -10.236
7.8 5.6 4.7408
-5.4 -3.2 -2.4985
8.2 -6.4 -9.3064
2.6 5.6 12.622
1.8 7.6 1.3747
8.2 -1.6 -22.638
6.6 1.2 2.3566
10.2 7.2 5.0671
-4.2 8.8 -57.34
1 -0.4 10.436
0.2 2.4 -4.8529
6.2 -5.2 4.6333
2.6 2.4 -3.3406
9.4 4.8 -6.708
5.4 9.6 36.322
1 -3.2 17.423
-5.8 -0.4 -35.701
-1.8 4.4 -22.499
-4.6 3.6 -44.603
-1.4 -1.6 6.431
10.6 6 2.2468
-5 12 -67.813
3 6.8 0.99306
-0.2 -4 25.969
1.8 -1.6 21.036
11.8 6.4 -11.54
9.8 1.2 -34.823
3 10.8 27.381
7 -6.4 14.096
-2.6 -2.8 15.518
-4.2 6.4 -56.12
-0.6 -1.2 4.6614
2.6 0.8 4.3777
1 8 2.5992
9.8 4.8 -9.9983
3 10 33.016
-5.4 8 -65.564
-4.2 3.2 -37.946
2.6 9.2 26.267
-0.6 -0.8 12.213
-3.4 7.6 -48.565
5 4 4.692
9.4 8 17.909
12.6 -2.8 -78.241
7 5.6 1.8617
0.6 2.8 -13.659
9 6.8 18.091
2.2 -3.2 17.588
-0.6 4 -20.371
4.2 -6.4 27.191
4.6 3.2 5.1493
5.4 0.4 -9.4946
10.6 -6.8 -52.548
7.4 2.4 -4.2114
8.6 9.6 46.006
-2.6 4.4 -40.925
10.2 3.2 -24.425
3.4 0.4 -1.9304
11.8 12 68.179
6.2 -2.8 -10.428
1 -5.2 39.379
0.6 3.6 -9.1303
1.4 -2 21.03
3 4.4 -1.6544
4.6 4.8 2.5203
10.2 4 -16.217
3.4 -7.2 49.349
1.8 0.4 8.9325
12.6 2.4 -54.986
8.2 -7.6 -6.612
-5 -2 -2.8258
-1.8 10.8 -17.045
1 2 -8.5069
8.6 7.6 12.517
-1 11.6 3.3667
8.6 3.2 -15.223
2.6 3.6 11.555
6.2 4.4 -9.2042
1.4 -1.6 11.255
-0.6 -2.4 11.869
4.6 -0.8 13.44
9.8 -6.4 -31.475
10.2 8 15.182
3.8 -6.8 45.499
5.8 4.4 -6.7774
5.4 -2.4 -0.28398
7 0 -11.167
-2.2 -6.8 61.843
1.8 6 -3.6393
-0.6 2.8 -11.131
-6.2 -6 31.326
9.4 -7.6 -11.68
-2.6 2.8 -20.475
