9.4 4.8 -7.2619
5.4 9.6 24.206
1 -3.2 13.759
13 -5.2 117.26
3.8 -6.4 55.851
11 -3.2 54.247
1 5.2 5.1657
7.8 5.6 -1.9407
-5.4 -3.2 14.435
8.2 -6.4 89.604
2.6 5.6 -1.2442
1.8 7.6 18.013
8.2 -1.6 38.337
6.6 1.2 -0.33684
10.2 7.2 -7.608
-4.2 8.8 76.376
1 -0.4 5.0272
0.2 2.4 -3.6972
6.2 -5.2 71.775
2.6 2.4 3.4979
9.4 4.8 -7.2619
5.4 9.6 24.206
1 -3.2 13.759
-5.8 -0.4 20.384
-1.8 4.4 24.82
-4.6 3.6 21.492
-1.4 -1.6 13.07
10.6 6 -5.5212
-5 12 136.79
3 6.8 12.48
-0.2 -4 9.1373
1.8 -1.6 11.287
11.8 6.4 -4.7875
9.8 1.2 18.944
3 10.8 46.262
7 -6.4 84.165
-2.6 -2.8 12.657
-4.2 6.4 49.813
-0.6 -1.2 -3.8714
2.6 0.8 -3.623
1 8 32.126
9.8 4.8 -6.7038
3 10 30.573
-5.4 8 77.386
-4.2 3.2 29.798
2.6 9.2 26.306
-0.6 -0.8 -5.193
-3.4 7.6 57.049
5 4 -9.9749
9.4 8 -2.3776
12.6 -2.8 72.38
7 5.6 -9.8991
0.6 2.8 4.3031
9 6.8 -4.5571
2.2 -3.2 17.204
-0.6 4 12.993
4.2 -6.4 51.695
4.6 3.2 -9.1281
5.4 0.4 -1.8539
10.6 -6.8 112.43
7.4 2.4 -2.5558
8.6 9.6 0.50569
-2.6 4.4 34.016
10.2 3.2 -2.7706
3.4 0.4 5.7508
11.8 12 6.1956
6.2 -2.8 36.774
1 -5.2 26.177
0.6 3.6 -2.9603
1.4 -2 17.206
3 4.4 -7.9435
4.6 4.8 -1.0569
10.2 4 -4.3928
3.4 -7.2 64.882
1.8 0.4 7.1652
12.6 2.4 19.823
8.2 -7.6 103.11
-5 -2 19.101
-1.8 10.8 89.489
1 2 -1.6718
8.6 7.6 6.5867
-1 11.6 85.518
8.6 3.2 -4.5996
2.6 3.6 1.5751
6.2 4.4 -11.146
1.4 -1.6 10.732
-0.6 -2.4 -1.1766
4.6 -0.8 14.575
9.8 -6.4 98.574
10.2 8 -19.311
3.8 -6.8 62.713
5.8 4.4 -10.197
5.4 -2.4 19.843
7 0 26.695
-2.2 -6.8 30.399
1.8 6 13.707
-0.6 2.8 9.4793
-6.2 -6 23.196
9.4 -7.6 115.87
-2.6 2.8 20.256
