10 -7.2 -76.426
0.8 -8.4 33.348
8 -5.2 -41.745
-2 3.2 -10.236
4.8 3.6 4.7408
-8.4 -5.2 -2.4985
5.2 -8.4 -9.3064
-0.4 3.6 12.622
-1.2 5.6 1.3747
5.2 -3.6 -22.638
3.6 -0.8 2.3566
7.2 5.2 5.0671
-7.2 6.8 -57.34
-2 -2.4 10.436
-2.8 0.4 -4.8529
3.2 -7.2 4.6333
-0.4 0.4 -3.3406
6.4 2.8 -6.708
2.4 7.6 36.322
-2 -5.2 17.423
-8.8 -2.4 -35.701
-4.8 2.4 -22.499
-7.6 1.6 -44.603
-4.4 -3.6 6.431
7.6 4 2.2468
-8 10 -67.813
1.7764e-015 4.8 0.99306
-3.2 -6 25.969
-1.2 -3.6 21.036
8.8 4.4 -11.54
6.8 -0.8 -34.823
1.7764e-015 8.8 27.381
4 -8.4 14.096
-5.6 -4.8 15.518
-7.2 4.4 -56.12
-3.6 -3.2 4.6614
-0.4 -1.2 4.3777
-2 6 2.5992
6.8 2.8 -9.9983
1.7764e-015 8 33.016
-8.4 6 -65.564
-7.2 1.2 -37.946
-0.4 7.2 26.267
-3.6 -2.8 12.213
-6.4 5.6 -48.565
2 2 4.692
6.4 6 17.909
9.6 -4.8 -78.241
4 3.6 1.8617
-2.4 0.8 -13.659
6 4.8 18.091
-0.8 -5.2 17.588
-3.6 2 -20.371
1.2 -8.4 27.191
1.6 1.2 5.1493
2.4 -1.6 -9.4946
7.6 -8.8 -52.548
4.4 0.4 -4.2114
5.6 7.6 46.006
-5.6 2.4 -40.925
7.2 1.2 -24.425
0.4 -1.6 -1.9304
8.8 10 68.179
3.2 -4.8 -10.428
-2 -7.2 39.379
-2.4 1.6 -9.1303
-1.6 -4 21.03
1.7764e-015 2.4 -1.6544
1.6 2.8 2.5203
7.2 2 -16.217
0.4 -9.2 49.349
-1.2 -1.6 8.9325
9.6 0.4 -54.986
5.2 -9.6 -6.612
-8 -4 -2.8258
-4.8 8.8 -17.045
-2 1.7764e-015 -8.5069
5.6 5.6 12.517
-4 9.6 3.3667
5.6 1.2 -15.223
-0.4 1.6 11.555
3.2 2.4 -9.2042
-1.6 -3.6 11.255
-3.6 -4.4 11.869
1.6 -2.8 13.44
6.8 -8.4 -31.475
7.2 6 15.182
0.8 -8.8 45.499
2.8 2.4 -6.7774
2.4 -4.4 -0.28398
4 -2 -11.167
-5.2 -8.8 61.843
-1.2 4 -3.6393
-3.6 0.8 -11.131
-9.2 -8 31.326
6.4 -9.6 -11.68
-5.6 0.8 -20.475
-1.6 -0.4 -1.3672
10 5.2 -8.0073
0.8 -2 2.4573
-4.8 2 -16.82
-3.2 10 2.7192
-2 -4.8 12.544
6 -4.8 -20.068
-8.4 1.6 -70.409
7.2 -4.4 -50.79
7.2 -5.2 -54.202
-8.8 1.7764e-015 -42.908
-6 -5.2 17.68
-3.6 4 -13.994
-2.8 1.7764e-015 0.66682
-3.6 -4.8 17.482
7.2 -2 -43.528
-2 -3.2 11.015
3.6 -2.8 -13.246
5.6 -0.4 -23.526
4.8 -6.4 -13.69
5.2 -0.4 -11.971
4.4 1.2 -7.3502
-6.4 -0.8 -19.273
-4.4 10 -0.52728
-5.2 -8.4 55.727
6.8 -5.6 -45.395
-7.6 -6.4 31.584
-5.2 -2 -1.6821
2 1.7764e-015 -9.9963
3.2 6.8 36.584
1.2 1.6 6.1752
-5.2 0.4 -30.163
1.7764e-015 9.6 40.143
6.8 3.2 -6.1781
9.6 -6.8 -76.355
8.4 -1.2 -51.14
4.4 -5.2 -5.2927
-0.8 -3.2 11.515
-2.8 -1.2 -6.5382
9.6 -1.6 -73.339
-3.6 8.8 5.852
5.2 -8.8 -13.997
4 -8 10.22
-4 4.8 -23.009
8.4 8 42.984
-4 2 -13.862
-4.8 2.8 -20.851
-7.2 -8.4 57.15
-6.8 8.4 -53.71
2.8 5.2 14.581
-4.8 9.6 -11.195
-7.6 2 -53.548
8.4 4.4 -2.3571
0.4 10 53.094
2 1.2 -0.87841
-3.2 -5.6 33.185
1.6 2 6.145
7.2 10 66.774
-4.4 2 -21.962
-1.2 -6 29.789
2 4.4 7.4121
-4.4 9.6 -4.2873
-9.2 1.2 -71.236
-9.6 1.2 -74.385
-9.2 -2 -47.228
4.8 6.4 34.299
4.8 -0.4 -13.971
10 6.8 15.544
-7.6 7.6 -69.132
4.4 -7.2 -7.8301
-8.8 6 -72.696
1.7764e-015 -8.4 47.951
-2 7.6 7.7742
1.7764e-015 10 45.981
4 1.2 -6.9992
5.2 5.2 24.433
-6.4 -3.2 -5.5888
-8.4 2.4 -72.591
6.8 -8.8 -23.049
3.2 -2.4 -9.3869
-9.2 -9.6 67.325
6 -5.2 -30.293
2 4 10.86
-5.6 -6.8 35.246
7.6 -4 -48.384
8.8 -5.6 -66.702
9.6 2 -35.148
-8.8 -1.2 -47.653
-2.4 2.4 -9.3556
-3.6 -2 -10.513
1.6 -9.6 41.13
-4 -4 19.514
-8.8 9.6 -89.226
-2.8 -4.8 19.693
2.8 6.8 21.776
2.8 6.4 29.836
-7.6 -3.2 -12.545
-6.4 8 -44
-7.2 10 -49.028
-1.6 8.4 26.401
-2 2.8 -3.7564
-8.8 2.8 -72.786
-4 3.2 -20.844
-6.4 -7.6 39.339
8.4 -3.6 -60.217
-6.4 3.6 -38.594
8.4 6 10.731
-6.8 -6.4 35.846
-6.4 -5.6 18.213
4 -4.8 -10.692
-4.8 -3.6 7.1894
7.2 -4 -42.997
5.2 6.4 24.433
0.4 -3.6 4.2797
-9.6 -6 5.7455
-1.6 -2 0.88858
8.4 4.8 -12.568
-4.4 1.2 -21.63
-0.8 2.4 -7.1971
8.8 -4 -57.939
5.6 3.6 1.9819
4 6.4 27.744
8.4 1.6 -37.995
-8 -1.6 -38.445
-6.8 1.2 -38.596
-6.4 -1.6 -15.78
-3.6 -6.4 39.301
3.6 -0.4 -9.6526
-6.8 -7.6 53.042
0.4 -5.2 7.1753
8 6 9.3436
-4.4 1.7764e-015 -13.8
6 2.8 2.4246
-7.2 -2.4 -17.461
3.6 2 3.7809
-5.6 -1.6 -17.371
3.2 0.4 2.0581
0.8 5.6 15.218
-1.2 4.4 4.7446
-5.6 -1.2 -14.996
-9.6 4 -85.991
3.6 1.7764e-015 -14.803
-3.2 7.2 -12.05
5.6 4.4 3.8356
6.8 6.8 29.476
-2.8 -0.4 -7.999
-7.2 -8.8 58.533
9.6 5.2 -7.5235
3.6 6 28.558
-5.2 -1.2 -11.712
-0.4 -7.6 47.332
-8 3.2 -58.376
-5.6 -0.8 -15.736
-1.6 0.8 -7.7836
9.6 6 -2.1543
-6.8 6.8 -51.897
10 -6.8 -95.39
-2.4 -5.2 30.244
4 -6.4 5.0647
-2.8 3.6 -10.24
-9.2 -1.2 -48.786
5.6 -2.8 -19.011
-6 9.2 -30.62
-9.2 -3.2 -29.074
-1.6 0.4 -1.8633
6.8 -4.4 -37.277
-7.2 -9.2 71.667
0.4 0.8 -2.8823
0.4 -6.4 34.382
-4.4 -7.2 46.438
2 6 24.876
6.4 2 -17.057
-0.4 -5.2 19.328
-8 9.2 -73.76
-1.2 2 2.0561
4.4 8 42.663
-4.4 -4.8 21.012
3.6 -9.6 25.66
0.4 0.4 -7.4914
3.2 1.7764e-015 -9.9364
-5.2 10 -10.866
4.4 4.8 17.031
-4 8.4 -12.64
-6 6 -41.954
-3.2 3.2 -14.675
-3.6 1.2 -7.3207
7.6 6.4 13.747
6 3.6 1.1428
1.2 -1.6 0.55179
-6.4 -8.4 60.011
2.4 7.2 27.484
5.2 -2.4 -31.179
7.6 -3.6 -51.618
9.6 -8.8 -74.533
-9.6 10 -96.184
5.6 -6.8 -25.526
8.4 2.8 -25.803
9.2 -4.4 -67.47
-2.4 -4 7.5753
2 -2 -3.954
8.8 -5.2 -63.312
9.2 0.4 -55.562
-0.8 3.6 4.1266
1.2 8.8 41.153
6.8 8 34.253
4.4 6.4 26.869
-1.6 -2.4 11.57
-2.4 -9.6 78.594
0.4 -6.8 28.448
5.6 -6 -21.704
-7.2 3.2 -45.918
-3.2 -4.4 21.067
6 8.4 59.448
7.2 1.7764e-015 -32.763
1.7764e-015 7.2 27.985
1.2 3.2 8.0636
-0.4 8 20.197
3.2 -5.6 2.0995
2.4 4 9.4593
-6.8 -2.8 -20.028
4.8 6 25.64
4.8 -4.4 -13.611
7.6 -2 -42.598
1.6 -4.8 8.2697
3.6 -2 -7.7462
-9.6 -3.2 -37.562
9.6 -2.8 -82.572
5.2 -4.8 -10.187
-1.2 7.2 14.352
3.2 -4.4 -9.1759
5.6 -1.6 -25.59
7.6 0.4 -35.188
6.8 4 -11.921
-5.6 5.2 -34.406
-4.4 9.2 -11.735
-9.2 -0.4 -58.867
-3.6 9.6 13.763
2.4 -7.2 17.995
-6 -8.4 59.721
-4.8 -0.8 -12.628
0.8 1.2 -3.7974
7.2 -0.4 -39.79
8 -6.4 -63.731
4.8 -1.6 -18.791
-4.4 -8 56.293
-9.2 4.4 -93.034
-0.8 8.4 35.541
6.8 0.8 -19.636
-2.8 5.2 -7.7757
-2.4 -2.4 6.0639
-6 -6.4 26.099
-9.2 -8.8 55.111
-2.8 -8.8 58.246
-1.2 1.6 0.5433
1.6 5.6 15.906
-4 -2 -0.65339
-3.2 -7.2 35.831
-1.2 6.4 6.0291
-6.8 2 -46.882
3.6 8.4 49.13
8.8 -4.8 -61.105
-8.8 -8.8 50.87
-9.2 4 -79.874
-6 9.6 -32.862
7.2 7.2 32.294
3.2 -9.2 20.782
-0.8 -7.2 42.364
-8 -5.2 -0.52668
-8.4 -4.4 -5.5256
-2 -7.6 40.575
-2.4 4.4 -4.5144
10 -5.2 -79.893
2 -2.4 9.6257
8 -3.6 -57.541
-9.2 -5.2 -2.6277
2 6.4 28.258
-7.6 3.6 -65.083
-8.4 -2 -36.295
1.2 -0.8 5.2681
9.2 2.4 -33.458
-3.6 1.7764e-015 -10.372
-8.4 0.8 -63.645
8.8 3.2 -26.035
-2.8 -2.4 5.9345
8.8 -6 -56.95
-9.6 -4.8 -20.764
2.8 -4.4 0.56603
-6.8 -0.8 -28.372
6 4 -0.71508
1.7764e-015 -2 10.791
0.4 6 11.973
-2.8 0.8 -8.481
-0.8 6.8 22.487
-5.6 -5.2 16.485
-2.4 3.6 -14.41
-8.8 0.4 -53.884
-6.8 9.6 -51.794
10 -1.6 -74.22
-9.6 9.6 -103.33
8.8 8.4 43.65
-3.2 -6.4 38.986
-5.2 -8 55.847
3.2 -3.6 -5.7608
-0.8 -9.6 62.758
10 -0.4 -55.752
-6.8 8.8 -57.006
0.4 -8.8 46.623
-8.4 1.7764e-015 -47.288
-5.6 -4 5.588
-4.8 6 -30.544
-3.6 3.6 -7.9836
-8.4 -4 -15.01
2 3.6 9.7981
8.4 -5.6 -59.959
8.4 -2 -55.692
-5.2 -5.6 28.918
3.6 -6.8 5.4576
-3.6 1.6 -16.53
0.4 3.6 7.4293
2.4 -0.8 -3.8252
-6 -6.8 33.065
0.4 1.7764e-015 -0.8836
-8.4 6.4 -71.412
-9.2 7.2 -87.993
8.4 -4 -57.527
-4.4 8 -20.121
-7.2 2 -47.011
6 -0.4 -28.266
6 1.6 -10.255
1.6 -9.2 37.945
-2 4 -0.44715
2.4 0.4 2.2113
-1.6 -1.6 -2.5363
1.2 -6.8 18.738
-9.2 1.7764e-015 -50.459
-3.6 -6.8 27.023
-4 10 4.2144
-2.4 8 21.043
3.6 -8.4 15.771
-6 7.2 -39.09
-4 -8.4 56.912
-4.4 2.8 -10.689
5.2 8.8 47.237
2.8 8.4 55.578
-8.8 -2.8 -38.878
3.6 -1.6 -15.682
7.6 9.6 56.293
-9.6 -2.4 -46.319
-5.2 4.4 -24.198
10 6 0.51871
-2 -6 27.478
-7.6 10 -58.122
8.8 8.8 48.827
2 3.2 12.488
-8.4 -3.6 -21.353
-2.4 -1.2 -2.6823
-7.6 8.4 -51.291
-1.6 -8.8 48.484
-4 1.6 -14.406
9.6 3.2 -31.853
8.8 -0.4 -52.832
3.2 -6.8 1.517
6 8.8 57.959
3.6 -4 -9.7616
9.6 -1.2 -67.424
1.2 6 19.678
-9.6 -2 -43.723
2 -1.6 -1.5625
-7.2 -0.8 -32.804
4 1.6 -0.42352
-2.8 -1.6 1.2579
6 -3.2 -28.217
-7.6 6 -70.181
7.2 -9.2 -38.936
9.6 -8.4 -77.635
-3.6 5.2 -15.044
-8.4 -8.8 46.126
-5.6 2 -46.316
7.2 -6 -43.646
-7.2 -9.6 58.435
3.6 -5.6 -5.6515
-8.8 2.4 -62.508
6.4 10 84.309
-4.4 -6 27.223
-2.4 -7.2 39.041
-4 5.6 -9.0042
8 -0.8 -36.537
-9.6 -3.6 -34.112
8 2 -21.434
1.2 7.6 30.081
-6.4 -9.2 68.329
7.2 0.8 -25.765
-7.2 2.8 -46.304
8 5.6 13.786
-2.4 4.8 -7.6535
-7.2 -7.2 33.203
-8.8 2 -65.045
-6 0.8 -27.714
-2 0.4 4.1661
-8.4 -6 17.395
-4.8 4.4 -35.991
-6 3.6 -43.441
-6 -5.6 27.181
8 -7.2 -48.393
-5.6 -2.4 -16.368
-2 8.8 7.0466
9.2 1.6 -32.629
-9.6 2.8 -87.028
-7.2 3.6 -50.683
9.2 -9.2 -74.213
-3.2 4 -17.949
10 -2.4 -78.537
9.2 -1.2 -65.237
-8.4 -4.8 2.269
6.4 6.8 29.151
-8 -6.4 18.058
8 9.2 60.501
-0.8 -7.6 48.716
0.8 3.6 7.4734
1.2 10 50.945
1.6 1.6 -5.0813
-8 -8.4 46.298
8 7.2 24.4
6.8 -5.2 -39.05
6 -8.8 -17.542
-5.2 1.7764e-015 -22.17
6.8 6 10.811
7.2 2.8 -17.119
-9.6 6.4 -108.49
3.6 9.6 64.816
-2 -5.6 22.266
-9.2 6.4 -96.798
1.6 4.8 11.092
7.6 4.8 12.356
9.2 4.8 -1.9521
-9.2 -6.4 11.303
8 -8.4 -55.561
-1.2 -9.2 58.552
1.7764e-015 2 -5.3038
6.4 4.8 9.9914
9.6 8.4 40.279
-1.6 -8 55.091
0.8 6.8 21.904
-3.2 7.6 0.79897
6.8 -9.2 -23.221
-2.8 2.8 -9.7911
-5.2 -6.8 34.148
8.4 -2.8 -61.636
-1.6 -4.4 12.08
-2 3.6 -5.1097
2 -4.4 5.4445
-5.2 -7.6 52.965
-2.4 -4.8 17.113
-4 4.4 -21.323
-6 6.4 -40.636
-9.6 -9.6 70.669
-4 -6.4 36.917
1.6 -1.6 -3.9889
1.6 4.4 11.232
7.6 -6.8 -47.001
3.6 -6 2.3721
5.2 2.8 3.3887
2.4 5.2 13.448
-4 5.2 -15.039
6 6 23.683
-6 -1.2 -20.717
-2.4 -6.4 34.407
-2 0.8 1.5498
0.4 2.8 0.22052
-7.6 -4.4 -9.0075
-4.8 0.8 -12.323
8 -2.8 -43.538
-9.6 3.2 -79.962
6.4 8.8 57.406
-9.6 6 -98.003
1.2 -9.6 40.182
-8.8 1.6 -74.349
3.6 -8.8 12.577
10 4.8 -4.8024
2 -5.6 5.1193
-7.2 8.8 -46.069
10 9.6 61.182
7.2 3.6 -2.1637
6.4 -7.2 -16.056
3.2 -0.8 -11.947
1.2 -3.6 8.2871
7.2 -7.2 -44.649
3.2 6.4 28.437
4.4 -2.4 -12.101
-4.8 8.4 -15.152
1.7764e-015 6.4 19.519
-8.8 7.2 -86.754
2.8 10 63.671
-6 7.6 -40.456
-8.4 6.8 -68.322
-4 -1.6 1.4167
-0.4 -8.4 50.811
-4.4 -6.8 47.994
4.8 -3.6 -22.803
3.6 0.4 1.5938
-3.2 8 8.6167
3.2 0.8 1.8889
9.6 -3.6 -77.213
-9.6 -8 34.251
1.7764e-015 -8 35.607
2 0.8 1.1105
-8.8 -1.6 -33.002
3.2 -9.6 21.135
10 2.8 -42.636
-0.8 0.4 2.9285
-2.4 9.2 12.195
7.6 10 73.363
-9.6 -6.8 24.237
0.4 -2 -3.0478
7.6 5.2 4.0098
6.8 -9.6 -21.407
-4.4 -2.8 5.8829
9.6 -9.2 -79.963
5.2 -6.8 -22.996
-5.6 -3.6 -4.0227
-1.6 -3.2 5.8459
1.2 -9.2 47.34
-5.2 2.8 -35.032
8.8 6.8 27.206
-3.2 4.8 -9.25
-5.2 -4 8.9552
10 -2 -78.986
-2 5.2 -1.4163
0.4 9.2 42.811
-9.2 8.4 -94.319
-1.6 -6.4 36.711
-8 4 -68.869
-6.8 2.8 -46.14
-5.6 9.2 -20.066
-8.8 -4.8 4.1303
-2.8 -8.4 54.644
-8.4 -9.6 66.713
4.4 5.2 14.84
7.6 -2.4 -48.886
7.2 -6.4 -43.02
-0.4 5.2 8.3646
7.6 2 -20.842
1.6 -8.4 34.916
-5.2 8 -24.209
4.4 4 7.1949
1.7764e-015 -0.8 8.6766
-4.4 -0.4 -17.671
-5.2 1.2 -26.831
1.7764e-015 -6 24.293
-6.4 -4.4 10.47
6.8 -3.2 -47.374
2.4 10 61.501
5.2 0.4 -15.597
6.8 5.2 15.432
-1.2 -1.2 0.9545
9.2 -8.8 -72.289
2.4 -6.4 15.369
2.8 4.4 17.671
8.8 2.8 -29.879
1.7764e-015 -1.2 8.9672
3.2 -8.8 26.588
-4.4 -8.4 61.762
0.8 -6 19.667
-8 -3.2 -15.209
-7.2 -4 -4.1009
-0.8 10 42.389
-6 -1.6 -16.346
-8.4 1.2 -68.868
8.8 5.6 9.6997
8 -6.8 -52.38
0.8 1.6 3.5948
-9.2 5.2 -87.791
-0.8 -0.8 -4.7935
-6 -7.2 34.34
0.8 -9.2 51.916
10 -8.4 -89.124
8 -2.4 -58.724
-4 -5.2 25.36
3.2 -4 -6.4931
-7.6 -5.6 12.286
-0.8 8.8 29.807
4.4 -9.2 5.4159
6.4 -6.4 -29.158
9.2 -6.8 -75.756
-7.2 -8 60.795
-3.6 9.2 8.3757
-6.8 6.4 -57.534
5.2 1.2 -16.853
6 7.6 43.334
-5.2 6.4 -24.143
-1.2 -0.8 4.7826
-9.6 0.8 -76.438
7.6 2.4 -21.798
-0.4 -0.4 8.3653
8.8 -8 -56.516
-0.8 9.6 36.396
5.2 8.4 54.206
-2.8 -5.2 16.379
8.4 -9.6 -59.923
8.4 3.6 -20.022
4 2.8 -0.45395
0.4 2 6.3559
-4.4 8.4 -13.35
-3.2 6.8 -10.17
0.8 8 42.46
2 -4.8 11.029
-5.6 -8.4 58.847
-2 6.4 15.952
-5.6 8.4 -29.453
8.4 10 62.365
10 -4.8 -96.248
4.8 -5.2 -14.147
-0.8 -1.6 0.12834
5.2 -4.4 -16.371
-6 0.4 -31.46
2.8 -6.8 -3.9248
3.6 0.8 -2.2474
1.7764e-015 0.8 -3.2573
-6.8 0.8 -49.894
9.2 4 -15.082
0.4 -9.6 57.332
-9.6 -4 -24.073
7.6 1.7764e-015 -31.585
-9.6 -1.6 -50.204
-5.2 5.6 -25.218
1.2 -2.4 0.15524
4.4 -0.4 -5.1961
-6 -2.4 -9.3054
1.6 3.2 6.5805
-0.4 -3.6 6.9075
2 -3.6 8.961
1.6 -0.8 2.1895
-6 3.2 -39.631
-2.4 1.2 -4.1937
10 1.2 -58.143
-6 -4.8 15.736
1.6 7.2 40.911
7.6 -4.4 -46.595
-0.4 6.4 11.792
-2.8 2.4 -18.885
5.6 2.4 -8.8776
1.2 -8.8 40.895
6.8 -4 -41.227
4.8 9.6 53.702
4.8 -7.2 -2.3303
-1.2 -9.6 67.015
10 6.4 10.926
6.4 4 2.0451
-4 -5.6 17.136
-4.4 7.6 -18.89
0.4 -7.6 32.607
-8 4.4 -69.572
3.6 -1.2 -11.555
-2.4 -8.8 56.206
6.8 8.4 54.165
5.6 -3.6 -26.752
-9.2 -7.2 22.088
2 2.4 4.307
8 5.2 2.285
-2 7.2 12.763
6 2 -12.563
8.4 -8.4 -56.47
-5.6 1.2 -33.682
-6.8 -8.4 48.286
-8.4 -1.6 -42.14
-6.4 0.4 -35.443
-8.8 -0.4 -53.437
-1.6 -1.2 -1.3964
-4 1.7764e-015 -9.1104
-4 8 -12.425
7.6 -2.8 -39.584
6 -6.4 -19.651
0.8 6 19.534
-8.4 -2.8 -30.343
1.2 -7.6 20.268
-8.8 -5.6 1.1867
-3.2 -7.6 49.013
6.4 -5.6 -48.062
-0.8 1.2 -1.1453
-8.8 4.8 -78.408
3.2 -2.8 -7.4145
4.4 7.2 33.329
-5.6 7.6 -32.961
1.6 7.6 39.721
-9.6 7.6 -95.038
-1.2 1.7764e-015 -3.574
8.8 0.8 -42.896
-2.4 6.8 12.437
0.8 4.8 13.341
-1.6 3.6 -7.956
1.7764e-015 -7.2 36.257
0.4 -3.2 12.917
-2.4 7.2 2.2811
-8.8 -7.2 31.575
-7.2 7.2 -56.538
9.2 10 58.943
4 9.2 59.715
-9.2 9.6 -88.603
1.6 -3.6 9.0464
-5.6 4.8 -36.018
4 2 -5.5028
-1.6 -4.8 22.95
-9.6 1.7764e-015 -67.328
8.4 -6.4 -67.086
4.8 -9.2 2.976
-7.2 -1.6 -17.548
4.4 -8 -2.1947
1.6 3.6 9.6019
4 2.4 12.24
-8.4 -0.4 -54.417
-3.2 3.6 -13.595
-7.6 6.8 -54.337
-1.6 7.2 19.105
1.2 1.7764e-015 -1.6206
5.6 3.2 -4.1152
4 0.4 -6.9265
-0.8 -3.6 8.4299
-4.8 -7.2 40.054
-0.4 -3.2 16.075
-8 -2 -26.18
2.4 -6.8 13.364
5.6 9.6 60.237
10 7.6 24.346
5.6 -7.2 -21.822
-6.8 -2.4 -16.02
3.2 4.8 13.819
1.6 -4.4 -0.064654
0.4 8.4 40.482
2.8 -0.4 -8.8869
-7.6 -0.4 -35.767
10 -7.6 -85.207
0.8 2.4 3.429
6.8 4.4 -1.844
3.6 3.6 14.621
-6.8 7.2 -58.016
2.4 -4.8 8.8822
5.6 -5.2 -15.089
-8 0.4 -58.91
7.2 9.2 66.766
-8.4 2.8 -67.893
4.4 3.6 10.856
-2.8 8.8 13.327
-6.4 -6 21.197
-5.6 -7.6 47.008
4.8 -0.8 -15.077
-8.4 9.2 -73.823
-6 -7.6 49.003
4 5.6 19.55
-6.4 9.6 -42.318
7.2 -8.8 -28.574
4.8 10 64.642
9.2 -0.4 -63.446
6 -6 -26.959
-0.8 4 -0.077906
1.6 -7.2 20.944
-8 7.6 -71.323
-8.4 3.2 -70.482
1.7764e-015 -4.8 17.985
-2 2 -15.476
-7.6 -2.8 -15.16
2 -0.8 -0.20516
-6.4 -6.8 29.078
-5.2 1.6 -25.812
-8 -6 11.248
4 9.6 70.094
7.6 3.6 -0.50474
-0.4 2.8 3.0512
2.8 -5.2 -1.6849
-6 1.2 -30.298
-7.2 1.7764e-015 -35.602
-0.8 -4 16.582
9.6 -4.4 -77.447
8 -2 -50.586
-0.8 1.7764e-015 -1.7645
5.2 6.8 31.487
7.6 8.8 47.97
6.4 -6.8 -34.81
-2.8 1.2 -11.831
-4.4 3.2 -19.316
-6.8 -7.2 45.041
4 0.8 -13.715
5.6 -1.2 -27.03
-3.6 7.6 -9.6061
5.6 0.8 -19.423
0.4 -2.8 12.174
-6.8 8 -51.285
-4.4 -2 -3.3197
4.4 -6 -18.81
-4.8 -1.2 -17.815
-9.6 2.4 -82.361
2.4 -3.6 2.1448
8 8 31.536
3.2 4.4 13.143
-8.8 10 -84.077
2.4 8.8 47.599
-9.6 -7.6 21.067
-5.2 -6 27.318
-1.2 -6.8 34.564
8.4 -3.2 -53.107
-2.4 -0.4 6.2707
-8 -2.4 -32.152
10 -9.6 -87.368
7.6 7.6 31.776
-6.4 9.2 -37.51
-4.8 10 -6.1326
3.2 10 65.111
2.4 2 12.313
-4.8 1.2 -22.01
8.4 1.2 -31.04
0.8 -2.8 10.548
-8.8 1.2 -61.85
8.8 -4.4 -62.52
8 8.8 55.006
0.4 7.6 23.029
4.8 -6 -11.331
3.2 1.2 -14.267
-0.4 -6 13.776
7.2 6.8 33.713
2.8 -4 -2.3534
7.2 -3.2 -44.314
-8.8 8.4 -90.496
5.6 -7.6 -9.3307
-6.8 -4 7.1943
6.8 7.2 39.113
7.6 -0.8 -36.62
-1.6 2.8 -0.17828
2.4 -9.6 41.755
-9.6 6.8 -105.1
6.8 -6.4 -30.405
-4 3.6 -17.704
-8 -3.6 -9.3755
6 5.2 6.8444
4.8 -8.8 -2.755
7.6 -7.6 -41.057
6.8 1.2 -22.395
4.4 -4.4 -12.483
4.4 -8.8 3.1705
8.8 7.2 21.915
-8.8 0.8 -52.488
-2 9.2 12.516
1.2 -3.2 4.7629
7.6 7.2 32.958
2.8 -4.8 2.0022
9.2 5.6 -0.067622
8.8 4 -9.9615
0.4 1.2 6.3897
-8.4 -5.6 10.543
-9.2 3.6 -87.676
-9.6 2 -81.964
-0.4 -5.6 20.7
-2.4 1.7764e-015 7.455
7.2 1.6 -13.486
4 -4 -6.226
-8.8 -8.4 51.628
8 -8.8 -41.084
7.6 -1.6 -49.01
-9.2 -4.8 0.32359
6.8 -1.2 -34.135
7.2 6.4 25.371
3.2 -2 -3.576
-3.6 -9.6 68.23
6.4 -4.4 -35.997
-1.6 -5.6 22.966
-6.8 -4.4 16.474
-3.6 -9.2 74.048
1.7764e-015 1.2 2.5393
2 -8 21.308
-5.2 -3.2 -3.6906
4.4 -0.8 -12.871
-5.2 -0.8 -18.566
-0.4 -2.4 0.092593
-9.2 6 -81.624
-5.6 10 -14.313
-8 5.6 -58.288
-8 5.2 -67.148
0.8 4.4 25.194
6 -0.8 -27.162
-1.2 5.2 6.5985
-2 -8 44.764
2 -7.6 20.287
-6.4 1.6 -32.948
-1.6 -7.2 45.045
-8.4 -0.8 -36.833
10 7.2 12.004
1.2 0.8 2.9987
-1.2 3.6 1.5326
-5.2 -2.8 -8.2197
9.2 0.8 -51.253
-4.8 -0.4 -22.619
-7.6 -8.4 54.793
-5.6 6 -34.284
-1.6 -9.6 71.262
-6.4 4 -41.902
-8.8 9.2 -81.331
-2 -2.8 3.2763
-4 0.4 -6.4817
-2.4 8.4 17.128
-2.4 -5.6 30.221
5.2 1.6 -7.2585
-2.4 -4.4 18.332
-1.2 8.8 17.426
7.6 -6 -53.139
2.4 8.4 41.714
-9.6 8 -103.93
6.8 -6 -34.418
-3.2 -6.8 51.985
-8.8 -7.6 27.611
2.8 3.6 14.962
4.4 -6.4 -4.3224
-6.8 -6 19.111
3.6 -4.8 2.7437
-2.8 9.6 8.2095
8.8 -0.8 -52.281
-3.6 -8.4 57.589
-3.6 6.4 -15.404
0.8 4 6.6267
4 8.4 58.448
8.8 -7.6 -67.773
-9.2 0.4 -73.043
8 2.8 -25.279
1.7764e-015 -8.8 47.362
0.8 7.2 36.003
2.8 0.8 -10.269
8.4 -9.2 -56.309
-7.2 4.8 -50.842
-3.2 -4 14.011
-7.2 5.2 -52.565
-6.8 1.6 -40.108
4 -6.8 -1.5056
9.6 -5.2 -82.804
5.2 3.6 2.804
-9.6 7.2 -96.112
2.8 6 23.259
1.7764e-015 7.6 27.68
2.4 9.6 56.52
-4.4 -9.2 69.691
-2.8 -9.6 72.837
-0.8 7.2 17.849
4.8 3.2 2.243
8.4 3.2 -16.889
6.8 2.4 -9.7321
7.2 5.6 10.997
1.2 4.8 9.7531
6 7.2 40.345
-7.2 -4.8 -2.7133
4.8 5.6 27.693
-1.6 8.8 24.202
0.8 -4.4 5.0199
5.6 6.4 28.295
-4.8 -7.6 54.143
4 4.4 11.814
4.8 9.2 61.997
8 -5.6 -45.563
5.6 0.4 -8.1695
4 7.2 45.182
5.6 -4.8 -26.821
-0.4 -0.8 1.689
-9.6 5.2 -100.03
-4 6.8 -16.298
-9.6 -7.2 17.33
-8 -2.8 -18.953
1.2 5.6 20.096
1.6 9.2 52.32
-2 10 29.979
5.2 -1.6 -25.779
1.6 -0.4 3.9797
-9.2 10 -85.004
-3.6 -0.4 -18.897
3.2 -1.2 -8.2894
0.4 -4 7.2739
1.2 4 12.738
1.6 -6.4 27.329
2 -6.4 17.07
-2.8 6.4 -5.0081
4.8 7.2 38.333
-0.4 1.7764e-015 3.5659
-8 -8.8 49.705
0.4 -7.2 25.603
8.8 -1.2 -53.145
-6.4 4.4 -46.542
0.8 1.7764e-015 6.3829
-4 4 -19.639
4 -9.2 17.37
0.8 9.6 49.616
-5.6 4 -38.803
0.8 -1.6 3.776
-2 2.4 -5.3228
-6 -8 58.266
6.4 -3.6 -32.97
9.2 -6 -73.062
6.4 -6 -24.568
6.8 2 -9.1514
4.8 -8 -1.7452
-4.4 -4 11.096
3.6 9.2 62.991
-6.8 -3.2 -5.4727
6.8 8.8 58.707
5.2 -5.6 -10.109
5.6 8.4 46.615
-9.6 1.6 -73.212
-0.8 -6 26.707
8.4 1.7764e-015 -47.607
6.4 6.4 19.324
-8.4 8 -85.031
-5.2 6 -35.561
6.4 5.6 19.683
4.8 -9.6 10.365
-6.4 6.8 -42.598
-8.4 5.2 -62.606
8 -9.6 -49.67
-9.2 -2.4 -37.994
4.4 1.6 -5.8756
-5.2 8.8 -23.336
-5.2 -0.4 -19.761
-5.2 2 -29.297
-5.6 -8 63.248
-6.4 -2.8 -15.07
8 1.2 -37.883
3.2 5.6 20.691
0.4 -8.4 51.902
-1.2 -5.2 26.476
4.4 4.4 12.386
-5.2 4.8 -32.093
7.6 -5.6 -55.043
-0.4 -9.2 45.838
1.7764e-015 -2.8 4.6175
-3.6 -7.6 48.446
6.4 4.4 5.4101
10 1.7764e-015 -55.901
-4.8 3.6 -18.778
7.6 -8.4 -39.395
-4.8 0.4 -18.542
4 -5.6 -8.8283
6 -6.8 -24.994
-1.6 9.6 27.585
6.4 9.2 58.954
2.4 9.2 52.002
0.8 -2.4 9.4457
-4.4 1.6 -19.141
4.4 1.7764e-015 -8.1845
4 4 14.448
3.2 -0.4 0.66186
-4 -3.2 8.2144
1.6 -4 0.44154
0.8 -0.8 0.99442
-8.4 -6.4 6.6826
5.6 6.8 28.453
8 1.6 -23.66
1.2 -5.6 18.633
6.4 1.7764e-015 -22.005
-8 1.2 -57.695
0.8 -5.6 16.662
9.6 5.6 0.18381
-9.6 9.2 -101.3
6.8 3.6 -2.8756
1.2 4.4 8.8855
-9.6 -4.4 -7.3784
-9.2 -4 -14.663
8 -4 -57.518
8 3.6 -6.6803
-1.6 7.6 21.098
6 9.6 73.069
9.2 7.6 35.09
-9.2 -4.4 -20.081
-7.2 -3.6 -13.443
4.4 -9.6 9.4061
3.2 9.2 56.097
-4 7.2 -13.792
-4.4 0.8 -16.185
5.2 -5.2 -24.401
4.4 6.8 35.079
-4 -3.6 13.554
-9.2 5.6 -93.385
5.6 9.2 67.199
8.8 9.6 68.925
-7.6 -9.2 62.226
-1.6 -7.6 46.86
8.4 4 -7.7941
5.2 6 20.758
6 2.4 -9.3355
1.7764e-015 -6.4 21.331
2 6.8 31.731
8.4 0.4 -46.867
-6 -2 -5.5795
-4 -4.4 14.95
10 8.4 31.375
-4.4 -6.4 30.837
1.7764e-015 6.8 28.801
-5.2 -5.2 26.539
1.6 -3.2 8.4871
0.8 -7.2 35.263
-4 -8 52.089
1.2 -0.4 2.2918
-8 -4.8 6.6769
8.4 0.8 -44.099
-6.4 8.4 -33.088
4.4 5.6 21.142
-7.6 4.4 -51.043
-7.6 -4 -10.401
5.6 4.8 4.2891
7.6 -3.2 -48.222
1.7764e-015 -1.6 4.4874
-2.4 -7.6 45.102
-6 8.4 -32.147
-3.6 -0.8 -9.3309
-6.4 -2 -19.957
-3.2 -8 47.959
-6.8 0.4 -33.907
-5.2 2.4 -21.11
2 -6 17.902
0.8 0.8 5.4091
-2 5.6 -0.60432
8.8 -3.2 -78.697
5.6 -5.6 -20.727
-0.4 -4.4 9.5199
6.4 2.4 -2.7544
-4.4 6 -26.991
3.6 4.8 16.275
-0.8 4.8 3.2861
-7.6 5.2 -58.174
-1.2 4.8 9.7151
0.8 8.4 40.669
-7.2 9.6 -43.963
-5.2 -6.4 36.22
2.4 -8 25.138
-6.8 -4.8 0.78851
-6.8 3.6 -46.014
2.4 1.6 6.1378
6.8 -2.4 -35.332
9.2 4.4 -15.437
10 0.8 -54.397
-3.6 2.4 -16.372
-6.4 3.2 -43.612
5.2 7.6 44.904
-0.4 0.8 -0.682
-0.8 -4.4 25.806
-7.6 6.4 -65.179
-5.2 -4.8 21.296
4.4 9.2 66.235
5.6 -2 -22.478
8 0.4 -35.087
-5.6 -4.4 10.66
-3.2 1.7764e-015 -3.9605
-3.2 -2 -1.2816
-6.4 7.2 -27.955
-2 -6.4 31.915
3.2 4 6.0244
2.8 7.2 33.076
-8.8 -6.4 9.134
-2 8 20.15
4.4 -3.6 -8.008
-4 -6.8 37.874
-3.6 5.6 -13.08
-5.6 0.4 -20.764
4.8 7.6 46.887
6 -8.4 -20.135
2 -9.6 37.844
2 9.2 49.945
-2 -1.6 3.3681
-6.8 -8.8 63.656
9.6 -5.6 -79.192
1.7764e-015 3.2 1.2794
2 8 41.2
-3.6 0.4 -5.3029
2.8 5.6 16.332
8.4 5.2 5.7161
0.4 9.6 44.303
-9.6 -0.8 -61.371
5.2 4.8 24.384
0.4 -0.8 5.1627
-6.4 -0.4 -26.75
-8.4 -7.6 46.702
9.6 2.4 -41.661
-5.6 3.6 -36.642
2.4 6 19.984
5.6 -9.6 -6.7531
-5.2 -1.6 -10.76
6.8 9.6 70.582
-5.2 3.6 -28.285
9.6 4.4 -21.95
4.4 0.8 -3.8265
-6.4 2.8 -38.033
1.6 6.4 21.38
-9.2 3.2 -84.018
9.6 4 -17.231
7.2 -1.6 -33.288
-2.4 9.6 23.635
4.8 8 39.461
5.6 2.8 -4.8691
9.2 3.2 -20.992
-1.6 4.4 -2.5282
-0.8 -8.4 48.091
-5.6 -9.2 63.931
-3.6 6 -12.579
7.6 3.2 -16.446
-6 -4.4 4.2183
8.4 -7.2 -62.998
3.6 -3.2 -6.483
-9.2 8.8 -85.851
-9.2 -3.6 -33.14
-4.8 -6 32.872
-1.6 5.2 4.7256
-7.2 1.6 -39.633
-8.8 7.6 -93.424
6.4 8.4 49.22
2 -5.2 4.9559
-9.2 9.2 -84.764
-7.6 -6.8 31.778
5.6 -8 -19.31
9.6 1.2 -38.577
-6.8 4 -53.623
7.2 -5.6 -42.667
-3.2 8.8 6.1045
4 -0.8 -18.663
-1.2 -8.4 54.121
3.2 -6.4 7.4431
1.7764e-015 5.6 19.906
6.4 -4.8 -40.671
7.6 -9.2 -34.754
1.2 -4.8 7.6938
6 6.4 21.136
1.7764e-015 9.2 50.726
-1.6 4 -2.5705
-0.4 10 44.147
-6.4 -5.2 13.151
2.8 2.8 5.7149
-9.2 -0.8 -50.463
-2.8 -7.6 50.717
9.2 -2 -58.934
-1.2 -2.4 5.2592
3.2 6 30.507
-2.4 -6.8 38.255
4.8 -3.2 -12.926
-3.2 -1.2 -4.0076
-2.8 5.6 -9.4707
-9.2 -5.6 8.6297
-2.8 -7.2 47.818
2.8 1.2 -4.6721
-8.8 5.2 -89.14
-7.6 0.8 -38.436
-5.6 2.8 -32.657
3.6 2.8 -0.051113
6.4 -2.4 -20.041
0.8 3.2 9.0078
2 0.4 -7.4745
-1.2 -4.8 13.09
10 -0.8 -76.56
2 9.6 59.387
8.8 6 8.3701
4.4 2.4 3.3388
-8 -4.4 -7.0788
5.2 2.4 -1.5471
6 -9.2 -12.147
8.8 -8.4 -66.394
-9.6 -5.2 -2.2781
6 -1.6 -22.07
8 3.2 -15.653
-6 8.8 -33.369
-0.8 7.6 16.995
-0.4 9.2 35.497
9.2 -4 -69.727
-2 9.6 25.542
9.6 -0.8 -69.119
2.8 -6 4.4355
-5.6 -2 -6.8663
-6 10 -17.397
-6.4 -4.8 12.882
-2.8 3.2 -3.1157
-7.6 2.8 -56.648
-3.6 2.8 -18.223
9.6 7.6 24.673
1.2 -5.2 15.045
7.6 2.8 -18.158
2.8 -3.2 1.6512
6.8 -8 -34.5
6 -5.6 -25.597
4.4 -4 -14.545
-9.2 2 -83.114
2.8 -6.4 15.817
-0.4 8.4 25.022
-7.6 9.6 -60.364
-2.8 10 29.912
0.4 3.2 10.483
-4.8 5.2 -36.168
6.8 7.6 42.727
-3.2 6 1.0044
-4.8 -6.4 31.49
-3.6 -6 28.304
1.6 0.8 -4.944
0.8 -7.6 24.554
-8 6 -68.761
3.6 -2.4 -7.5761
4.4 -8.4 3.992
6.4 -0.8 -31.951
2 4.8 14.454
-4.8 -5.6 23.569
-8.8 -9.6 68.699
-6.4 2.4 -36.277
-1.2 1.2 -0.72774
-2 8.4 24.717
5.2 -9.2 -2.1036
-4.4 4 -24.17
-6.8 -0.4 -23.861
0.4 -8 35.819
0.4 4.4 19.757
-9.6 -8.8 44.615
-2 -0.8 0.78032
8.4 7.6 27.225
-8.8 4.4 -79.667
-7.6 -7.2 25.09
6.8 9.2 60.869
-8 9.6 -67.761
5.2 5.6 25.86
-1.6 8 14.608
2.4 5.6 22.701
-7.2 -5.6 14.984
-0.4 -4.8 23.246
1.6 -5.2 12.451
4 -1.6 -7.6198
-8.4 8.8 -76.452
0.4 5.2 8.427
-4.8 -8.4 61.217
8 4.8 -3.2182
3.2 -8 12.972
-7.6 0.4 -40.386
-0.8 5.6 -0.028765
-2.8 9.2 6.4776
-3.6 10 9.6918
4.8 -2 -21.437
-3.6 -5.2 21.397
0.8 8.8 39.833
6 -7.6 -21.456
-8.4 7.2 -79.931
6 1.2 -10.59
2.4 -8.4 21.374
-7.2 7.6 -50.291
6 -4.4 -30.509
5.6 -4.4 -26.037
-8 -9.2 66.656
8 9.6 71.706
-8.8 5.6 -77.228
-9.6 8.8 -97.845
3.2 8 44.268
9.2 8.8 36.178
8.8 1.6 -38.69
4.4 3.2 4.0504
-5.6 4.4 -40.341
-3.6 4.8 -11.225
-5.2 -2.4 -0.68716
5.6 -3.2 -19.315
-8.4 -8.4 54.702
2.8 -9.2 33.258
-2.8 4.8 -3.3187
7.2 0.4 -22.82
-0.4 -2 2.5118
-6.4 2 -42.285
1.6 -6.8 15.427
8 -4.4 -54.159
4.8 -2.8 -19.284
8.8 5.2 -6.2695
-1.2 -4 16.371
-0.4 2.4 -6.2476
7.2 -0.8 -35.079
1.6 0.4 -8.0151
0.8 10 54.165
3.2 -8.4 15.08
2.8 3.2 4.4926
2.4 6.4 36.72
-8.4 2 -67.818
-4.8 -1.6 -0.030035
10 0.4 -58.904
-1.2 8 27.285
2 7.6 35.659
6.8 -7.2 -29.471
-5.6 3.2 -29.085
9.2 -3.6 -68.214
-3.2 -2.4 1.1229
8.4 -4.4 -64.228
1.7764e-015 -5.2 14.334
-1.2 10 30.088
4 -6 -5.6869
-1.2 -5.6 20.707
-2.8 -3.2 9.1218
4 7.6 37.141
8.4 -8 -57.873
8.4 9.6 63.203
10 -5.6 -79.262
2.4 -1.2 -4.9726
-1.6 -6 22.242
-3.2 5.6 -2.0257
-3.6 -8.8 55.984
1.6 8.8 54.231
5.6 8 56.705
6.4 8 43.157
-6.8 -9.6 72.045
1.6 -8.8 38.722
-6 2.8 -37.461
9.6 6.8 7.2588
6.8 -3.6 -39.794
-6.4 -7.2 40.792
-3.6 7.2 -2.0745
1.6 -5.6 15.424
-2 -3.6 10.285
9.6 -0.4 -59.491
-2.8 -6.8 36.296
-3.6 -1.2 -3.2621
9.2 -7.6 -71.03
8.8 -2.8 -58.824
-1.6 10 36.496
-4.4 -0.8 -0.81957
-8 6.8 -78.417
8.8 1.2 -41.739
7.2 8.8 49.75
4.8 4.4 15.727
-2.8 -4 15.912
7.2 -2.4 -43.281
7.6 -7.2 -46.174
7.6 8.4 42.599
2.4 0.8 -3.0946
-0.4 -2.8 7.8795
-7.6 -1.6 -25.602
4.8 6.8 35.043
-5.6 1.6 -28.397
0.4 2.4 2.0102
6.4 -5.2 -31.548
1.6 9.6 52.139
-1.2 8.4 28.079
9.6 8 23.132
-0.4 6 7.7249
6 -1.2 -18.923
-5.6 -6 26.44
8.8 2.4 -22.211
-9.6 -1.2 -54.672
9.2 -2.8 -63.748
0.4 1.6 -2.1463
6.4 7.2 40.87
1.2 0.4 2.6246
4.8 4 5.5555
1.2 5.2 17.277
4 10 70.861
-8 3.6 -62.017
-2.8 -5.6 32.054
-8.8 -9.2 63.779
9.2 -7.2 -64.463
3.2 7.6 44.846
-3.2 -9.6 66.392
6 -2 -33.073
7.6 0.8 -31.819
2 5.6 18.031
-3.2 -9.2 72.326
-4 -1.2 4.5837
2 -8.8 36.805
-6.4 -2.4 -14.105
-8 -0.4 -47.758
2.8 8.8 52.996
6.8 -4.8 -40.41
-2.8 4 -3.6178
10 3.6 -30.379
-6.4 7.6 -37.242
3.2 -5.2 -1.0527
0.8 7.6 33.879
2.8 7.6 43.065
10 1.6 -47.416
-2.4 -8 51.43
8.4 -0.4 -44.403
-1.6 -0.8 -7.8167
-6.4 4.8 -48.125
-1.6 2 1.2443
-2.4 3.2 -13.778
6 8 49.135
9.2 -0.8 -63.931
-8.4 10 -81.089
2.8 -5.6 11.14
-6 6.8 -35.576
9.6 9.6 60.638
-8.4 -2.4 -32.639
-6.4 6.4 -47.345
7.2 -7.6 -33.767
7.2 -6.8 -47.273
-5.2 -9.6 74.691
-1.2 2.4 3.1378
-1.6 6.4 3.8542
1.2 -6.4 16.988
-4.8 -2.8 5.7261
5.6 -9.2 -10.54
4.4 6 19.172
-7.6 3.2 -50.707
-2 -0.4 0.88767
-6 4 -46.604
-0.8 -2.4 0.9989
10 -9.2 -87.841
-4.4 -4.4 10.256
9.6 7.2 26.159
-1.6 1.2 -1.7108
-6 -3.6 2.324
-1.2 -8 50.016
5.2 -2 -20.36
4.4 9.6 49.428
2.8 -8 13.541
8 -1.6 -51.341
-6 -2.8 -8.3348
-4.8 4 -30.284
-0.8 4.4 -5.0333
-6.8 6 -49.693
-7.6 4.8 -58.459
-4 2.4 -11.424
8.4 -6.8 -57.204
-0.4 7.6 22.849
8.4 2.4 -31.842
-6.8 7.6 -50.248
9.6 -6 -85.9
-0.4 4.8 -1.666
1.2 -8 27.14
-9.2 -8.4 41.872
6.8 -2.8 -28.678
-5.6 -2.8 -5.8131
-6.8 5.2 -41.802
2.4 1.7764e-015 0.57863
-4.8 -8 43.476
2.8 -2.8 -2.4575
4.8 2 -0.36314
-4.4 -2.4 13.721
-6.4 -9.6 66.34
9.6 3.6 -32.456
9.2 7.2 26.025
0.8 -6.4 17.404
3.6 1.6 12.208
2.8 -2.4 -7.6177
-6.4 -8 56.365
-2.8 -2.8 -4.7258
8.4 7.2 27.494
5.6 -0.8 -22.651
1.6 10 59.735
-0.8 -6.4 34.441
-6.8 -1.2 -26.903
5.6 -2.4 -21.459
-0.8 -9.2 50.802
1.6 4 9.6184
-4 7.6 -15.656
-8 -8 44.12
7.6 8 47.094
8.4 9.2 63.072
2.4 -9.2 36.422
0.4 -5.6 20.294
-7.6 -7.6 44.556
6.8 1.6 -12.872
10 8.8 38.445
2 10 59.804
8.8 -6.8 -65.741
8.4 8.8 43.581
9.6 -2 -68.152
2.4 -5.6 10.587
-2.4 -9.2 66.698
0.8 -8 41.532
-9.6 -0.4 -68.184
-0.8 -0.4 -0.93157
-8.4 9.6 -66.317
4 -2.4 -2.4292
3.6 8 50.275
-9.2 2.8 -81.727
2.8 -0.8 -9.2314
8.8 -9.6 -53.84
7.2 8.4 46.483
4.8 -7.6 -16.914
9.2 -6.4 -75.679
3.6 -8 4.507
-0.8 -2.8 12.196
9.6 4.8 -14.192
-8.8 -6.8 13.523
8.4 6.4 15.213
-4.8 1.7764e-015 -20.027
-9.6 0.4 -65.622
0.4 6.8 18.108
-8.8 -8 41.564
8.8 7.6 32.984
4.8 2.8 -1.7061
4 -3.2 -12.144
-1.2 -6.4 32.153
-7.2 -5.2 26.38
-8 2 -52.507
2.4 -2.8 0.91189
8 -6 -43.67
5.6 -8.8 -8.2984
2 -2.8 5.1874
5.2 -3.2 -16.132
6.4 -1.6 -34.682
-1.6 2.4 -2.2579
-7.6 -9.6 72.16
1.7764e-015 1.7764e-015 4.8027
10 -3.6 -88.156
7.6 6.8 16.258
-4.4 0.4 -16.748
-8.4 0.4 -42.925
9.2 8.4 34.75
3.6 3.2 2.0292
-6.8 -2 -15.827
7.6 -4.8 -45.656
-0.8 -5.6 20.494
9.2 -9.6 -72.674
1.7764e-015 2.8 -0.066707
-4 -0.4 -8.2831
-7.6 8 -64.341
4 5.2 14.967
1.7764e-015 -3.6 11.083
9.2 8 33.884
9.6 -7.6 -80.326
2 -1.2 -0.91543
-6 5.6 -28.982
4.4 8.8 60.741
-0.8 8 22.096
-3.2 8.4 -3.0487
5.2 -8 -13.172
-4.8 5.6 -30.698
2.8 4 14.512
-6.4 10 -39.74
-8.4 3.6 -66.948
-4.8 -5.2 23.959
-6 4.4 -39.579
2.4 -7.6 15.796
-7.2 -1.2 -27.939
9.6 1.6 -35.602
-0.8 1.6 -9.3454
-3.2 -8.8 63.318
-4 -4.8 16.402
-1.2 -8.8 54.086
5.6 6 23.564
3.6 7.6 44.023
-8 -1.2 -39.845
6.4 7.6 33.102
6 6.8 36.976
6.8 -7.6 -27.836
2.4 1.2 -0.6377
4.8 -1.2 -10.744
4 -9.6 18.356
2.8 -7.6 17.758
-4 -2.4 7.3667
10 -2.8 -78.095
-7.6 -0.8 -34.91
5.2 -0.8 -24.752
-2 -4.4 9.1941
-7.2 -0.4 -31.834
-3.6 8.4 11.676
6 0.4 -25.423
5.2 0.8 -13.567
-1.6 9.2 30.66
1.7764e-015 -2.4 -4.9071
1.2 2.4 6.859
-5.2 5.2 -29.616
-9.6 5.6 -94.214
-7.2 0.4 -40.326
-1.6 4.8 3.8673
-2 4.8 -4.6949
4 -8.8 6.7429
-9.2 -1.6 -54.571
-1.2 -4.4 13.765
0.8 -9.6 56.751
-0.4 -8.8 52.469
-4 -2.8 6.1279
2.4 2.4 5.431
-2.8 -3.6 11.35
-2 -9.2 57.023
4 8.8 57.826
1.7764e-015 -4 7.6393
8.4 6.8 14.764
1.7764e-015 5.2 13.592
6 0.8 -18.756
-6 2 -40.346
2.4 -4 -1.04
-8 -5.6 18.653
-2 -6.8 38.465
0.8 -5.2 21.193
-6.4 1.2 -36.968
-9.2 0.8 -69.158
0.8 -3.2 5.3824
-3.6 -2.4 4.0418
-4 -8.8 67.638
3.2 8.8 55.305
7.2 -9.6 -34.807
-8.8 -4.4 -9.832
-0.8 2 -6.1112
9.2 2.8 -38.583
1.2 2 -0.84681
-5.6 -3.2 4.7782
0.4 -4.8 14.517
-2 -1.2 -5.7075
0.4 5.6 5.765
4.4 -4.8 -16.047
8.8 8 38.369
2.8 -1.6 -5.5713
2.4 6.8 36.668
-0.8 5.2 12.069
-2.8 4.4 -12.58
-0.4 2 7.2615
5.2 -1.2 -16.003
0.4 8 30.282
-8.4 7.6 -74.795
8.8 -3.6 -59.302
-4.4 5.6 -14.475
5.2 9.2 68.433
-5.6 1.7764e-015 -20.771
0.4 -1.2 8.788
-8.4 -8 40.106
-4.8 -4 10.586
6.4 0.8 -18.504
-1.6 -2.8 7.6711
5.6 1.6 -14.139
-0.4 -1.6 15.21
8.4 -2.4 -54.785
-2 -4 14.921
-2.4 -1.6 1.0896
-0.8 -6.8 41.658
1.6 6.8 29.799
5.2 8 37.932
-4 -0.8 2.6042
-8 8 -66.483
-4 0.8 -19.098
4.4 -6.8 -3.5111
-5.2 4 -31.611
-7.2 -6 20.802
4.8 1.2 -11.049
6.4 -3.2 -31.356
-2.8 -9.2 72.457
-4.4 3.6 -28.253
7.6 6 11.539
-6 -0.4 -25.04
4.8 -2.4 -10.738
2 8.4 46.021
-3.6 4.4 -11.063
3.6 10 74.909
-4.8 8 -21.77
8.8 -9.2 -61.613
5.2 10 65.009
-5.2 9.2 -26.412
-6 -3.2 -3.7565
1.7764e-015 -7.6 35.589
-7.6 -2.4 -23.709
-7.2 8.4 -55.628
-6 -9.2 63.55
-7.2 -2 -25.901
3.6 1.2 -11.719
4.8 8.4 48.583
1.6 -6 17.695
-9.6 4.8 -96.906
-7.2 6 -55.044
-5.6 -5.6 21.512
8.8 2 -27.788
6 -2.4 -32.567
-9.2 6.8 -90.612
2 -6.8 14.477
8 0.8 -35.781
-5.2 0.8 -25.96
-2 1.2 -10.176
7.6 -0.4 -36.61
3.2 7.2 38.694
5.6 2 -12.361
3.6 -3.6 -10.977
-8 -0.8 -37.231
-2.4 2 -1.6328
-5.2 -3.6 -1.2791
4.4 -5.6 -4.6583
-1.6 5.6 15.91
-8.4 4 -83.121
9.6 -2.4 -68.213
1.7764e-015 0.4 7.4352
-5.2 8.4 -21.529
-6.8 1.7764e-015 -31.587
5.2 4.4 15.699
-0.4 -4 12.334
-6.8 4.8 -51.651
3.2 5.2 16.509
-2.8 -6.4 35.747
7.2 -2.8 -42.989
-4.8 3.2 -20.321
-8 2.4 -51.266
-4.8 -6.8 46.229
6.4 -8.8 -17.414
-7.2 -6.8 30.835
-4.4 -7.6 40.436
-0.8 -1.2 5.8399
9.6 6.4 9.5389
-8.8 -3.6 -20.283
4.4 10 70.015
8.4 8.4 40.055
8 6.8 28.042
9.2 1.7764e-015 -58.641
5.6 10 71.556
-4 -9.6 75.81
-9.2 7.6 -94.82
9.6 -7.2 -84.054
3.2 9.6 65.27
-8 -6.8 31.005
10 -8.8 -92.401
4 6.8 35.588
9.2 6 5.0485
-4.8 -9.6 72.684
0.4 4 11.65
-9.2 1.6 -81.539
3.6 6.4 16.076
1.6 5.2 15.579
-2.4 2.8 -1.5233
-4 -7.6 43.666
-2.8 8.4 14.794
1.2 9.2 42.006
-8.4 8.4 -71.122
10 5.6 -17.127
-6.8 4.4 -49.025
3.6 2.4 7.3707
-1.2 6 6.7877
5.2 1.7764e-015 -20.636
7.2 -8 -44.288
2.8 9.2 58.43
1.2 -4 5.0042
-4.8 7.2 -20.27
9.2 6.4 7.5408
-6.8 2.4 -46.995
3.6 4.4 5.3375
6 -4 -31.234
4.4 2 5.1831
-4.4 6.8 -25.269
-6.8 3.2 -42.648
-3.6 6.8 -7.3895
-6.8 -9.2 68.644
-7.6 -8 37.97
-0.8 6.4 6.4354
-4.8 -4.8 15.481
1.2 8.4 44.439
-0.4 4.4 9.4211
-6.8 -3.6 3.4056
-1.2 3.2 -1.4426
-8 1.7764e-015 -42.952
-2.4 5.6 -5.1303
4.4 2.8 -3.9522
0.8 0.4 -11.586
-8.4 -7.2 32.016
4.4 -1.2 -23.205
8.4 -5.2 -68.342
-7.6 -3.6 -7.5499
8.4 5.6 3.0586
4.4 -2.8 -7.1564
-7.6 1.7764e-015 -40.628
4 6 25.153
6.4 3.2 -9.7224
7.6 5.6 14.635
-8 8.8 -71.653
10 -6.4 -97.596
-1.6 -6.8 36.148
-6 -8.8 58.994
8.8 -6.4 -71.81
-8.8 8 -81.82
-7.6 7.2 -60.186
6.4 -9.2 -31.148
-8.4 4.8 -82.967
10 8 36.282
3.6 5.6 14.822
5.2 -6 -22.166
-4.4 -3.2 3.462
6.8 -1.6 -29.49
6.4 -8.4 -22.588
-4.8 -4.4 16.169
-1.2 2.8 -4.1887
1.6 -2.4 -5.5295
6.4 -2.8 -26.746
2.8 -8.8 26.248
3.6 -7.6 9.6509
2.8 4.8 21.283
1.7764e-015 -9.2 56.142
8.8 -7.2 -65.501
1.6 -1.2 -5.1243
-5.6 -9.6 81.41
-6.4 0.8 -30.367
-8 8.4 -61.883
-5.6 -6.4 30.303
1.2 3.6 14.649
4.8 -8.4 0.49053
-7.2 -7.6 43.782
-6.4 6 -57.391
7.2 -8.4 -47.595
2 -4 3.7608
-2.4 -0.8 3.5864
0.8 2.8 -3.5837
1.2 2.8 13.952
7.2 7.6 36.31
9.2 6.8 13.435
-0.4 5.6 8.5554
-2.4 -3.2 16.633
8 1.7764e-015 -42.992
3.2 -7.6 4.1544
6.8 5.6 10.196
1.7764e-015 1.6 2.9275
2.8 9.6 61.355
-6.8 -1.6 -6.6143
4 1.7764e-015 -11.966
-2.4 8.8 14.521
-3.2 4.4 -5.0906
9.6 -8 -80.059
-4.8 6.8 -24.699
2.4 4.8 13.551
-6 1.6 -30.571
-6 4.8 -41.655
8 -1.2 -47.576
7.6 -9.6 -45.075
9.2 2 -30.613
3.6 -6.4 -0.15918
