10 -7.2 -76.426
0.8 -8.4 33.348
8 -5.2 -41.745
-2 3.2 -10.236
4.8 3.6 4.7408
-8.4 -5.2 -2.4985
5.2 -8.4 -9.3064
-0.4 3.6 12.622
-1.2 5.6 1.3747
5.2 -3.6 -22.638
3.6 -0.8 2.3566
7.2 5.2 5.0671
-7.2 6.8 -57.34
-2 -2.4 10.436
-2.8 0.4 -4.8529
3.2 -7.2 4.6333
-0.4 0.4 -3.3406
6.4 2.8 -6.708
2.4 7.6 36.322
-2 -5.2 17.423
-8.8 -2.4 -35.701
-4.8 2.4 -22.499
-7.6 1.6 -44.603
-4.4 -3.6 6.431
7.6 4 2.2468
-8 10 -67.813
1.7764e-015 4.8 0.99306
-3.2 -6 25.969
-1.2 -3.6 21.036
8.8 4.4 -11.54
6.8 -0.8 -34.823
1.7764e-015 8.8 27.381
4 -8.4 14.096
-5.6 -4.8 15.518
-7.2 4.4 -56.12
-3.6 -3.2 4.6614
-0.4 -1.2 4.3777
-2 6 2.5992
6.8 2.8 -9.9983
1.7764e-015 8 33.016
-8.4 6 -65.564
-7.2 1.2 -37.946
-0.4 7.2 26.267
-3.6 -2.8 12.213
-6.4 5.6 -48.565
2 2 4.692
6.4 6 17.909
9.6 -4.8 -78.241
4 3.6 1.8617
-2.4 0.8 -13.659
6 4.8 18.091
-0.8 -5.2 17.588
-3.6 2 -20.371
1.2 -8.4 27.191
1.6 1.2 5.1493
2.4 -1.6 -9.4946
7.6 -8.8 -52.548
4.4 0.4 -4.2114
5.6 7.6 46.006
-5.6 2.4 -40.925
7.2 1.2 -24.425
0.4 -1.6 -1.9304
8.8 10 68.179
3.2 -4.8 -10.428
-2 -7.2 39.379
-2.4 1.6 -9.1303
-1.6 -4 21.03
1.7764e-015 2.4 -1.6544
1.6 2.8 2.5203
7.2 2 -16.217
0.4 -9.2 49.349
-1.2 -1.6 8.9325
9.6 0.4 -54.986
5.2 -9.6 -6.612
-8 -4 -2.8258
-4.8 8.8 -17.045
-2 1.7764e-015 -8.5069
5.6 5.6 12.517
-4 9.6 3.3667
5.6 1.2 -15.223
-0.4 1.6 11.555
3.2 2.4 -9.2042
-1.6 -3.6 11.255
-3.6 -4.4 11.869
1.6 -2.8 13.44
6.8 -8.4 -31.475
7.2 6 15.182
0.8 -8.8 45.499
2.8 2.4 -6.7774
2.4 -4.4 -0.28398
4 -2 -11.167
-5.2 -8.8 61.843
-1.2 4 -3.6393
-3.6 0.8 -11.131
-9.2 -8 31.326
6.4 -9.6 -11.68
-5.6 0.8 -20.475
-1.6 -0.4 -1.3672
10 5.2 -8.0073
0.8 -2 2.4573
-4.8 2 -16.82
-3.2 10 2.7192
-2 -4.8 12.544
6 -4.8 -20.068
-8.4 1.6 -70.409
7.2 -4.4 -50.79
7.2 -5.2 -54.202
-8.8 1.7764e-015 -42.908
-6 -5.2 17.68
-3.6 4 -13.994
-2.8 1.7764e-015 0.66682
-3.6 -4.8 17.482
7.2 -2 -43.528
-2 -3.2 11.015
3.6 -2.8 -13.246
5.6 -0.4 -23.526
4.8 -6.4 -13.69
5.2 -0.4 -11.971
4.4 1.2 -7.3502
-6.4 -0.8 -19.273
-4.4 10 -0.52728
-5.2 -8.4 55.727
6.8 -5.6 -45.395
-7.6 -6.4 31.584
-5.2 -2 -1.6821
2 1.7764e-015 -9.9963
3.2 6.8 36.584
1.2 1.6 6.1752
-5.2 0.4 -30.163
1.7764e-015 9.6 40.143
6.8 3.2 -6.1781
9.6 -6.8 -76.355
8.4 -1.2 -51.14
4.4 -5.2 -5.2927
-0.8 -3.2 11.515
-2.8 -1.2 -6.5382
9.6 -1.6 -73.339
-3.6 8.8 5.852
5.2 -8.8 -13.997
4 -8 10.22
-4 4.8 -23.009
8.4 8 42.984
-4 2 -13.862
-4.8 2.8 -20.851
-7.2 -8.4 57.15
-6.8 8.4 -53.71
2.8 5.2 14.581
-4.8 9.6 -11.195
-7.6 2 -53.548
8.4 4.4 -2.3571
0.4 10 53.094
2 1.2 -0.87841
-3.2 -5.6 33.185
1.6 2 6.145
7.2 10 66.774
-4.4 2 -21.962
-1.2 -6 29.789
2 4.4 7.4121
-4.4 9.6 -4.2873
-9.2 1.2 -71.236
-9.6 1.2 -74.385
-9.2 -2 -47.228
4.8 6.4 34.299
4.8 -0.4 -13.971
10 6.8 15.544
-7.6 7.6 -69.132
4.4 -7.2 -7.8301
-8.8 6 -72.696
1.7764e-015 -8.4 47.951
-2 7.6 7.7742
1.7764e-015 10 45.981
4 1.2 -6.9992
5.2 5.2 24.433
-6.4 -3.2 -5.5888
-8.4 2.4 -72.591
6.8 -8.8 -23.049
3.2 -2.4 -9.3869
-9.2 -9.6 67.325
6 -5.2 -30.293
2 4 10.86
-5.6 -6.8 35.246
7.6 -4 -48.384
8.8 -5.6 -66.702
9.6 2 -35.148
-8.8 -1.2 -47.653
-2.4 2.4 -9.3556
-3.6 -2 -10.513
1.6 -9.6 41.13
-4 -4 19.514
-8.8 9.6 -89.226
-2.8 -4.8 19.693
2.8 6.8 21.776
2.8 6.4 29.836
-7.6 -3.2 -12.545
-6.4 8 -44
-7.2 10 -49.028
-1.6 8.4 26.401
-2 2.8 -3.7564
-8.8 2.8 -72.786
-4 3.2 -20.844
-6.4 -7.6 39.339
8.4 -3.6 -60.217
-6.4 3.6 -38.594
8.4 6 10.731
-6.8 -6.4 35.846
-6.4 -5.6 18.213
4 -4.8 -10.692
-4.8 -3.6 7.1894
7.2 -4 -42.997
5.2 6.4 24.433
0.4 -3.6 4.2797
-9.6 -6 5.7455
-1.6 -2 0.88858
8.4 4.8 -12.568
-4.4 1.2 -21.63
-0.8 2.4 -7.1971
8.8 -4 -57.939
5.6 3.6 1.9819
4 6.4 27.744
8.4 1.6 -37.995
-8 -1.6 -38.445
-6.8 1.2 -38.596
-6.4 -1.6 -15.78
-3.6 -6.4 39.301
3.6 -0.4 -9.6526
-6.8 -7.6 53.042
0.4 -5.2 7.1753
8 6 9.3436
-4.4 1.7764e-015 -13.8
6 2.8 2.4246
-7.2 -2.4 -17.461
3.6 2 3.7809
-5.6 -1.6 -17.371
3.2 0.4 2.0581
0.8 5.6 15.218
-1.2 4.4 4.7446
-5.6 -1.2 -14.996
-9.6 4 -85.991
3.6 1.7764e-015 -14.803
-3.2 7.2 -12.05
5.6 4.4 3.8356
6.8 6.8 29.476
-2.8 -0.4 -7.999
-7.2 -8.8 58.533
9.6 5.2 -7.5235
3.6 6 28.558
-5.2 -1.2 -11.712
-0.4 -7.6 47.332
-8 3.2 -58.376
-5.6 -0.8 -15.736
-1.6 0.8 -7.7836
9.6 6 -2.1543
-6.8 6.8 -51.897
10 -6.8 -95.39
-2.4 -5.2 30.244
4 -6.4 5.0647
-2.8 3.6 -10.24
-9.2 -1.2 -48.786
5.6 -2.8 -19.011
-6 9.2 -30.62
-9.2 -3.2 -29.074
-1.6 0.4 -1.8633
6.8 -4.4 -37.277
-7.2 -9.2 71.667
0.4 0.8 -2.8823
0.4 -6.4 34.382
-4.4 -7.2 46.438
2 6 24.876
6.4 2 -17.057
-0.4 -5.2 19.328
-8 9.2 -73.76
-1.2 2 2.0561
4.4 8 42.663
-4.4 -4.8 21.012
3.6 -9.6 25.66
0.4 0.4 -7.4914
3.2 1.7764e-015 -9.9364
-5.2 10 -10.866
4.4 4.8 17.031
-4 8.4 -12.64
-6 6 -41.954
-3.2 3.2 -14.675
-3.6 1.2 -7.3207
7.6 6.4 13.747
6 3.6 1.1428
1.2 -1.6 0.55179
-6.4 -8.4 60.011
2.4 7.2 27.484
5.2 -2.4 -31.179
7.6 -3.6 -51.618
9.6 -8.8 -74.533
-9.6 10 -96.184
5.6 -6.8 -25.526
8.4 2.8 -25.803
9.2 -4.4 -67.47
-2.4 -4 7.5753
2 -2 -3.954
8.8 -5.2 -63.312
9.2 0.4 -55.562
-0.8 3.6 4.1266
1.2 8.8 41.153
6.8 8 34.253
4.4 6.4 26.869
-1.6 -2.4 11.57
-2.4 -9.6 78.594
0.4 -6.8 28.448
5.6 -6 -21.704
-7.2 3.2 -45.918
-3.2 -4.4 21.067
6 8.4 59.448
7.2 1.7764e-015 -32.763
1.7764e-015 7.2 27.985
1.2 3.2 8.0636
-0.4 8 20.197
3.2 -5.6 2.0995
2.4 4 9.4593
-6.8 -2.8 -20.028
4.8 6 25.64
4.8 -4.4 -13.611
7.6 -2 -42.598
1.6 -4.8 8.2697
3.6 -2 -7.7462
-9.6 -3.2 -37.562
9.6 -2.8 -82.572
5.2 -4.8 -10.187
-1.2 7.2 14.352
3.2 -4.4 -9.1759
5.6 -1.6 -25.59
7.6 0.4 -35.188
6.8 4 -11.921
-5.6 5.2 -34.406
-4.4 9.2 -11.735
-9.2 -0.4 -58.867
-3.6 9.6 13.763
2.4 -7.2 17.995
-6 -8.4 59.721
-4.8 -0.8 -12.628
0.8 1.2 -3.7974
7.2 -0.4 -39.79
8 -6.4 -63.731
4.8 -1.6 -18.791
-4.4 -8 56.293
-9.2 4.4 -93.034
-0.8 8.4 35.541
6.8 0.8 -19.636
-2.8 5.2 -7.7757
-2.4 -2.4 6.0639
-6 -6.4 26.099
-9.2 -8.8 55.111
-2.8 -8.8 58.246
-1.2 1.6 0.5433
1.6 5.6 15.906
-4 -2 -0.65339
-3.2 -7.2 35.831
-1.2 6.4 6.0291
-6.8 2 -46.882
3.6 8.4 49.13
8.8 -4.8 -61.105
-8.8 -8.8 50.87
-9.2 4 -79.874
-6 9.6 -32.862
7.2 7.2 32.294
3.2 -9.2 20.782
-0.8 -7.2 42.364
-8 -5.2 -0.52668
-8.4 -4.4 -5.5256
-2 -7.6 40.575
-2.4 4.4 -4.5144
10 -5.2 -79.893
2 -2.4 9.6257
8 -3.6 -57.541
-9.2 -5.2 -2.6277
2 6.4 28.258
-7.6 3.6 -65.083
-8.4 -2 -36.295
1.2 -0.8 5.2681
9.2 2.4 -33.458
-3.6 1.7764e-015 -10.372
-8.4 0.8 -63.645
8.8 3.2 -26.035
-2.8 -2.4 5.9345
8.8 -6 -56.95
-9.6 -4.8 -20.764
2.8 -4.4 0.56603
-6.8 -0.8 -28.372
6 4 -0.71508
1.7764e-015 -2 10.791
0.4 6 11.973
-2.8 0.8 -8.481
-0.8 6.8 22.487
-5.6 -5.2 16.485
-2.4 3.6 -14.41
-8.8 0.4 -53.884
-6.8 9.6 -51.794
10 -1.6 -74.22
-9.6 9.6 -103.33
8.8 8.4 43.65
-3.2 -6.4 38.986
-5.2 -8 55.847
3.2 -3.6 -5.7608
-0.8 -9.6 62.758
10 -0.4 -55.752
-6.8 8.8 -57.006
0.4 -8.8 46.623
-8.4 1.7764e-015 -47.288
-5.6 -4 5.588
-4.8 6 -30.544
-3.6 3.6 -7.9836
-8.4 -4 -15.01
2 3.6 9.7981
8.4 -5.6 -59.959
8.4 -2 -55.692
-5.2 -5.6 28.918
3.6 -6.8 5.4576
-3.6 1.6 -16.53
0.4 3.6 7.4293
2.4 -0.8 -3.8252
-6 -6.8 33.065
0.4 1.7764e-015 -0.8836
-8.4 6.4 -71.412
-9.2 7.2 -87.993
8.4 -4 -57.527
-4.4 8 -20.121
-7.2 2 -47.011
6 -0.4 -28.266
6 1.6 -10.255
1.6 -9.2 37.945
-2 4 -0.44715
2.4 0.4 2.2113
-1.6 -1.6 -2.5363
1.2 -6.8 18.738
-9.2 1.7764e-015 -50.459
-3.6 -6.8 27.023
-4 10 4.2144
-2.4 8 21.043
3.6 -8.4 15.771
-6 7.2 -39.09
-4 -8.4 56.912
-4.4 2.8 -10.689
5.2 8.8 47.237
2.8 8.4 55.578
-8.8 -2.8 -38.878
3.6 -1.6 -15.682
7.6 9.6 56.293
-9.6 -2.4 -46.319
-5.2 4.4 -24.198
10 6 0.51871
-2 -6 27.478
-7.6 10 -58.122
8.8 8.8 48.827
2 3.2 12.488
-8.4 -3.6 -21.353
-2.4 -1.2 -2.6823
-7.6 8.4 -51.291
-1.6 -8.8 48.484
-4 1.6 -14.406
9.6 3.2 -31.853
8.8 -0.4 -52.832
3.2 -6.8 1.517
6 8.8 57.959
3.6 -4 -9.7616
9.6 -1.2 -67.424
1.2 6 19.678
-9.6 -2 -43.723
2 -1.6 -1.5625
-7.2 -0.8 -32.804
4 1.6 -0.42352
-2.8 -1.6 1.2579
6 -3.2 -28.217
-7.6 6 -70.181
7.2 -9.2 -38.936
9.6 -8.4 -77.635
-3.6 5.2 -15.044
-8.4 -8.8 46.126
-5.6 2 -46.316
7.2 -6 -43.646
-7.2 -9.6 58.435
3.6 -5.6 -5.6515
-8.8 2.4 -62.508
6.4 10 84.309
-4.4 -6 27.223
-2.4 -7.2 39.041
-4 5.6 -9.0042
8 -0.8 -36.537
-9.6 -3.6 -34.112
8 2 -21.434
1.2 7.6 30.081
-6.4 -9.2 68.329
7.2 0.8 -25.765
-7.2 2.8 -46.304
8 5.6 13.786
-2.4 4.8 -7.6535
-7.2 -7.2 33.203
-8.8 2 -65.045
-6 0.8 -27.714
-2 0.4 4.1661
-8.4 -6 17.395
-4.8 4.4 -35.991
-6 3.6 -43.441
-6 -5.6 27.181
8 -7.2 -48.393
-5.6 -2.4 -16.368
-2 8.8 7.0466
9.2 1.6 -32.629
-9.6 2.8 -87.028
-7.2 3.6 -50.683
9.2 -9.2 -74.213
-3.2 4 -17.949
10 -2.4 -78.537
9.2 -1.2 -65.237
-8.4 -4.8 2.269
6.4 6.8 29.151
-8 -6.4 18.058
8 9.2 60.501
-0.8 -7.6 48.716
0.8 3.6 7.4734
1.2 10 50.945
1.6 1.6 -5.0813
-8 -8.4 46.298
8 7.2 24.4
6.8 -5.2 -39.05
6 -8.8 -17.542
-5.2 1.7764e-015 -22.17
6.8 6 10.811
7.2 2.8 -17.119
-9.6 6.4 -108.49
3.6 9.6 64.816
-2 -5.6 22.266
-9.2 6.4 -96.798
1.6 4.8 11.092
7.6 4.8 12.356
9.2 4.8 -1.9521
-9.2 -6.4 11.303
8 -8.4 -55.561
-1.2 -9.2 58.552
1.7764e-015 2 -5.3038
6.4 4.8 9.9914
9.6 8.4 40.279
-1.6 -8 55.091
0.8 6.8 21.904
-3.2 7.6 0.79897
6.8 -9.2 -23.221
-2.8 2.8 -9.7911
-5.2 -6.8 34.148
8.4 -2.8 -61.636
-1.6 -4.4 12.08
-2 3.6 -5.1097
2 -4.4 5.4445
-5.2 -7.6 52.965
-2.4 -4.8 17.113
-4 4.4 -21.323
-6 6.4 -40.636
-9.6 -9.6 70.669
-4 -6.4 36.917
1.6 -1.6 -3.9889
1.6 4.4 11.232
7.6 -6.8 -47.001
3.6 -6 2.3721
5.2 2.8 3.3887
2.4 5.2 13.448
-4 5.2 -15.039
6 6 23.683
-6 -1.2 -20.717
-2.4 -6.4 34.407
-2 0.8 1.5498
0.4 2.8 0.22052
-7.6 -4.4 -9.0075
-4.8 0.8 -12.323
8 -2.8 -43.538
-9.6 3.2 -79.962
6.4 8.8 57.406
-9.6 6 -98.003
1.2 -9.6 40.182
-8.8 1.6 -74.349
3.6 -8.8 12.577
10 4.8 -4.8024
2 -5.6 5.1193
-7.2 8.8 -46.069
10 9.6 61.182
7.2 3.6 -2.1637
6.4 -7.2 -16.056
3.2 -0.8 -11.947
1.2 -3.6 8.2871
7.2 -7.2 -44.649
3.2 6.4 28.437
4.4 -2.4 -12.101
-4.8 8.4 -15.152
1.7764e-015 6.4 19.519
-8.8 7.2 -86.754
2.8 10 63.671
-6 7.6 -40.456
-8.4 6.8 -68.322
-4 -1.6 1.4167
-0.4 -8.4 50.811
-4.4 -6.8 47.994
4.8 -3.6 -22.803
3.6 0.4 1.5938
-3.2 8 8.6167
3.2 0.8 1.8889
9.6 -3.6 -77.213
-9.6 -8 34.251
1.7764e-015 -8 35.607
2 0.8 1.1105
-8.8 -1.6 -33.002
3.2 -9.6 21.135
10 2.8 -42.636
-0.8 0.4 2.9285
-2.4 9.2 12.195
7.6 10 73.363
-9.6 -6.8 24.237
0.4 -2 -3.0478
7.6 5.2 4.0098
6.8 -9.6 -21.407
-4.4 -2.8 5.8829
9.6 -9.2 -79.963
5.2 -6.8 -22.996
-5.6 -3.6 -4.0227
-1.6 -3.2 5.8459
1.2 -9.2 47.34
-5.2 2.8 -35.032
8.8 6.8 27.206
-3.2 4.8 -9.25
-5.2 -4 8.9552
10 -2 -78.986
-2 5.2 -1.4163
0.4 9.2 42.811
-9.2 8.4 -94.319
-1.6 -6.4 36.711
-8 4 -68.869
-6.8 2.8 -46.14
-5.6 9.2 -20.066
-8.8 -4.8 4.1303
-2.8 -8.4 54.644
-8.4 -9.6 66.713
4.4 5.2 14.84
7.6 -2.4 -48.886
7.2 -6.4 -43.02
-0.4 5.2 8.3646
7.6 2 -20.842
1.6 -8.4 34.916
-5.2 8 -24.209
4.4 4 7.1949
1.7764e-015 -0.8 8.6766
-4.4 -0.4 -17.671
-5.2 1.2 -26.831
1.7764e-015 -6 24.293
-6.4 -4.4 10.47
6.8 -3.2 -47.374
2.4 10 61.501
5.2 0.4 -15.597
6.8 5.2 15.432
-1.2 -1.2 0.9545
9.2 -8.8 -72.289
2.4 -6.4 15.369
2.8 4.4 17.671
8.8 2.8 -29.879
1.7764e-015 -1.2 8.9672
3.2 -8.8 26.588
-4.4 -8.4 61.762
0.8 -6 19.667
-8 -3.2 -15.209
-7.2 -4 -4.1009
-0.8 10 42.389
-6 -1.6 -16.346
-8.4 1.2 -68.868
8.8 5.6 9.6997
8 -6.8 -52.38
0.8 1.6 3.5948
-9.2 5.2 -87.791
-0.8 -0.8 -4.7935
-6 -7.2 34.34
0.8 -9.2 51.916
10 -8.4 -89.124
8 -2.4 -58.724
-4 -5.2 25.36
3.2 -4 -6.4931
-7.6 -5.6 12.286
-0.8 8.8 29.807
4.4 -9.2 5.4159
6.4 -6.4 -29.158
9.2 -6.8 -75.756
-7.2 -8 60.795
-3.6 9.2 8.3757
-6.8 6.4 -57.534
5.2 1.2 -16.853
6 7.6 43.334
-5.2 6.4 -24.143
-1.2 -0.8 4.7826
-9.6 0.8 -76.438
7.6 2.4 -21.798
-0.4 -0.4 8.3653
8.8 -8 -56.516
-0.8 9.6 36.396
5.2 8.4 54.206
-2.8 -5.2 16.379
8.4 -9.6 -59.923
8.4 3.6 -20.022
4 2.8 -0.45395
0.4 2 6.3559
-4.4 8.4 -13.35
-3.2 6.8 -10.17
0.8 8 42.46
2 -4.8 11.029
-5.6 -8.4 58.847
-2 6.4 15.952
-5.6 8.4 -29.453
8.4 10 62.365
10 -4.8 -96.248
4.8 -5.2 -14.147
-0.8 -1.6 0.12834
5.2 -4.4 -16.371
-6 0.4 -31.46
2.8 -6.8 -3.9248
3.6 0.8 -2.2474
1.7764e-015 0.8 -3.2573
-6.8 0.8 -49.894
9.2 4 -15.082
0.4 -9.6 57.332
-9.6 -4 -24.073
7.6 1.7764e-015 -31.585
-9.6 -1.6 -50.204
-5.2 5.6 -25.218
1.2 -2.4 0.15524
4.4 -0.4 -5.1961
-6 -2.4 -9.3054
1.6 3.2 6.5805
-0.4 -3.6 6.9075
2 -3.6 8.961
1.6 -0.8 2.1895
-6 3.2 -39.631
-2.4 1.2 -4.1937
10 1.2 -58.143
-6 -4.8 15.736
1.6 7.2 40.911
7.6 -4.4 -46.595
-0.4 6.4 11.792
-2.8 2.4 -18.885
5.6 2.4 -8.8776
1.2 -8.8 40.895
6.8 -4 -41.227
4.8 9.6 53.702
4.8 -7.2 -2.3303
-1.2 -9.6 67.015
10 6.4 10.926
6.4 4 2.0451
-4 -5.6 17.136
-4.4 7.6 -18.89
0.4 -7.6 32.607
-8 4.4 -69.572
3.6 -1.2 -11.555
-2.4 -8.8 56.206
6.8 8.4 54.165
5.6 -3.6 -26.752
-9.2 -7.2 22.088
2 2.4 4.307
8 5.2 2.285
-2 7.2 12.763
6 2 -12.563
8.4 -8.4 -56.47
-5.6 1.2 -33.682
-6.8 -8.4 48.286
-8.4 -1.6 -42.14
-6.4 0.4 -35.443
-8.8 -0.4 -53.437
-1.6 -1.2 -1.3964
-4 1.7764e-015 -9.1104
-4 8 -12.425
7.6 -2.8 -39.584
6 -6.4 -19.651
0.8 6 19.534
-8.4 -2.8 -30.343
1.2 -7.6 20.268
-8.8 -5.6 1.1867
-3.2 -7.6 49.013
6.4 -5.6 -48.062
-0.8 1.2 -1.1453
-8.8 4.8 -78.408
3.2 -2.8 -7.4145
4.4 7.2 33.329
-5.6 7.6 -32.961
1.6 7.6 39.721
-9.6 7.6 -95.038
-1.2 1.7764e-015 -3.574
8.8 0.8 -42.896
-2.4 6.8 12.437
0.8 4.8 13.341
-1.6 3.6 -7.956
1.7764e-015 -7.2 36.257
0.4 -3.2 12.917
-2.4 7.2 2.2811
-8.8 -7.2 31.575
-7.2 7.2 -56.538
9.2 10 58.943
4 9.2 59.715
-9.2 9.6 -88.603
1.6 -3.6 9.0464
-5.6 4.8 -36.018
4 2 -5.5028
-1.6 -4.8 22.95
-9.6 1.7764e-015 -67.328
8.4 -6.4 -67.086
4.8 -9.2 2.976
-7.2 -1.6 -17.548
4.4 -8 -2.1947
1.6 3.6 9.6019
4 2.4 12.24
-8.4 -0.4 -54.417
-3.2 3.6 -13.595
-7.6 6.8 -54.337
-1.6 7.2 19.105
1.2 1.7764e-015 -1.6206
5.6 3.2 -4.1152
4 0.4 -6.9265
-0.8 -3.6 8.4299
-4.8 -7.2 40.054
-0.4 -3.2 16.075
-8 -2 -26.18
2.4 -6.8 13.364
5.6 9.6 60.237
10 7.6 24.346
5.6 -7.2 -21.822
-6.8 -2.4 -16.02
3.2 4.8 13.819
1.6 -4.4 -0.064654
0.4 8.4 40.482
2.8 -0.4 -8.8869
-7.6 -0.4 -35.767
10 -7.6 -85.207
0.8 2.4 3.429
6.8 4.4 -1.844
3.6 3.6 14.621
-6.8 7.2 -58.016
2.4 -4.8 8.8822
5.6 -5.2 -15.089
-8 0.4 -58.91
7.2 9.2 66.766
-8.4 2.8 -67.893
4.4 3.6 10.856
-2.8 8.8 13.327
-6.4 -6 21.197
-5.6 -7.6 47.008
4.8 -0.8 -15.077
-8.4 9.2 -73.823
-6 -7.6 49.003
4 5.6 19.55
-6.4 9.6 -42.318
7.2 -8.8 -28.574
4.8 10 64.642
9.2 -0.4 -63.446
6 -6 -26.959
-0.8 4 -0.077906
1.6 -7.2 20.944
-8 7.6 -71.323
-8.4 3.2 -70.482
1.7764e-015 -4.8 17.985
-2 2 -15.476
-7.6 -2.8 -15.16
2 -0.8 -0.20516
-6.4 -6.8 29.078
-5.2 1.6 -25.812
-8 -6 11.248
4 9.6 70.094
7.6 3.6 -0.50474
-0.4 2.8 3.0512
2.8 -5.2 -1.6849
-6 1.2 -30.298
-7.2 1.7764e-015 -35.602
-0.8 -4 16.582
9.6 -4.4 -77.447
8 -2 -50.586
-0.8 1.7764e-015 -1.7645
5.2 6.8 31.487
7.6 8.8 47.97
6.4 -6.8 -34.81
-2.8 1.2 -11.831
-4.4 3.2 -19.316
-6.8 -7.2 45.041
4 0.8 -13.715
5.6 -1.2 -27.03
-3.6 7.6 -9.6061
5.6 0.8 -19.423
0.4 -2.8 12.174
-6.8 8 -51.285
-4.4 -2 -3.3197
4.4 -6 -18.81
-4.8 -1.2 -17.815
-9.6 2.4 -82.361
2.4 -3.6 2.1448
8 8 31.536
3.2 4.4 13.143
-8.8 10 -84.077
2.4 8.8 47.599
-9.6 -7.6 21.067
-5.2 -6 27.318
-1.2 -6.8 34.564
8.4 -3.2 -53.107
-2.4 -0.4 6.2707
-8 -2.4 -32.152
10 -9.6 -87.368
7.6 7.6 31.776
-6.4 9.2 -37.51
-4.8 10 -6.1326
3.2 10 65.111
2.4 2 12.313
-4.8 1.2 -22.01
8.4 1.2 -31.04
0.8 -2.8 10.548
-8.8 1.2 -61.85
8.8 -4.4 -62.52
8 8.8 55.006
0.4 7.6 23.029
4.8 -6 -11.331
3.2 1.2 -14.267
-0.4 -6 13.776
7.2 6.8 33.713
2.8 -4 -2.3534
7.2 -3.2 -44.314
-8.8 8.4 -90.496
5.6 -7.6 -9.3307
-6.8 -4 7.1943
6.8 7.2 39.113
7.6 -0.8 -36.62
-1.6 2.8 -0.17828
2.4 -9.6 41.755
-9.6 6.8 -105.1
6.8 -6.4 -30.405
-4 3.6 -17.704
-8 -3.6 -9.3755
6 5.2 6.8444
4.8 -8.8 -2.755
7.6 -7.6 -41.057
6.8 1.2 -22.395
4.4 -4.4 -12.483
4.4 -8.8 3.1705
8.8 7.2 21.915
-8.8 0.8 -52.488
-2 9.2 12.516
1.2 -3.2 4.7629
7.6 7.2 32.958
2.8 -4.8 2.0022
9.2 5.6 -0.067622
8.8 4 -9.9615
0.4 1.2 6.3897
-8.4 -5.6 10.543
-9.2 3.6 -87.676
-9.6 2 -81.964
-0.4 -5.6 20.7
-2.4 1.7764e-015 7.455
7.2 1.6 -13.486
4 -4 -6.226
-8.8 -8.4 51.628
8 -8.8 -41.084
7.6 -1.6 -49.01
-9.2 -4.8 0.32359
6.8 -1.2 -34.135
7.2 6.4 25.371
3.2 -2 -3.576
-3.6 -9.6 68.23
6.4 -4.4 -35.997
-1.6 -5.6 22.966
-6.8 -4.4 16.474
-3.6 -9.2 74.048
1.7764e-015 1.2 2.5393
2 -8 21.308
-5.2 -3.2 -3.6906
4.4 -0.8 -12.871
-5.2 -0.8 -18.566
-0.4 -2.4 0.092593
-9.2 6 -81.624
-5.6 10 -14.313
-8 5.6 -58.288
-8 5.2 -67.148
0.8 4.4 25.194
6 -0.8 -27.162
-1.2 5.2 6.5985
-2 -8 44.764
2 -7.6 20.287
-6.4 1.6 -32.948
-1.6 -7.2 45.045
-8.4 -0.8 -36.833
10 7.2 12.004
1.2 0.8 2.9987
-1.2 3.6 1.5326
-5.2 -2.8 -8.2197
9.2 0.8 -51.253
-4.8 -0.4 -22.619
-7.6 -8.4 54.793
-5.6 6 -34.284
-1.6 -9.6 71.262
-6.4 4 -41.902
-8.8 9.2 -81.331
-2 -2.8 3.2763
-4 0.4 -6.4817
-2.4 8.4 17.128
-2.4 -5.6 30.221
5.2 1.6 -7.2585
-2.4 -4.4 18.332
-1.2 8.8 17.426
7.6 -6 -53.139
2.4 8.4 41.714
