10 -7.2 -78.175
0.8 -8.4 -29.338
8 -5.2 -53.056
-2 3.2 -3.9707
4.8 3.6 -4.9517
-8.4 -5.2 -23.461
5.2 -8.4 -49.874
-0.4 3.6 6.1778
-1.2 5.6 -3.0742
5.2 -3.6 -27.508
3.6 -0.8 -6.928
7.2 5.2 -24.804
-7.2 6.8 -35.759
-2 -2.4 -0.40284
-2.8 0.4 1.5133
3.2 -7.2 -32.897
-0.4 0.4 0.24202
6.4 2.8 -17.466
2.4 7.6 -13.32
-2 -5.2 -3.4686
-8.8 -2.4 -19.214
-4.8 2.4 -3.2401
-7.6 1.6 -22.062
-4.4 -3.6 -7.7743
7.6 4 -22.923
-8 10 -56.494
1.7764e-015 4.8 0.81058
-3.2 -6 -13.263
-1.2 -3.6 -5.0836
8.8 4.4 -25.311
6.8 -0.8 -25.276
1.7764e-015 8.8 -19.139
4 -8.4 -41.173
-5.6 -4.8 -16.788
-7.2 4.4 -24.94
-3.6 -3.2 -5.2595
-0.4 -1.2 -6.6397
-2 6 -4.1133
6.8 2.8 -21.838
1.7764e-015 8 -7.9811
-8.4 6 -38.84
-7.2 1.2 -15.788
-0.4 7.2 -11.253
-3.6 -2.8 -3.7695
-6.4 5.6 -24.184
2 2 -0.92688
6.4 6 -16.333
9.6 -4.8 -62.115
4 3.6 -7.9435
-2.4 0.8 -6.7943
6 4.8 -12.528
-0.8 -5.2 -10.934
-3.6 2 5.7897
1.2 -8.4 -33.952
1.6 1.2 -1.9153
2.4 -1.6 -7.1218
7.6 -8.8 -66.366
4.4 0.4 -14.655
5.6 7.6 -18.216
-5.6 2.4 -12.562
7.2 1.2 -21.321
0.4 -1.6 -1.3366
8.8 10 -43.915
3.2 -4.8 -21.995
-2 -7.2 -17.462
-2.4 1.6 2.3286
-1.6 -4 -4.989
1.7764e-015 2.4 -2.5754
1.6 2.8 -3.3315
7.2 2 -22.594
0.4 -9.2 -32.136
-1.2 -1.6 0.24265
9.6 0.4 -36.273
5.2 -9.6 -60.153
-8 -4 -18.718
-4.8 8.8 -33.75
-2 1.7764e-015 0.71351
5.6 5.6 -17.727
-4 9.6 -30.992
5.6 1.2 -15.853
-0.4 1.6 -0.5417
3.2 2.4 -2.8373
-1.6 -3.6 -6.1818
-3.6 -4.4 -8.9439
1.6 -2.8 -4.7138
6.8 -8.4 -56.121
7.2 6 -21.355
0.8 -8.8 -27.349
2.8 2.4 -12.328
2.4 -4.4 -15.724
4 -2 -11.244
-5.2 -8.8 -22.473
-1.2 4 -4.3051
-3.6 0.8 -0.34146
-9.2 -8 -31.968
6.4 -9.6 -66.482
-5.6 0.8 -2.984
-1.6 -0.4 1.3211
10 5.2 -39.652
0.8 -2 -5.9373
-4.8 2 -8.9713
-3.2 10 -29.494
-2 -4.8 -12.254
6 -4.8 -32.368
-8.4 1.6 -24.03
7.2 -4.4 -37.755
7.2 -5.2 -38.941
-8.8 1.7764e-015 -23.185
-6 -5.2 -18.638
-3.6 4 -4.5921
-2.8 1.7764e-015 -1.7819
-3.6 -4.8 -15.244
7.2 -2 -32.489
-2 -3.2 -6.3648
3.6 -2.8 -16.427
5.6 -0.4 -14.743
4.8 -6.4 -36.316
5.2 -0.4 -9.3006
4.4 1.2 -10.87
-6.4 -0.8 -8.4381
-4.4 10 -31.178
-5.2 -8.4 -24.406
6.8 -5.6 -42.261
-7.6 -6.4 -20.961
-5.2 -2 -10.151
2 1.7764e-015 -3.5403
3.2 6.8 -6.9227
1.2 1.6 2.9248
-5.2 0.4 1.4141
1.7764e-015 9.6 -14.984
6.8 3.2 -20.253
9.6 -6.8 -72.786
8.4 -1.2 -41.255
4.4 -5.2 -26.28
-0.8 -3.2 -9.0472
-2.8 -1.2 0.24245
9.6 -1.6 -44.705
-3.6 8.8 -22.962
5.2 -8.8 -51.969
4 -8 -41.66
-4 4.8 -9.8197
8.4 8 -33.309
-4 2 -4.8503
-4.8 2.8 -10.261
-7.2 -8.4 -29.756
-6.8 8.4 -40.558
2.8 5.2 -7.3179
-4.8 9.6 -30.109
-7.6 2 -15.351
8.4 4.4 -27.064
0.4 10 -26.617
2 1.2 1.5836
-3.2 -5.6 -12.863
1.6 2 -3.0938
7.2 10 -37.064
-4.4 2 0.82361
-1.2 -6 -12.321
2 4.4 -5.8124
-4.4 9.6 -29.92
-9.2 1.2 -30.234
-9.6 1.2 -32.566
-9.2 -2 -26.022
4.8 6.4 -11.554
4.8 -0.4 -12.075
10 6.8 -36.096
-7.6 7.6 -39.347
4.4 -7.2 -36.177
-8.8 6 -36.011
1.7764e-015 -8.4 -32.314
-2 7.6 -12.686
1.7764e-015 10 -19.619
4 1.2 -6.5459
5.2 5.2 -10.01
-6.4 -3.2 -11.195
-8.4 2.4 -24.735
6.8 -8.8 -60.596
3.2 -2.4 -10.094
-9.2 -9.6 -43.326
6 -5.2 -32.05
2 4 -4.5032
-5.6 -6.8 -20.22
7.6 -4 -41.005
8.8 -5.6 -57.971
9.6 2 -35.979
-8.8 -1.2 -27.621
-2.4 2.4 -1.2999
-3.6 -2 -3.5028
1.6 -9.6 -33.904
-4 -4 -9.6119
-8.8 9.6 -61.244
-2.8 -4.8 -6.3985
2.8 6.8 -5.6635
2.8 6.4 -7.5564
-7.6 -3.2 -17.033
-6.4 8 -30.554
-7.2 10 -49.189
-1.6 8.4 -21.509
-2 2.8 -4.1704
-8.8 2.8 -26.565
-4 3.2 -4.9118
-6.4 -7.6 -23.252
8.4 -3.6 -43.629
-6.4 3.6 -21.422
8.4 6 -29.426
-6.8 -6.4 -17.818
-6.4 -5.6 -13.285
4 -4.8 -26.525
-4.8 -3.6 -9.4386
7.2 -4 -41.043
5.2 6.4 -21.293
0.4 -3.6 -5.2905
-9.6 -6 -28.862
-1.6 -2 -2.1789
8.4 4.8 -22.342
-4.4 1.2 -0.56785
-0.8 2.4 1.4262
8.8 -4 -51.926
5.6 3.6 -12.351
4 6.4 -16.402
8.4 1.6 -22.898
-8 -1.6 -22.339
-6.8 1.2 -15.87
-6.4 -1.6 -14.165
-3.6 -6.4 -10.07
3.6 -0.4 -2.9645
-6.8 -7.6 -29.029
0.4 -5.2 -17.246
8 6 -24.185
-4.4 1.7764e-015 -1.7053
6 2.8 -10.24
-7.2 -2.4 -14.164
3.6 2 -4.8927
-5.6 -1.6 -8.7648
3.2 0.4 -7.6355
0.8 5.6 -6.7363
-1.2 4.4 2.0768
-5.6 -1.2 -6.1021
-9.6 4 -40.162
3.6 1.7764e-015 -8.0614
-3.2 7.2 -18.172
5.6 4.4 -12.293
6.8 6.8 -26.694
-2.8 -0.4 -1.8196
-7.2 -8.8 -28.339
9.6 5.2 -35.265
3.6 6 -14.258
-5.2 -1.2 -11.229
-0.4 -7.6 -29.583
-8 3.2 -25.112
-5.6 -0.8 -8.5971
-1.6 0.8 -1.3292
9.6 6 -36.252
-6.8 6.8 -28.734
10 -6.8 -76.054
-2.4 -5.2 -12.984
4 -6.4 -32.142
-2.8 3.6 -4.7086
-9.2 -1.2 -27.655
5.6 -2.8 -22.369
-6 9.2 -39.373
-9.2 -3.2 -25.43
-1.6 0.4 -1.2285
6.8 -4.4 -36.001
-7.2 -9.2 -37.967
0.4 0.8 2.7813
0.4 -6.4 -11.464
-4.4 -7.2 -17.778
2 6 -11.883
6.4 2 -10.498
-0.4 -5.2 -13.814
-8 9.2 -40.979
-1.2 2 -4.6326
4.4 8 -11.574
-4.4 -4.8 -8.7392
3.6 -9.6 -52.191
0.4 0.4 -0.53385
3.2 1.7764e-015 -0.8567
-5.2 10 -30.603
4.4 4.8 -14.497
-4 8.4 -19.504
-6 6 -21.88
-3.2 3.2 -3.1058
-3.6 1.2 -5.2814
7.6 6.4 -22.797
6 3.6 -6.9661
1.2 -1.6 -7.7297
-6.4 -8.4 -25.303
2.4 7.2 -8.2217
5.2 -2.4 -20.294
7.6 -3.6 -44.26
9.6 -8.8 -86.992
-9.6 10 -64.827
5.6 -6.8 -43.083
8.4 2.8 -25.706
9.2 -4.4 -59.21
-2.4 -4 -8.1702
2 -2 -6.6705
8.8 -5.2 -51.643
9.2 0.4 -38.106
-0.8 3.6 0.85278
1.2 8.8 -20.879
6.8 8 -23.706
4.4 6.4 -7.7721
-1.6 -2.4 -3.383
-2.4 -9.6 -27.627
0.4 -6.8 -19.377
5.6 -6 -37.631
-7.2 3.2 -19.164
-3.2 -4.4 -5.7138
6 8.4 -14.589
7.2 1.7764e-015 -25.821
1.7764e-015 7.2 -9.3371
1.2 3.2 -3.6276
-0.4 8 -14.005
3.2 -5.6 -28.231
2.4 4 -1.6818
-6.8 -2.8 -13.972
4.8 6 -16.073
4.8 -4.4 -23.99
7.6 -2 -26.896
1.6 -4.8 -13.343
3.6 -2 -7.4677
-9.6 -3.2 -20.568
9.6 -2.8 -50.371
5.2 -4.8 -25.793
-1.2 7.2 -15.418
3.2 -4.4 -16.805
5.6 -1.6 -26.786
7.6 0.4 -18.565
6.8 4 -16.565
-5.6 5.2 -15.033
-4.4 9.2 -29.405
-9.2 -0.4 -23.912
-3.6 9.6 -30.783
2.4 -7.2 -26.738
-6 -8.4 -31.724
-4.8 -0.8 -1.5234
0.8 1.2 1.9339
7.2 -0.4 -21.283
8 -6.4 -56.051
4.8 -1.6 -19.255
-4.4 -8 -19.139
-9.2 4.4 -31.471
-0.8 8.4 -12.261
6.8 0.8 -24.302
-2.8 5.2 -2.648
-2.4 -2.4 -0.59402
-6 -6.4 -21.517
-9.2 -8.8 -39.192
-2.8 -8.8 -25.049
-1.2 1.6 3.7918
1.6 5.6 -6.0904
-4 -2 -1.5946
-3.2 -7.2 -20.361
-1.2 6.4 -4.4058
-6.8 2 -11.637
3.6 8.4 -19.007
8.8 -4.8 -54.092
-8.8 -8.8 -34.129
-9.2 4 -31.652
-6 9.6 -36.667
7.2 7.2 -18.442
3.2 -9.2 -39.562
-0.8 -7.2 -18.659
-8 -5.2 -21.132
-8.4 -4.4 -18.844
-2 -7.6 -18.613
-2.4 4.4 -9.0509
10 -5.2 -63.523
2 -2.4 -6.0007
8 -3.6 -38.43
-9.2 -5.2 -27.772
2 6.4 -1.9456
-7.6 3.6 -21.184
-8.4 -2 -12.637
1.2 -0.8 -5.1962
9.2 2.4 -30.648
-3.6 1.7764e-015 -1.1213
-8.4 0.8 -17.506
8.8 3.2 -26.528
-2.8 -2.4 -11.128
8.8 -6 -57.219
-9.6 -4.8 -25.347
2.8 -4.4 -17.714
-6.8 -0.8 -12.094
6 4 -17.455
1.7764e-015 -2 -4.4002
0.4 6 -5.611
-2.8 0.8 -1.8331
-0.8 6.8 -3.8724
-5.6 -5.2 -15.264
-2.4 3.6 -1.7425
-8.8 0.4 -22.492
-6.8 9.6 -48.403
10 -1.6 -44.086
-9.6 9.6 -65.646
8.8 8.4 -32.818
-3.2 -6.4 -13.735
-5.2 -8 -21.855
3.2 -3.6 -21.523
-0.8 -9.6 -34.281
10 -0.4 -43.752
-6.8 8.8 -43.336
0.4 -8.8 -25.259
-8.4 1.7764e-015 -20.257
-5.6 -4 -11.923
-4.8 6 -16.924
-3.6 3.6 -3.8126
-8.4 -4 -21.644
2 3.6 -1.3878
8.4 -5.6 -51.82
8.4 -2 -37.742
-5.2 -5.6 -12.38
3.6 -6.8 -32.295
-3.6 1.6 -6.2273
0.4 3.6 -1.4697
2.4 -0.8 -10.79
-6 -6.8 -16.167
0.4 1.7764e-015 1.3026
-8.4 6.4 -39.124
-9.2 7.2 -47.992
8.4 -4 -51.034
-4.4 8 -22.327
-7.2 2 -13.732
6 -0.4 -23.593
6 1.6 -14.92
1.6 -9.2 -39.374
-2 4 -6.3574
2.4 0.4 -1.722
-1.6 -1.6 3.2647
1.2 -6.8 -17.27
-9.2 1.7764e-015 -20.498
-3.6 -6.8 -17.581
-4 10 -30.617
-2.4 8 -20.478
3.6 -8.4 -38.682
-6 7.2 -28.17
-4 -8.4 -22.771
-4.4 2.8 -7.0242
5.2 8.8 -20.593
2.8 8.4 -11.065
-8.8 -2.8 -23.192
3.6 -1.6 -13.22
7.6 9.6 -26.883
-9.6 -2.4 -28.729
-5.2 4.4 -17.586
10 6 -36.941
-2 -6 -13.003
-7.6 10 -52.695
8.8 8.8 -35.409
2 3.2 3.9138
-8.4 -3.6 -21.267
-2.4 -1.2 -2.3598
-7.6 8.4 -41.536
-1.6 -8.8 -24.872
-4 1.6 1.7954
9.6 3.2 -32.288
8.8 -0.4 -37.892
3.2 -6.8 -30.848
6 8.8 -16.248
3.6 -4 -23.278
9.6 -1.2 -47.595
1.2 6 -7.8421
-9.6 -2 -23.395
2 -1.6 -3.8419
-7.2 -0.8 -16.866
4 1.6 -9.3836
-2.8 -1.6 -4.5385
6 -3.2 -25.812
-7.6 6 -25.957
7.2 -9.2 -67.1
9.6 -8.4 -77.067
-3.6 5.2 -6.2222
-8.4 -8.8 -36.018
-5.6 2 -9.2027
7.2 -6 -48.731
-7.2 -9.6 -34.653
3.6 -5.6 -24.949
-8.8 2.4 -21.852
6.4 10 -29.338
-4.4 -6 -15.587
-2.4 -7.2 -11.195
-4 5.6 -14.041
8 -0.8 -30.831
-9.6 -3.6 -28.481
8 2 -32.807
1.2 7.6 -6.9741
-6.4 -9.2 -31.686
7.2 0.8 -22.09
-7.2 2.8 -10.009
8 5.6 -30.643
-2.4 4.8 -6.2639
-7.2 -7.2 -31.631
-8.8 2 -17.688
-6 0.8 -8.2047
-2 0.4 3.9567
-8.4 -6 -31.815
-4.8 4.4 -9.9812
-6 3.6 -17.57
-6 -5.6 -21.361
8 -7.2 -59.327
-5.6 -2.4 -10.03
-2 8.8 -25.366
9.2 1.6 -30.295
-9.6 2.8 -33.841
-7.2 3.6 -17.973
9.2 -9.2 -87.747
-3.2 4 -4.9217
10 -2.4 -48.169
9.2 -1.2 -42.659
-8.4 -4.8 -24.012
6.4 6.8 -18.737
-8 -6.4 -21.021
8 9.2 -35.933
-0.8 -7.6 -24.466
0.8 3.6 2.4593
1.2 10 -20.209
1.6 1.6 -1.2901
-8 -8.4 -37.818
8 7.2 -32.078
6.8 -5.2 -37.193
6 -8.8 -54.693
-5.2 1.7764e-015 -12.166
6.8 6 -18.53
7.2 2.8 -16.664
-9.6 6.4 -45.232
3.6 9.6 -21.441
-2 -5.6 -12.59
-9.2 6.4 -42.247
1.6 4.8 -1.1479
7.6 4.8 -22.352
9.2 4.8 -25.416
-9.2 -6.4 -33.646
8 -8.4 -68.01
-1.2 -9.2 -27.683
1.7764e-015 2 4.6616
6.4 4.8 -14.658
9.6 8.4 -43.477
-1.6 -8 -21.43
0.8 6.8 -10.516
-3.2 7.6 -15.612
6.8 -9.2 -68.221
-2.8 2.8 0.37095
-5.2 -6.8 -18.213
8.4 -2.8 -38.639
-1.6 -4.4 -8.8944
-2 3.6 -1.1285
2 -4.4 -17.807
-5.2 -7.6 -23.004
-2.4 -4.8 -4.3581
-4 4.4 -10.797
-6 6.4 -28.871
-9.6 -9.6 -43.994
-4 -6.4 -12.555
1.6 -1.6 -6.7967
1.6 4.4 0.92799
7.6 -6.8 -56.232
3.6 -6 -27.898
5.2 2.8 -9.7199
2.4 5.2 -3.2085
-4 5.2 -10.433
6 6 -20.287
-6 -1.2 -7.1254
-2.4 -6.4 -19.097
-2 0.8 -6.749
0.4 2.8 2.1004
-7.6 -4.4 -21.488
-4.8 0.8 -7.6029
8 -2.8 -37.834
-9.6 3.2 -37.22
6.4 8.8 -21.015
-9.6 6 -40.048
1.2 -9.6 -44.01
-8.8 1.6 -25.859
3.6 -8.8 -42.866
10 4.8 -37.066
2 -5.6 -21.489
-7.2 8.8 -38.994
10 9.6 -46.013
7.2 3.6 -19.935
6.4 -7.2 -49.815
3.2 -0.8 -9.5052
1.2 -3.6 -6.5179
7.2 -7.2 -54.784
3.2 6.4 -9.6617
4.4 -2.4 -14.7
-4.8 8.4 -35.015
1.7764e-015 6.4 -8.2796
-8.8 7.2 -45.322
2.8 10 -20.248
-6 7.6 -30.838
-8.4 6.8 -35.632
-4 -1.6 -4.5349
-0.4 -8.4 -28.015
-4.4 -6.8 -9.8917
4.8 -3.6 -18.405
3.6 0.4 -3.266
-3.2 8 -20.516
3.2 0.8 -4.8375
9.6 -3.6 -49.839
-9.6 -8 -38.969
1.7764e-015 -8 -30.54
2 0.8 -6.8329
-8.8 -1.6 -21.66
3.2 -9.6 -51.044
10 2.8 -31.702
-0.8 0.4 -1.8735
-2.4 9.2 -17.96
7.6 10 -31.349
-9.6 -6.8 -30.577
0.4 -2 -4.5675
7.6 5.2 -23.903
6.8 -9.6 -65.647
-4.4 -2.8 -6.9501
9.6 -9.2 -79.224
5.2 -6.8 -40.055
-5.6 -3.6 -6.8734
-1.6 -3.2 3.0751
1.2 -9.2 -39.101
-5.2 2.8 -8.734
8.8 6.8 -29.749
-3.2 4.8 -11.949
-5.2 -4 -5.706
10 -2 -50.859
-2 5.2 -3.1075
0.4 9.2 -16.186
-9.2 8.4 -50.93
-1.6 -6.4 -13.977
-8 4 -28.116
-6.8 2.8 -10.78
-5.6 9.2 -38.418
-8.8 -4.8 -23.799
-2.8 -8.4 -24.288
-8.4 -9.6 -39.852
4.4 5.2 -8.5785
7.6 -2.4 -33.552
7.2 -6.4 -50.121
-0.4 5.2 -2.8736
7.6 2 -25.812
1.6 -8.4 -36.136
-5.2 8 -30.834
4.4 4 -8.9641
1.7764e-015 -0.8 -2.1098
-4.4 -0.4 -9.5081
-5.2 1.2 -9.4516
1.7764e-015 -6 -13.915
-6.4 -4.4 -13.679
6.8 -3.2 -30.672
2.4 10 -18.542
5.2 0.4 -14.762
6.8 5.2 -23.491
-1.2 -1.2 -1.2791
9.2 -8.8 -80.302
2.4 -6.4 -25.328
2.8 4.4 -1.9154
8.8 2.8 -28.36
1.7764e-015 -1.2 0.91715
3.2 -8.8 -40.934
-4.4 -8.4 -22.778
0.8 -6 -12.372
-8 -3.2 -14.733
-7.2 -4 -16.159
-0.8 10 -24.4
-6 -1.6 -7.9787
-8.4 1.2 -25.584
8.8 5.6 -29.702
8 -6.8 -59.165
0.8 1.6 -3.8746
-9.2 5.2 -40.377
-0.8 -0.8 1.9613
-6 -7.2 -26.343
0.8 -9.2 -33.242
10 -8.4 -90.467
8 -2.4 -31.58
-4 -5.2 -12.668
3.2 -4 -13.593
-7.6 -5.6 -23.36
-0.8 8.8 -17.161
4.4 -9.2 -47.568
6.4 -6.4 -46.967
9.2 -6.8 -68.204
-7.2 -8 -27.725
-3.6 9.2 -27.694
-6.8 6.4 -26.345
5.2 1.2 -12.078
6 7.6 -16.638
-5.2 6.4 -19.017
-1.2 -0.8 0.87737
-9.6 0.8 -34.204
7.6 2.4 -22.983
-0.4 -0.4 -3.0256
8.8 -8 -73.532
-0.8 9.6 -14.042
5.2 8.4 -17.454
-2.8 -5.2 -3.6453
8.4 -9.6 -82.036
8.4 3.6 -25.152
4 2.8 -1.1216
0.4 2 2.2845
-4.4 8.4 -28.271
-3.2 6.8 -11.932
0.8 8 -14.528
2 -4.8 -11.921
-5.6 -8.4 -24.198
-2 6.4 -6.009
-5.6 8.4 -31.701
8.4 10 -40.588
10 -4.8 -62.28
4.8 -5.2 -28.702
-0.8 -1.6 -2.016
5.2 -4.4 -27.984
-6 0.4 -7.7375
2.8 -6.8 -27.058
3.6 0.8 -7.767
1.7764e-015 0.8 1.703
-6.8 0.8 -11.305
9.2 4 -30.965
0.4 -9.6 -35.566
-9.6 -4 -26.954
7.6 1.7764e-015 -27.097
-9.6 -1.6 -22.474
-5.2 5.6 -19.675
1.2 -2.4 -5.118
4.4 -0.4 -13.226
-6 -2.4 -6.6896
1.6 3.2 0.11313
-0.4 -3.6 -7.0913
2 -3.6 -9.7438
1.6 -0.8 1.3599
-6 3.2 -13.091
-2.4 1.2 0.35819
10 1.2 -40.4
-6 -4.8 -14.045
1.6 7.2 -7.232
7.6 -4.4 -45.669
-0.4 6.4 -4.8298
-2.8 2.4 -4.5712
5.6 2.4 -9.2061
1.2 -8.8 -30.437
6.8 -4 -29.928
4.8 9.6 -24.089
4.8 -7.2 -38.424
-1.2 -9.6 -28.417
10 6.4 -43.327
6.4 4 -19.024
-4 -5.6 -12.02
-4.4 7.6 -23.193
0.4 -7.6 -26.824
-8 4.4 -25.42
3.6 -1.2 -10.624
-2.4 -8.8 -19.501
6.8 8.4 -27.131
5.6 -3.6 -25.79
-9.2 -7.2 -35.761
2 2.4 0.045908
8 5.2 -25.789
-2 7.2 -11.063
6 2 -17.487
8.4 -8.4 -77.621
-5.6 1.2 -5.4048
-6.8 -8.4 -29.775
-8.4 -1.6 -18.361
-6.4 0.4 -7.9492
-8.8 -0.4 -16.621
-1.6 -1.2 0.70005
-4 1.7764e-015 -6.4278
-4 8 -22.211
7.6 -2.8 -36.631
6 -6.4 -36.316
0.8 6 -6.0148
-8.4 -2.8 -24.374
1.2 -7.6 -29.102
-8.8 -5.6 -27.24
-3.2 -7.6 -18.351
6.4 -5.6 -37.619
-0.8 1.2 4.6505
-8.8 4.8 -27.193
3.2 -2.8 -14.153
4.4 7.2 -15.59
-5.6 7.6 -24.7
1.6 7.6 -11.963
-9.6 7.6 -48.608
-1.2 1.7764e-015 7.4485
8.8 0.8 -32.357
-2.4 6.8 -7.564
0.8 4.8 -8.3568
-1.6 3.6 -7.1549
1.7764e-015 -7.2 -20.81
0.4 -3.2 0.5859
-2.4 7.2 -13.997
-8.8 -7.2 -30.836
-7.2 7.2 -35.952
9.2 10 -36.84
4 9.2 -18.646
-9.2 9.6 -60.806
1.6 -3.6 -9.9741
-5.6 4.8 -14.177
4 2 -9.7454
-1.6 -4.8 -7.2455
-9.6 1.7764e-015 -22.22
8.4 -6.4 -60.976
4.8 -9.2 -53.796
-7.2 -1.6 -10.145
4.4 -8 -42.374
1.6 3.6 -3.7496
4 2.4 -2.5106
-8.4 -0.4 -20.751
-3.2 3.6 -9.1639
-7.6 6.8 -28.198
-1.6 7.2 -7.2352
1.2 1.7764e-015 -4.373
5.6 3.2 -10.164
4 0.4 -7.4732
-0.8 -3.6 -9.905
-4.8 -7.2 -21.727
-0.4 -3.2 -3.5791
-8 -2 -19.903
2.4 -6.8 -27.855
5.6 9.6 -21.799
10 7.6 -40.95
5.6 -7.2 -40.677
-6.8 -2.4 -16.783
3.2 4.8 -7.1699
1.6 -4.4 -12.612
0.4 8.4 -11.173
2.8 -0.4 -4.0618
-7.6 -0.4 -14.306
10 -7.6 -80.894
0.8 2.4 1.3937
6.8 4.4 -16.376
3.6 3.6 -3.8493
-6.8 7.2 -25.504
2.4 -4.8 -19.486
5.6 -5.2 -31.488
-8 0.4 -16.66
7.2 9.2 -27.23
-8.4 2.8 -27.873
4.4 3.6 -12.08
-2.8 8.8 -23.743
-6.4 -6 -14.934
-5.6 -7.6 -22.904
4.8 -0.8 -14.013
-8.4 9.2 -59.248
-6 -7.6 -18.996
4 5.6 -0.76838
-6.4 9.6 -39.323
7.2 -8.8 -67.347
4.8 10 -25.38
9.2 -0.4 -38.851
6 -6 -38.343
-0.8 4 -3.6245
1.6 -7.2 -20.238
-8 7.6 -40.186
-8.4 3.2 -32.351
1.7764e-015 -4.8 -11.752
-2 2 -1.7291
-7.6 -2.8 -17.596
2 -0.8 -4.6926
-6.4 -6.8 -16.769
-5.2 1.6 -6.1816
-8 -6 -27.94
4 9.6 -20.667
7.6 3.6 -26.806
-0.4 2.8 2.0753
2.8 -5.2 -21.094
-6 1.2 -6.0368
-7.2 1.7764e-015 -18.722
-0.8 -4 -3.1685
9.6 -4.4 -51.617
8 -2 -33.541
-0.8 1.7764e-015 4.404
5.2 6.8 -18.08
7.6 8.8 -25.506
6.4 -6.8 -50.738
-2.8 1.2 -3.6385
-4.4 3.2 -5.1102
-6.8 -7.2 -21.176
4 0.8 -4.6023
5.6 -1.2 -19.064
-3.6 7.6 -13.757
5.6 0.8 -14.66
0.4 -2.8 -3.804
-6.8 8 -37.949
-4.4 -2 -6.9477
4.4 -6 -30.983
-4.8 -1.2 -8.2471
-9.6 2.4 -33.706
2.4 -3.6 -10.001
8 8 -24.41
3.2 4.4 -1.5479
-8.8 10 -62.24
2.4 8.8 -16.702
-9.6 -7.6 -39.933
-5.2 -6 -18.784
-1.2 -6.8 -16.177
8.4 -3.2 -39.769
-2.4 -0.4 0.58831
-8 -2.4 -16.933
10 -9.6 -95.634
7.6 7.6 -28.163
-6.4 9.2 -44.235
-4.8 10 -37
3.2 10 -22.375
2.4 2 -4.0883
-4.8 1.2 -2.4397
8.4 1.2 -30.159
0.8 -2.8 -2.7275
-8.8 1.2 -25.313
8.8 -4.4 -52.45
8 8.8 -32.468
0.4 7.6 -18.214
4.8 -6 -30.775
3.2 1.2 -2.9913
-0.4 -6 -16.301
7.2 6.8 -20.498
2.8 -4 -13.312
7.2 -3.2 -29.673
-8.8 8.4 -43.347
5.6 -7.6 -45.993
-6.8 -4 -13.277
6.8 7.2 -22.372
7.6 -0.8 -26.622
-1.6 2.8 -6.8098
2.4 -9.6 -43.363
-9.6 6.8 -52.84
6.8 -6.4 -44.048
-4 3.6 -10.111
-8 -3.6 -18.75
6 5.2 -15.628
4.8 -8.8 -56.638
7.6 -7.6 -55.341
6.8 1.2 -14.074
4.4 -4.4 -26.634
4.4 -8.8 -49.684
8.8 7.2 -36.636
-8.8 0.8 -20.79
-2 9.2 -24.529
1.2 -3.2 -8.2557
7.6 7.2 -26.849
2.8 -4.8 -21.547
9.2 5.6 -34.017
8.8 4 -23.495
0.4 1.2 0.22527
-8.4 -5.6 -26.673
-9.2 3.6 -30.898
-9.6 2 -34.333
-0.4 -5.6 -8.0502
-2.4 1.7764e-015 0.93446
7.2 1.6 -23.283
4 -4 -20.995
-8.8 -8.4 -36.978
8 -8.8 -73.557
7.6 -1.6 -24.025
-9.2 -4.8 -27.11
6.8 -1.2 -27.25
7.2 6.4 -23.364
3.2 -2 -8.1874
-3.6 -9.6 -33.973
6.4 -4.4 -30.676
-1.6 -5.6 -10.622
-6.8 -4.4 -10.714
-3.6 -9.2 -31.478
1.7764e-015 1.2 -4.7658
2 -8 -35.149
-5.2 -3.2 -9.6998
4.4 -0.8 -8.3446
-5.2 -0.8 -5.3947
-0.4 -2.4 -2.1641
-9.2 6 -42.499
-5.6 10 -36.413
-8 5.6 -34.279
-8 5.2 -27.066
0.8 4.4 5.8387
6 -0.8 -19.696
-1.2 5.2 -8.3908
-2 -8 -27.068
2 -7.6 -30.278
-6.4 1.6 -11.468
-1.6 -7.2 -17.078
-8.4 -0.8 -15.951
10 7.2 -38.577
1.2 0.8 -1.2927
-1.2 3.6 -3.1017
-5.2 -2.8 -10.822
9.2 0.8 -36.271
-4.8 -0.4 -7.3886
-7.6 -8.4 -31.546
-5.6 6 -19.609
-1.6 -9.6 -31.176
-6.4 4 -17.106
-8.8 9.2 -55.567
-2 -2.8 -2.8973
-4 0.4 -3.6056
-2.4 8.4 -20.679
-2.4 -5.6 -15.073
5.2 1.6 -9.8135
-2.4 -4.4 -12.792
-1.2 8.8 -17.997
7.6 -6 -54.059
2.4 8.4 -19.972
