-3 7.2 -65.318
13 -5.2 -123.56
3.8 -6.4 -15.266
11 -3.2 -67.835
1 5.2 -13.393
7.8 5.6 -6.4536
-5.4 -3.2 -28.668
8.2 -6.4 -52.72
2.6 5.6 -7.8083
1.8 7.6 -17.2
8.2 -1.6 -31.928
6.6 1.2 -6.2408
10.2 7.2 -22.746
-4.2 8.8 -94.549
1 -0.4 -0.57685
0.2 2.4 -9.6191
6.2 -5.2 -29.204
2.6 2.4 -0.78103
9.4 4.8 -13.581
5.4 9.6 -9.5462
1 -3.2 -0.98795
-5.8 -0.4 -45.015
-1.8 4.4 -34.769
-4.6 3.6 -64.746
-1.4 -1.6 -7.8839
10.6 6 -19.557
-5 12 -138.45
3 6.8 -12.946
-0.2 -4 4.9343
1.8 -1.6 -0.25126
11.8 6.4 -34.8
9.8 1.2 -27.774
3 10.8 -29.015
7 -6.4 -41.196
-2.6 -2.8 -9.5323
-4.2 6.4 -73.298
-0.6 -1.2 -6.7025
2.6 0.8 -1.5073
1 8 -37.129
9.8 4.8 -21.372
3 10 -16.901
-5.4 8 -105.03
-4.2 3.2 -52.846
2.6 9.2 -24.6
-0.6 -0.8 1.248
-3.4 7.6 -69.579
5 4 0.8611
9.4 8 -12.902
12.6 -2.8 -92.042
7 5.6 -6.1336
0.6 2.8 -8.7209
9 6.8 -5.2819
2.2 -3.2 -0.6416
-0.6 4 -22.941
4.2 -6.4 -18.088
4.6 3.2 3.1528
5.4 0.4 -9.2808
10.6 -6.8 -91.361
7.4 2.4 -13.292
8.6 9.6 -15.043
-2.6 4.4 -42.586
10.2 3.2 -27.97
3.4 0.4 -2.3743
11.8 12 -24.173
6.2 -2.8 -10.901
1 -5.2 -4.652
0.6 3.6 -7.8036
1.4 -2 -3.323
3 4.4 -6.1709
4.6 4.8 -5.4894
10.2 4 -31.947
3.4 -7.2 -14.275
1.8 0.4 0.83222
12.6 2.4 -65.596
8.2 -7.6 -63.091
-5 -2 -30.294
-1.8 10.8 -78.154
1 2 -8.2529
8.6 7.6 -5.4467
-1 11.6 -77.99
8.6 3.2 -19.035
2.6 3.6 1.1522
6.2 4.4 -4.378
1.4 -1.6 7.1831
-0.6 -2.4 -1.9956
4.6 -0.8 -1.3456
9.8 -6.4 -75.962
10.2 8 -22.359
3.8 -6.8 -11.417
5.8 4.4 -2.9444
5.4 -2.4 -12.248
7 0 -12.47
-2.2 -6.8 -2.705
1.8 6 -17.4
-0.6 2.8 -15.653
-6.2 -6 -26.472
9.4 -7.6 -79.29
-2.6 2.8 -27.689
1.4 1.6 -0.38314
13 7.2 -42.14
3.8 0 -0.10401
-1.8 4 -30.969
-0.2 12 -62.625
1 -2.8 -2.2227
9 -2.8 -51.841
-5.4 3.6 -66.198
10.2 -2.4 -50.598
10.2 -3.2 -62.481
-5.8 2 -61.152
-3 -3.2 -10.668
-0.6 6 -26.616
0.2 2 -2.5687
-0.6 -2.8 2.3549
10.2 0 -45.817
1 -1.2 4.5328
6.6 -0.8 -11.999
8.6 1.6 -20.886
7.8 -4.4 -45.829
8.2 1.6 -20.252
7.4 3.2 -9.0347
-3.4 1.2 -33.726
-1.4 12 -78.727
-2.2 -6.4 1.3441
9.8 -3.6 -55.542
-4.6 -4.4 -22.399
-2.2 0 -12.335
5 2 2.655
6.2 8.8 -9.5729
4.2 3.6 -0.30435
-2.2 2.4 -29.929
3 11.6 -30.241
9.8 5.2 -22.45
12.6 -4.8 -111.65
11.4 0.8 -48.802
7.4 -3.2 -26.927
2.2 -1.2 5.5436
0.2 0.8 -2.2428
12.6 0.4 -71.603
-0.6 10.8 -62.421
8.2 -6.8 -60.565
7 -6 -44.318
-1 6.8 -37.023
11.4 10 -24.589
-1 4 -18.071
-1.8 4.8 -35.657
-4.2 -6.4 -8.1261
-3.8 10.4 -103.54
5.8 7.2 -6.7547
-1.8 11.6 -74.943
-4.6 4 -57.513
11.4 6.4 -32.811
3.4 12 -28.458
5 3.2 2.9109
-0.2 -3.6 -3.1486
4.6 4 -3.8188
10.2 12 -14.939
-1.4 4 -27.107
1.8 -4 -0.45013
5 6.4 3.9917
-1.4 11.6 -73.53
-6.2 3.2 -81.874
-6.6 3.2 -87.072
-6.2 0 -54.991
7.8 8.4 -2.2677
7.8 1.6 -12.8
13 8.8 -36.949
-4.6 9.6 -108.51
7.4 -5.2 -43.266
-5.8 8 -112.79
3 -6.4 -9.7706
1 9.6 -33.816
3 12 -34.498
7 3.2 -12.11
8.2 7.2 -7.5285
-3.4 -1.2 -20.864
-5.4 4.4 -78.807
9.8 -6.8 -81.332
6.2 -0.4 -12.158
-6.2 -7.6 -23.526
9 -3.2 -43.524
5 6 -2.9247
-2.6 -4.8 -1.7271
10.6 -2 -61.099
11.8 -3.6 -91.101
12.6 4 -45.398
-5.8 0.8 -52.273
0.6 4.4 -15.292
-0.6 0 -10.378
4.6 -7.6 -24.726
-1 -2 -3.3793
-5.8 11.6 -149.74
0.2 -2.8 1.1879
5.8 8.8 -9.2114
5.8 8.4 -7.7421
-4.6 -1.2 -33.815
-3.4 10 -88.48
-4.2 12 -129.22
1.4 10.4 -32.46
1 4.8 -15.287
-5.8 4.8 -83.632
-1 5.2 -27.087
-3.4 -5.6 -0.73946
11.4 -1.6 -69.711
-3.4 5.6 -54.954
11.4 8 -26.232
-3.8 -4.4 -7.2986
-3.4 -3.6 -11.969
7 -2.8 -25.484
-1.8 -1.6 -5.1304
10.2 -2 -56.247
8.2 8.4 -12.708
3.4 -1.6 -4.3621
-6.6 -4 -34.722
1.4 0 2.0022
11.4 6.8 -27.497
-1.4 3.2 -21.923
2.2 4.4 -13.23
11.8 -2 -77.345
8.6 5.6 -7.2185
7 8.4 -8.6305
11.4 3.6 -36.51
-5 0.4 -45.714
-3.8 3.2 -41.005
-3.4 0.4 -25.595
-0.6 -4.4 1.3487
6.6 1.6 -9.9804
-3.8 -5.6 -2.2548
3.4 -3.2 0.22657
11 8 -26.632
-1.4 2 -19.101
9 4.8 -19.081
-4.2 -0.4 -30.771
6.6 4 -3.1078
-2.6 0.4 -20.24
6.2 2.4 -1.9378
3.8 7.6 -4.885
1.8 6.4 -17.422
-2.6 0.8 -24.222
-6.6 6 -112.17
6.6 2 -9.8321
-0.2 9.2 -44.872
8.6 6.4 -16.166
9.8 8.8 -13.81
0.2 1.6 -10.988
-4.2 -6.8 -8.8377
12.6 7.2 -42.73
6.6 8 -8.8935
-2.2 0.8 -15.496
2.6 -5.6 -6.8153
-5 5.2 -71.925
-2.6 1.2 -21.267
1.4 2.8 -7.3139
12.6 8 -34.743
-3.8 8.8 -89.314
13 -4.8 -118.77
0.6 -3.2 -2.2339
7 -4.4 -31.947
0.2 5.6 -22.03
-6.2 0.8 -61.054
8.6 -0.8 -31.613
-3 11.2 -97.087
-6.2 -1.2 -45.506
1.4 2.4 -0.043989
9.8 -2.4 -49.847
-4.2 -7.2 -2.3263
3.4 2.8 -0.4062
3.4 -4.4 -8.6356
-1.4 -5.2 5.0778
5 8 -0.97922
9.4 4 -13.721
2.6 -3.2 1.8126
-5 11.2 -126.03
1.8 4 -5.576
7.4 10 -9.7593
-1.4 -2.8 -7.1758
6.6 -7.6 -41.597
3.4 2.4 3.4871
6.2 2 -3.8186
-2.2 12 -83.485
7.4 6.8 -7.1068
-1 10.4 -64.575
-3 8 -68.904
-0.2 5.2 -23.018
-0.6 3.2 -13.965
10.6 8.4 -25.495
9 5.6 -10.155
4.2 0.4 -7.8894
-3.4 -6.4 -6.3249
5.4 9.2 -13.807
8.2 -0.4 -32.548
10.6 -1.6 -57.047
12.6 -6.8 -130.1
-6.6 12 -173.4
8.6 -4.8 -51.414
11.4 4.8 -33.031
12.2 -2.4 -86.169
0.6 -2 0.72469
5 0 -0.20642
11.8 -3.2 -80.363
12.2 2.4 -57.51
2.2 5.6 -2.4082
4.2 10.8 -15.109
9.8 10 -12.525
7.4 8.4 -9.5597
1.4 -0.4 -3.3515
0.6 -7.6 -0.53553
3.4 -4.8 -8.7963
8.6 -4 -45.328
-4.2 5.2 -64.839
-0.2 -2.4 -2.0343
9 10.4 -15.219
10.2 2 -36.741
3 9.2 -19.109
4.2 5.2 -2.3414
2.6 10 -18.401
6.2 -3.6 -16.955
5.4 6 -6.9238
-3.8 -0.8 -24.49
7.8 8 -6.4034
7.8 -2.4 -34.258
10.6 0 -53.652
4.6 -2.8 -3.5842
6.6 0 -13.658
-6.6 -1.2 -50.428
12.6 -0.8 -79.076
8.2 -2.8 -36.769
1.8 9.2 -24.801
6.2 -2.4 -16.854
8.6 0.4 -27.94
10.6 2.4 -41.927
9.8 6 -21.625
-2.6 7.2 -54.39
-1.4 11.2 -71.519
-6.2 1.6 -58.392
-0.6 11.6 -57.893
5.4 -5.2 -21.584
-3 -6.4 -9.4894
-1.8 1.2 -16.723
3.8 3.2 -2.4439
10.2 1.6 -30.94
11 -4.4 -78.734
7.8 0.4 -15.872
-1.4 -6 -2.531
-6.2 6.4 -105.65
2.2 10.4 -32.436
9.8 2.8 -20.506
0.2 7.2 -35.524
0.6 -0.4 -0.20399
-3 -4.4 -9.3554
-6.2 -6.8 -22.53
0.2 -6.8 6.8407
1.8 3.6 -8.9664
4.6 7.6 -3.1181
-1 0 -7.3091
-0.2 -5.2 1.4988
1.8 8.4 -23.845
-3.8 4 -48.969
6.6 10.4 -9.2538
11.8 -2.8 -78.283
-5.8 -6.8 -19.952
-6.2 6 -102.66
-3 11.6 -98.497
10.2 9.2 -12.041
6.2 -7.2 -39.949
2.2 -5.2 -2.322
-5 -3.2 -25.832
-5.4 -2.4 -34.267
1 -5.6 -1.6032
0.6 6.4 -23.866
13 -3.2 -105.59
5 -0.4 -8.864
11 -1.6 -62.361
-6.2 -3.2 -33.144
5 8.4 -0.70447
-4.6 5.6 -68.389
-5.4 0 -42.648
4.2 1.2 -0.0042802
12.2 4.4 -51.725
-0.6 2 -9.6205
-5.4 2.8 -64.031
11.8 5.2 -36.827
0.2 -0.4 -3.8528
11.8 -4 -88.887
-6.6 -2.8 -45.003
5.8 -2.4 -8.9734
-3.8 1.2 -32.527
9 6 -10.794
3 0 -1.7429
3.4 8 -10.528
0.2 2.8 -3.657
2.2 8.8 -26.463
-2.6 -3.2 -8.2603
0.6 5.6 -18.804
-5.8 2.4 -68.693
-3.8 11.6 -109.83
13 0.4 -79.727
-6.6 11.6 -171.12
11.8 10.4 -26.883
-0.2 -4.4 -2.8142
-2.2 -6 -1.2103
6.2 -1.6 -19.032
2.2 -7.6 -9.929
13 1.6 -70.145
-3.8 10.8 -107.84
3.4 -6.8 -15.326
-5.4 2 -54.984
-2.6 -2 -10.3
-1.8 8 -56.283
-0.6 5.6 -26.734
-5.4 -2 -30.163
5 5.6 -4.3352
11.4 -3.6 -80.437
11.4 0 -55.349
-2.2 -3.6 -11.58
6.6 -4.8 -32.785
-0.6 3.6 -16.678
3.4 5.6 -3.7606
5.4 1.2 -4.6715
-3 -4.8 -4.7785
3.4 2 -1.692
-5.4 8.4 -111.94
-6.2 9.2 -129.95
11.4 -2 -65.032
-1.4 10 -63.994
-4.2 4 -53.955
9 1.6 -24.682
9 3.6 -19.475
4.6 -7.2 -22.455
1 6 -15.189
5.4 2.4 -1.1313
1.4 0.4 -0.94571
4.2 -4.8 -15.637
-6.2 2 -62.579
-0.6 -4.8 -1.7763
-1 12 -74.792
0.6 10 -45.827
6.6 -6.4 -38.11
-3 9.2 -78.236
-1 -6.4 1.7063
-1.4 4.8 -30.023
8.2 10.8 -6.2691
5.8 10.4 -14.783
-5.8 -0.8 -53.063
6.6 0.4 -15.389
10.6 11.6 -14.137
-6.6 -0.4 -50.673
-2.2 6.4 -55.225
13 8 -35.185
1 -4 0.52137
-4.6 12 -134.59
11.8 10.8 -27.938
5 5.2 -4.495
-5.4 -1.6 -37.687
0.6 0.8 -2.191
-4.6 10.4 -113.56
1.4 -6.8 -6.1853
-1 3.6 -20.278
12.6 5.2 -42.446
11.8 1.6 -51.016
6.2 -4.8 -21.986
9 10.8 -14.592
6.6 -2 -17.32
12.6 0.8 -72.332
4.2 8 -7.2458
-6.6 0 -53.27
5 0.4 1.7884
-4.2 1.2 -43.77
7 3.6 -9.0082
0.2 0.4 -6.045
9 -1.2 -42.797
-4.6 8 -95.673
10.2 -7.2 -92.537
12.6 -6.4 -125.6
-0.6 7.2 -32.909
-5.4 -6.8 -19.075
-2.6 4 -37.278
10.2 -4 -68.344
-4.2 -7.6 -8.408
6.6 -3.6 -23.164
-5.8 4.4 -85.324
9.4 12 -19.423
-1.4 -4 0.018576
0.6 -5.2 -0.6881
-1 7.6 -43.203
11 1.2 -40.874
-6.6 -1.6 -50.15
11 4 -34.385
4.2 9.6 -14.079
-3.4 -7.2 -3.0858
10.2 2.8 -31.186
-4.2 4.8 -57.392
11 7.6 -19.293
0.6 6.8 -23.538
-4.2 -5.2 -11.554
-5.8 4 -74.747
-3 2.8 -35.661
1 2.4 -8.3292
-5.4 -4 -27.682
-1.8 6.4 -42.585
-3 5.6 -52.411
-3 -3.6 -10.573
11 -5.2 -86.41
-2.6 -0.4 -17.102
1 10.8 -35.355
12.2 3.6 -48.148
-6.6 4.8 -98.436
-4.2 5.6 -63.398
12.2 -7.2 -127.08
-0.2 6 -20.63
13 -0.4 -84.15
12.2 0.8 -66.185
-5.4 -2.8 -27.383
9.4 8.8 -9.7458
-5 -4.4 -20.025
11 11.2 -15.535
2.2 -5.6 -4.2394
3.8 5.6 -4.1961
4.2 12 -26.993
4.6 3.6 -0.41752
-5 -6.4 -14.54
11 9.2 -24.049
9.8 -3.2 -56.907
9 -6.8 -69.935
-2.2 2 -19.977
9.8 8 -13.592
10.2 4.8 -31.2
-6.6 8.4 -129.8
6.6 11.6 -13.413
1 -3.6 4.6477
-6.2 8.4 -118.95
4.6 6.8 -3.5107
10.6 6.8 -24.216
12.2 6.8 -38.695
-6.2 -4.4 -29.658
11 -6.4 -98.553
1.8 -7.2 -7.1766
3 4 -6.5646
9.4 6.8 -12.448
12.6 10.4 -24.296
1.4 -6 -1.9527
3.8 8.8 -7.3865
-0.2 9.6 -45.672
9.8 -7.2 -81.904
0.2 4.8 -17.387
-2.2 -4.8 -1.5286
11.4 -0.8 -64.094
1.4 -2.4 0.17659
1 5.6 -16.312
5 -2.4 -9.0018
-2.2 -5.6 -1.9388
0.6 -2.8 2.5652
-1 6.4 -36.107
-3 8.4 -77.182
-6.6 -7.6 -26.244
-1 -4.4 0.50837
4.6 0.4 -3.6512
4.6 6.4 -3.718
10.6 -4.8 -84.073
6.6 -4 -26.466
8.2 4.8 -7.3326
5.4 7.2 1.3999
-1 7.2 -41.681
9 8 -12.804
-3 0.8 -25.662
0.6 -4.4 0.86676
1 2.8 -9.0963
3.4 4.8 -0.84248
-4.6 -2.4 -24.24
-1.8 2.8 -24.471
11 -0.8 -52.892
-6.6 5.2 -95.898
9.4 10.8 -14.168
-6.6 8 -129.3
4.2 -7.6 -21.825
-5.8 3.6 -71.535
6.6 -6.8 -39.793
13 6.8 -42.476
5 -3.6 -11.475
-4.2 10.8 -114.21
13 11.6 -29.56
10.2 5.6 -17.012
9.4 -5.2 -64.435
6.2 1.2 -7.3734
4.2 -1.6 1.1958
10.2 -5.2 -73.952
6.2 8.4 -6.4151
7.4 -0.4 -21.384
-1.8 10.4 -66.75
3 8.4 -18.612
-5.8 9.2 -123.58
5.8 12 -15.226
-3 9.6 -77.262
-5.4 8.8 -116.01
-1 0.4 -9.108
2.6 -6.4 -11.294
-1.4 -4.8 -5.8962
7.8 -1.6 -26.05
6.6 2.4 -9.5954
-0.2 10 -45.327
6.2 2.8 -9.3998
12.6 -1.6 -81.165
-6.6 -6 -33.251
3 -6 -12.931
5 2.8 -4.3905
-5.8 0.4 -57.259
6.2 -7.6 -44.002
13 4.8 -54.256
2.2 2.4 -5.5628
0.6 11.2 -44.531
10.6 12 -17.197
-6.6 -4.8 -34.44
3.4 0 -2.2601
10.6 7.2 -22.817
9.8 -7.6 -92.572
-1.4 -0.8 -4.844
12.6 -7.2 -135.22
8.2 -4.8 -43.82
-2.6 -1.6 -15.937
1.4 -1.2 4.1446
4.2 -7.2 -19.457
-2.2 4.8 -34.21
11.8 8.8 -33.136
-0.2 6.8 -26.926
-2.2 -2 -11.225
13 0 -76.519
1 7.2 -25.665
3.4 11.2 -23.65
-6.2 10.4 -145.25
1.4 -4.4 0.13591
-5 6 -82.338
-3.8 4.8 -54.41
-2.6 11.2 -89.853
-5.8 -2.8 -36.013
0.2 -6.4 1.1917
-5.4 -7.6 -16.621
7.4 7.2 -9.143
10.6 -0.4 -51.068
10.2 -4.4 -70.329
2.6 7.2 -13.553
10.6 4 -36.462
4.6 -6.4 -17.955
-2.2 10 -76.124
7.4 6 -4.9772
3 1.2 1.1703
-1.4 1.6 -12.681
-2.2 3.2 -25.292
3 -4 -3.3268
-3.4 -2.4 -11.865
9.8 -1.2 -49.9
5.4 12 -18.738
8.2 2.4 -13.156
9.8 7.2 -15.49
1.8 0.8 5.4608
12.2 -6.8 -125.23
5.4 -4.4 -18.226
5.8 6.4 -7.4854
11.8 4.8 -33.189
3 0.8 -2.6193
6.2 -6.8 -38.566
-1.4 -6.4 5.2355
3.8 -4 -5.5758
-5 -1.2 -39.461
-4.2 -2 -26.41
2.2 12 -41.555
-3 0.4 -17.489
-5.4 3.2 -62.503
11.8 7.6 -29.939
11 -4.8 -78.363
3.8 3.6 1.1007
-6.2 7.2 -116.26
2.2 1.2 4.6166
-3 -5.2 -0.53779
3.8 -7.2 -17.894
13 -6.4 -133.77
11 -0.4 -57.716
-1 -3.2 -1.6775
6.2 -2 -8.3057
-4.6 -3.6 -16.456
2.2 10.8 -33.545
7.4 -7.2 -42.11
9.4 -4.4 -61.262
12.2 -4.8 -108.06
-4.2 -6 -16.535
-0.6 11.2 -63.294
-3.8 8.4 -85.41
8.2 3.2 -9.0742
9 9.6 -22.734
-2.2 8.4 -61.378
1.8 1.2 -6.6045
-6.6 2.8 -77.027
10.6 4.4 -32.277
2.6 1.6 -4.357
11.8 -6 -113.91
2.2 11.6 -33.747
8.2 10.4 -8.0565
0.2 -3.2 -3.2597
11.4 -7.6 -118.96
11.4 5.6 -30.002
7 4.8 0.99986
3.4 4 -0.18844
-1.4 10.4 -60.038
-0.2 8.8 -41.827
3.8 10 -18.12
5 -2.8 -16.722
-2.6 -6.4 -0.74426
1 8.4 -26.702
-2.6 10.4 -89.142
11.4 12 -24.038
13 -2.8 -96.559
7.8 -3.2 -27.926
2.2 0.4 2.5601
8.2 -2.4 -37.363
-3 2.4 -27.429
5.8 -4.8 -17.17
6.6 2.8 -9.6268
3 2.8 5.1014
-3.8 2.8 -43.37
12.2 6 -40.114
3.4 -7.6 -20.666
-6.6 -2 -46.033
10.6 2 -38.079
-6.6 0.4 -61.765
-2.2 7.6 -53.681
4.2 -0.4 -4.5078
7.4 1.6 -21.012
-3 -0.4 -21.1
4.6 5.2 -6.4487
2.6 -1.6 -2.438
5 -1.6 -11.485
4.6 1.2 -3.5033
-3 5.2 -50.615
0.6 3.2 -13.433
13 3.2 -63.482
-3 -2.8 -18.228
4.6 9.2 -15.081
10.6 -2.4 -65.081
2.6 8.4 -23.245
0.2 4.4 -13.259
8.6 4.4 -12.087
4.2 -6.8 -11.242
9.8 -2 -44.145
7.8 11.6 -15.874
7.8 -5.2 -36.521
1.8 -7.6 -7.8197
13 8.4 -34.66
9.4 6 -17.702
-1 -3.6 -1.2228
-1.4 9.6 -63.447
3.4 -5.6 -6.018
-5 6.4 -86.01
6.6 0.8 -9.4805
0.6 -6.8 1.0953
9.8 10.4 -11.253
8.6 -1.6 -40.726
-6.2 -5.2 -23.674
5 4.4 0.62885
11 7.2 -22.785
1 9.2 -27.66
9 4 -9.8982
11.4 -6.4 -101.59
-2.6 3.2 -29.514
-3.8 -6.4 1.7015
-5.4 0.4 -47.276
-3.4 2.4 -34.292
-5.8 1.6 -63.435
1.4 0.8 -3.5871
-1 2 -11.659
-1 10 -55.43
10.6 -0.8 -55.65
9 -4.4 -55.961
3.8 8 -9.0012
-5.4 -0.8 -39.8
4.2 -5.6 -18.843
-5.8 -3.6 -35.94
-0.2 -5.6 7.7532
9.4 -3.6 -58.932
2.2 3.2 0.14499
-5.8 6.8 -105.46
6.2 -0.8 -16.928
7.4 9.2 -7.8893
-2.6 9.6 -77.912
4.6 9.6 -8.121
-6.6 9.6 -140.87
1.8 2 -6.4829
11.8 2.8 -48.75
0.6 8.8 -30.922
3.8 6.8 -11.576
1.4 5.6 -14.701
3 -5.2 -3.1318
3.4 -1.2 -1.702
0.6 9.2 -33.028
-5.8 -5.2 -20.722
-4.2 9.2 -96.114
12.2 12 -29.151
7 11.2 -10.316
-6.2 11.6 -161.1
4.6 -1.6 -2.0782
-2.6 6.8 -56.728
7 4 -9.4167
1.4 -2.8 4.8174
-6.6 2 -73.99
11.4 -4.4 -89.09
7.8 -7.2 -53.836
-4.2 0.4 -31.458
7.4 -6 -37.975
4.6 5.6 -3.2522
7 4.4 -4.1042
-5.4 1.6 -56.892
-0.2 5.6 -14.805
-4.6 8.8 -99.91
1.4 9.2 -23.365
4.2 2 5.5645
8.6 5.2 -10.072
7 2.4 -4.2511
2.2 -1.6 1.2127
-1.8 -5.2 -1.5662
2.6 -1.2 -3.8931
-5 0 -41.856
5.4 -4.8 -13.832
8.6 11.6 -17.047
13 9.6 -38.517
8.6 -5.2 -50.095
-3.8 -0.4 -20.906
6.2 6.8 -7.673
4.6 -2.4 -5.9051
3.4 10.4 -24.621
5.8 1.6 -6.1298
-4.6 1.6 -45.459
13 -5.6 -121.03
3.8 4.4 -1.9475
9.8 6.4 -20.011
6.6 5.6 -0.5813
-3.8 9.2 -91.276
5.4 -2.8 -15.092
8.6 -3.2 -54.104
-5 2.4 -51.434
10.2 11.2 -4.0893
-5.4 4.8 -78.612
7.4 5.6 -2.8438
0.2 10.8 -48.978
-3.4 -4 -8.9148
-2.6 -5.6 -2.8799
7.8 1.2 -17.359
-5.4 11.2 -136.43
-3 -5.6 -2.0921
7 7.6 -5.6782
-3.4 11.6 -113.05
10.2 -6.8 -87.723
7.8 12 -14.666
12.2 1.6 -61.975
9 -4 -52.641
2.2 6 -11.115
4.6 -5.2 -15.624
-5 9.6 -103.41
-5.4 5.2 -83.719
3 -2.8 -2.1617
1 4 -8.2017
-4.6 -0.8 -31.849
5 1.2 -3.6764
-3.4 -4.8 -13.226
-2.2 3.6 -26.902
-5 -4 -27.792
7 11.6 -13.526
10.6 5.6 -20.794
2.6 4.8 -4.7215
5.8 -3.2 -16.252
-3 3.2 -40.627
-4.2 2 -45.697
2.2 -2 3.0398
12.6 -2.4 -96.946
11 0 -55.911
2.2 2 -4.3778
8.2 8.8 -13.585
10.6 10.8 -16.045
9.4 -4.8 -62.213
0.2 3.2 -13.949
-1.4 5.2 -32.254
-3.8 -5.2 -18.251
7 2.8 -11.854
8.6 0.8 -28.654
-0.6 9.6 -47.538
8.6 2.8 -17.009
3.4 -0.8 -2.0571
-3.8 10 -101.25
-1.4 0 -12.02
7.4 -4 -31.889
-1.8 0.8 -14.113
-6.6 4.4 -91.826
5.4 -1.6 -10.323
11 10 -20.752
6.2 6.4 -7.6809
-5.8 12 -155.14
5.4 10.8 -13.607
-6.6 -5.6 -27.983
-2.2 -4 -6.0648
1.8 -4.8 0.88352
11.4 -1.2 -66.451
0.6 1.6 1.926
-5 -0.4 -39.529
13 -7.6 -150.34
10.6 9.6 -22.194
-3.4 11.2 -97.89
-1.8 12 -86.945
6.2 12 -13.543
5.4 4 0.13625
-1.8 3.2 -25.538
11.4 3.2 -40.686
3.8 -0.8 -5.2182
-5.8 3.2 -74.587
11.8 -2.4 -81.7
11 10.8 -19.261
3.4 9.6 -19.289
7.8 -4 -38.939
6.2 3.2 -4.8954
2.6 -4 -0.1445
10.2 8.8 -15.398
5.8 -2 -11.116
10.2 -1.2 -51.361
-5.8 10.4 -138.4
8.6 -5.6 -53.185
-3.8 -2 -17.436
9.8 9.2 -16.8
10.6 1.2 -45.786
1.4 4.8 -11.097
5.4 -7.6 -34.473
-6.6 8.8 -132.91
9.8 -4.4 -66.211
-1 5.6 -27.852
-5 -1.6 -32.372
9 7.2 -7.2355
7.8 -6.8 -57.402
10.6 -5.6 -80.792
9.8 3.2 -28.113
7.4 -2.4 -29.176
7.4 -6.8 -49.924
11.8 9.2 -31.711
-5.8 2.8 -65.308
1 11.2 -43.329
4.2 -1.2 0.065691
10.6 9.2 -18.012
5.8 -2.8 -10.715
12.2 7.6 -33.288
11.8 6 -36.598
3.4 3.2 -8.6712
-5.4 -3.6 -23.283
-6.2 5.6 -94.904
-6.6 4 -86.357
2.6 -3.6 -0.33265
0.6 2 -5.8419
10.2 3.6 -29.562
7 -2 -25.2
-5.8 -6.4 -15.74
11 -6.8 -97.937
10.6 0.4 -46.984
-6.2 -2.8 -33.976
9.8 0.8 -37.602
10.2 8.4 -17.916
6.2 0 -7.8784
-0.6 -7.6 -6.782
9.4 -2.4 -50.919
1.4 -3.6 -2.3004
-3.8 -2.4 -21.155
-0.6 -7.2 -1.5453
3 3.2 -8.7655
5 -6 -20.38
-2.2 -1.2 -16.709
7.4 1.2 -11.124
-2.2 1.2 -19.318
2.6 -0.4 0.51253
-6.2 8 -123.51
-2.6 12 -96.683
-5 7.6 -96.753
-5 7.2 -95.25
3.8 6.4 -10.814
9 1.2 -17.346
1.8 7.2 -12.966
1 -6 -2.0813
5 -5.6 -20.899
-3.4 3.6 -41.892
1.4 -5.2 -1.9132
-5.4 1.2 -49.045
13 9.2 -34.606
4.2 2.8 1.9841
1.8 5.6 -12.289
-2.2 -0.8 -8.3147
12.2 2.8 -61.766
-1.8 1.6 -19.326
-4.6 -6.4 -17.237
-2.6 8 -65.821
1.4 -7.6 -9.1391
-3.4 6 -60.493
-5.8 11.2 -147.28
1 -0.8 -2.0885
-1 2.4 -15.666
0.6 10.4 -43.783
0.6 -3.6 -2.4405
8.2 3.6 -18.958
0.6 -2.4 -2.5497
1.8 10.8 -33.767
10.6 -4 -74.47
5.4 10.4 -17.573
-6.6 10 -150.16
9.8 -4 -55.524
-0.2 -4.8 1.1614
-5.8 -5.6 -23.709
5.8 5.6 -1.409
7.4 -4.4 -37.864
-3.8 -4 -15.211
6.6 -2.8 -21.694
0.2 11.6 -51.805
11.8 1.2 -57.706
-0.6 -6.4 -3.3039
-0.6 8.4 -40.918
3.8 6 -4.1862
7 10.4 -2.9663
11.8 -5.6 -101.39
-6.2 2.4 -72.324
11 4.8 -31.574
3 -6.8 -5.5973
3.8 9.2 -10.845
5.8 2.8 2.5552
11.4 -7.2 -118.02
-4.2 6.8 -76.154
-0.2 -2 2.1482
-4.2 7.2 -80.944
-3.8 3.6 -51.072
7 -4.8 -34.456
12.6 -3.2 -100.43
8.2 5.6 -11.9
-6.6 9.2 -132.17
5.8 8 -7.3835
3 9.6 -18.667
5.4 11.6 -15.927
-1.4 -7.2 -4.9523
0.2 -7.6 0.5468
2.2 9.2 -22.042
7.8 5.2 -9.8148
11.4 5.2 -36.481
9.8 4.4 -20.183
10.2 7.6 -24.841
4.2 6.8 -6.6754
9 9.2 -8.953
-4.2 -2.8 -21.831
7.8 7.6 -5.9462
1.4 10.8 -35.997
3.8 -2.4 -10.551
8.6 8.4 -12.402
-1.8 -5.6 -0.61635
7 6.4 -3.2275
7.8 11.2 -16.126
11 -3.6 -79.878
8.6 2.4 -22.396
7 9.2 -2.075
8.6 -2.8 -40.641
2.6 1.2 5.0723
-6.6 7.2 -118.12
-1 8.8 -55.201
-6.6 -5.2 -31.631
-5 -0.8 -36.897
4.2 7.6 -4.3371
4.6 11.2 -19.255
1 12 -51.041
8.2 0.4 -24.144
4.6 1.6 -4.6131
-6.2 12 -166.02
-0.6 1.6 -9.9132
6.2 0.8 -8.5116
3.4 -2 5.3223
4.2 6 -5.4916
4.6 -4.4 -14.714
5 -4.4 -17.416
0.2 8.4 -38.683
7.8 9.2 -9.0542
2.6 2 5.0353
-5 -6.8 -12.424
3.4 -5.2 -11.898
11.8 0.8 -60.472
-3.4 6.4 -71.773
3.8 2 -0.027825
-1 6 -36.994
7 -7.2 -42.044
3.8 11.6 -21.295
-2.6 6 -51.848
3.8 0.4 -1.2399
1 4.4 -11.465
-3 -6 -5.7934
9.4 -1.6 -43.82
12.2 -4 -101.63
9.4 -4 -61.22
9.8 4 -20.712
7.8 -6 -48.001
-1.4 -2 -0.77406
6.6 11.2 -19.451
-3.8 -1.2 -24.127
9.8 10.8 -23.209
8.2 -3.6 -41.55
8.6 10.4 -9.922
-6.6 3.6 -88.792
2.2 -4 -9.0237
11.4 2 -46.17
9.4 8.4 -13.639
-5.4 10 -122.05
-2.2 8 -58.363
9.4 7.6 -16.641
7.8 -7.6 -60.256
-3.4 8.8 -78.681
-5.4 7.2 -99.373
11 -7.6 -105.93
-6.2 -0.4 -50.368
7.4 3.6 -12.434
-2.2 10.8 -83.2
-2.2 1.6 -19.731
-2.2 4 -31.762
-2.6 -6 0.3657
-3.4 -0.8 -20.516
11 3.2 -37.463
6.2 7.6 -4.7865
3.4 -6.4 -12.223
1.8 -3.2 1.6907
7.4 6.4 -7.8587
-2.2 6.8 -56.048
10.6 -3.6 -68.5
2.6 -7.2 -3.3454
3 -0.8 -0.38995
-0.6 -5.6 0.23297
9.4 6.4 -14.403
13 2 -65.186
-1.8 5.6 -38.214
10.6 -6.4 -90.487
-1.8 2.4 -26.002
7 -3.6 -30.729
9 -4.8 -52.095
1.4 11.6 -44.693
9.4 11.2 -12.959
5.4 11.2 -10.03
3.8 -0.4 -1.516
-1.4 3.6 -24.548
7.4 2 -17.018
7 6 -6.1084
6.2 1.6 -7.0323
-1 -1.2 -6.5513
4.6 -2 -5.2337
3.8 1.2 1.4283
-5.4 -4.4 -25.536
8.6 8.8 -13.462
11 3.6 -38.194
4.2 -3.6 -2.3675
9.4 2 -28.581
-5 3.2 -62.818
3.8 -3.6 -3.1582
12.6 7.6 -37.953
-6.6 11.2 -169.59
9.8 5.6 -14.516
4.2 6.4 -13.525
-6.6 -2.4 -50.978
-6.2 -2 -40.413
11 -2 -67.309
11 5.6 -23.571
1.4 9.6 -36.15
9 11.6 -14.935
12.2 9.6 -30.233
-6.2 -2.4 -39.881
-4.2 -1.6 -24.488
7.4 -7.6 -53.115
6.2 11.2 -12.373
-1 9.2 -51.279
-1.4 2.8 -18.41
8.2 -3.2 -38.078
7.4 8.8 -9.5276
-1 -1.6 -1.4619
-6.2 7.6 -118.52
8.6 11.2 -20.436
11.8 11.6 -28.41
-4.6 -7.2 -11.029
1.4 -5.6 -3.7376
11.4 6 -30.69
8.2 8 -11.745
9 4.4 -13.273
3 -4.4 -7.3404
5 8.8 -12.592
11.4 2.4 -46.257
-3 0 -18.399
-1 -2.4 -2.9695
13 10.4 -31.161
-1.4 -4.4 -4.4218
3 8.8 -20.131
-2.2 -3.2 -5.1864
4.6 -1.2 -7.4812
3.8 -5.2 -12.113
-1 -6 -1.6535
4.2 1.6 0.48657
-5 -2.8 -26.765
11.4 2.8 -48.2
-3.4 10.4 -94.093
7.4 7.6 -4.5478
-4.6 6.4 -76.368
-4.6 -2 -28.15
8.6 6.8 -4.0709
10.6 -1.2 -52.471
3 0.4 5.1338
0.6 -5.6 1.4507
-3 10.4 -91.211
-0.6 1.2 -8.0255
-3.4 0 -29.623
-0.2 -6 -3.1859
-3.8 2.4 -39.162
-2.2 4.4 -34.329
5 -4 -13.391
3.8 2.8 3.2492
1 7.6 -20.588
11.8 -1.2 -73.905
8.6 -3.6 -44.641
2.6 -2.4 0.34209
9.4 4.4 -26.48
-1.4 8 -50.734
6.6 6.8 -11.681
2.2 6.8 -10.952
-4.6 7.2 -84.933
1.8 6.8 -17.374
3.8 10.4 -19.72
-4.2 11.6 -120.03
-2.2 -4.4 -2.5532
5.4 -6 -21.863
-3.8 -2.8 -17.621
-3.8 5.6 -59.72
5.4 3.6 -2.0486
9.8 -0.4 -42.792
12.2 6.4 -39.042
13 2.8 -62.177
-0.6 4.4 -19.917
-3.4 5.2 -57.101
8.2 9.6 -10.636
2.6 2.8 0.77848
2.2 -2.4 2.4293
-4.6 8.4 -97.364
-2.2 -2.8 -5.7974
7.4 11.2 -8.7555
8.6 0 -26.791
11 2.4 -39.73
-2.6 -2.4 -11.533
-0.2 2 -9.5762
-0.2 0 -0.83514
-3.4 9.2 -87.977
1 -4.4 3.5612
6.2 6 -9.804
5.8 9.2 -15.93
-5.8 -4.4 -34.115
1 10 -42.386
7.4 -1.6 -24.298
-1 -4.8 1.6019
-0.6 7.6 -37.113
-2.6 2.4 -31.295
7.8 9.6 -7.9737
9 -6.4 -68.995
5 -7.6 -26.772
5 11.2 -11.85
1 0.4 1.2459
-3.8 -6.8 -8.8729
12.6 -3.6 -101.83
3 5.2 -9.2244
5 10 -14.26
-0.6 2.4 -14.151
5.8 7.6 -3.3154
11.4 7.2 -31.427
3.4 11.6 -23.259
-6.6 1.2 -71.939
8.2 6.8 -14.599
3.4 1.2 2.9948
-3.4 1.6 -31.624
-5.4 -5.6 -17.265
12.6 4.4 -54.119
-2.6 5.6 -52.182
5.4 8 -9.5995
8.6 -7.6 -69.868
-2.2 0.4 -18.802
9.8 11.6 -15.782
-2.2 5.6 -45.486
12.6 6.4 -42.764
7.4 2.8 -10.08
-3.4 4.8 -56.678
4.6 8.4 -12.647
-6.2 5.2 -97.921
12.6 6 -43.222
10.2 0.4 -39.385
0.6 11.6 -48.771
7.8 10 -4.1161
8.6 4.8 -14.552
12.2 5.2 -42.71
1.4 6.4 -17.978
2.2 -6.4 -0.21203
-2.6 -7.2 -7.983
-0.6 8 -40.121
10.6 5.2 -28.705
-3 -2.4 -13.285
11.4 -5.2 -98.17
6.6 -1.2 -20.435
-6.2 10.8 -148.11
-6.2 -1.6 -43.943
-1.8 -4 -1.9398
1.4 7.2 -21.861
-4.2 3.6 -48.188
-5.8 9.6 -130.29
9.4 10.4 -7.6495
5 -3.2 -7.8951
-6.2 11.2 -151.92
-4.6 -4.8 -17.824
8.6 -6 -56.764
12.6 3.2 -57.121
-3.8 6 -66.51
10.2 -3.6 -61.712
-0.2 10.8 -51.993
7 1.2 -3.486
1.8 -6.4 -0.25383
6.2 -4.4 -23.226
3 7.6 -6.8568
9.4 -2.8 -49.641
10.6 -7.2 -100.74
4.2 -2.8 -8.1465
9 8.4 -9.5938
3 11.2 -24.11
1.4 6 -11.159
2.6 12 -38.023
-3.4 -3.2 -19.333
5.8 4.8 -6.6515
-6.2 1.2 -62.391
0.2 -5.6 3.3765
12.2 0 -71.137
1.8 -0.4 1.0076
6.2 8 -9.8982
0.6 -4.8 1.751
7.8 -1.2 -24.774
-0.2 0.8 -10.255
0.2 7.6 -26.339
-6.2 -3.6 -34.752
0.2 -5.2 -2.0509
5.8 3.2 -6.5764
-5.8 7.2 -100.12
-4.6 2.8 -53.016
-2.6 4.8 -43.978
6.6 4.8 -8.6691
9.4 -0.4 -34.241
3.8 5.2 -1.706
5 2.4 1.4843
1.8 -2.8 1.4066
13 1.2 -74.4
5 11.6 -19.199
11.8 8 -33.73
7.4 4.4 -4.8026
-5 -2.4 -35.937
8.2 4.4 -10.188
9 -7.2 -74.216
11.8 -6.4 -110.39
-6.6 -3.2 -42.512
9 0.4 -33.041
11 5.2 -29.014
-3 10.8 -91.402
2.2 9.6 -27.376
2.6 11.2 -31.109
12.2 -2 -85.636
1 11.6 -44.739
12.6 1.2 -66.812
5.8 -4 -15.437
-2.6 0 -16.575
-3 12 -95.742
-3.4 -2.8 -10.51
0.2 5.2 -22.438
-4.6 4.8 -68.441
-0.6 4.8 -21.818
12.6 9.6 -35.552
4.2 -3.2 -9.1068
10.6 4.8 -30.366
5.8 -1.2 -12.364
9.8 -6 -77.446
9 -3.6 -45.659
7.4 -2 -22.341
-6.2 4 -83.149
5.8 -4.4 -17.875
2.6 10.4 -23.504
-4.6 11.6 -131.19
0.2 12 -63.89
3.4 5.2 -2.6642
-1.8 7.2 -51.306
9.8 9.6 -10.687
-0.2 8 -34.621
-1.8 -4.4 -5.9373
-0.6 -4 1.7736
4.6 2.8 0.70323
3.8 -5.6 -8.1011
-5 8 -96.265
6.6 -0.4 -10.324
7.4 -6.4 -49.507
9.4 1.2 -25.582
5 6.8 -5.8346
-1.8 -3.6 -3.2362
-5.8 -7.6 -14.348
-3.4 4.4 -49.022
1.8 3.2 2.4219
1 10.4 -43.527
8.2 -7.2 -67.72
-1.4 6 -36.645
-3.8 1.6 -38.395
3.4 -6 -4.2105
3.4 6.4 -12.593
-6.6 -6.8 -23.615
1 1.2 -6.5085
11.4 9.6 -27.56
-5.8 6.4 -101.18
-4.6 -5.2 -11.611
9.8 11.2 -14.443
-5 11.6 -142.9
8.2 7.6 -2.1073
1.4 10 -31.244
5.4 7.6 -7.2293
-4.2 -3.6 -21.593
2.6 -2.8 -6.5446
4.6 -3.2 -2.1735
7 0.4 -9.2171
-5.4 10.8 -134.02
3.4 7.2 -11.363
-1.8 -6.4 -0.27511
11 6.8 -28.652
6.2 -6 -28.266
-4.6 2.4 -46.72
2.2 7.6 -15.683
0.2 11.2 -52.605
-0.6 12 -63.475
7.8 0 -21.49
-0.6 -3.2 -6.2398
3.8 10.8 -19.868
9 -5.6 -62.903
-5.4 9.2 -120.18
9 3.2 -17.988
5.4 -6.4 -26.052
-4.2 9.6 -103.09
9 -2.4 -48.813
8.6 -2.4 -46.256
-5 -7.2 -10.715
11 11.6 -16.186
-5.8 7.6 -108.36
-6.6 10.8 -160.73
6.2 10 -14.573
12.2 10.8 -29.351
11.8 3.6 -44.314
7.4 5.2 -3.5545
-2.6 6.4 -48.93
-0.6 6.8 -29.675
-2.2 -0.4 -12.516
8.6 -1.2 -32.817
-5.4 -6.4 -17.914
5.8 -7.2 -28.547
0.2 6.8 -23.433
10.2 2.4 -30.027
2.6 0 -2.8682
-3.4 4 -45.644
4.6 -4.8 -15.988
11 -2.4 -70.686
7.8 -0.8 -21.404
11.8 7.2 -33.055
1.8 -2 2.6682
2.6 4.4 -2.5887
10.2 1.2 -35.998
4.6 2.4 -2.9768
3.8 12 -23.359
6.2 -6.4 -25.789
5.8 5.2 1.1784
5.4 8.4 -0.83702
-5.4 4 -73.373
-1.8 0.4 -15.219
13 2.4 -72.629
1.8 10 -31.391
5 9.6 -6.5672
9.8 -5.2 -70.404
-2.6 5.2 -39.594
12.2 -1.6 -78.198
-0.2 -0.4 -2.9822
11.4 -2.4 -70.561
3 -3.2 -6.3366
1.8 12 -41.251
7 -4 -32.85
1.8 -3.6 -4.1844
0.2 -1.2 -2.8941
7 9.6 -4.3282
11.4 -6 -104.43
11.4 11.6 -20.203
13 -3.6 -110.93
5.4 0.8 -8.3104
1.4 -4 -2.6483
-0.2 7.6 -34.818
-0.6 -6.8 -3.3878
4.6 10.8 -13.961
8.6 10 -14.987
9.4 10 -10.982
-3.8 -7.6 -3.6646
4.6 -6.8 -18.728
-3 4.8 -50.268
12.6 8.8 -35.932
9.8 -1.6 -46.912
-3.4 -5.2 -10.294
-0.6 9.2 -52.519
4.6 -3.6 -4.1593
1 -1.6 -1.2245
12.6 1.6 -62.23
0.2 -4.8 4.0899
-0.6 0.8 -7.5163
12.2 -5.6 -111.14
11.8 -0.8 -73.3
1.4 12 -42.912
-1.4 1.2 -19.093
-5 8.8 -106.97
11.8 3.2 -49.181
10.2 10.8 -10.813
7.8 6.4 -6.0889
0.2 -2 0.26155
10.2 -0.4 -46.961
10.6 -5.2 -81.348
10.6 10.4 -19.658
5.4 2.8 -1.976
2.6 -0.8 -0.64559
-4.6 0.4 -37.673
7.8 8.8 -13.547
-2.6 3.6 -34.188
3.4 4.4 -0.75853
9.4 -3.2 -49.502
4.6 11.6 -19.011
1.8 10.4 -34.093
12.6 10 -27.351
2.6 8 -20.517
9 0.8 -28.478
-2.6 -4 -11.264
11.8 4.4 -45.184
-6.6 0.8 -67.552
12.2 -0.8 -76.365
3.4 3.6 -5.7056
9.4 9.2 -13.378
4.2 2.4 6.3845
7.8 6 -6.304
4.2 7.2 -5.7618
7 12 -15.494
-5 5.6 -80.907
0.2 -3.6 -2.5789
-5.8 -7.2 -12.5
12.2 -5.2 -107.62
6.2 9.6 -10.341
-0.2 -7.6 -0.12617
9 0 -31.381
10.6 2.8 -32.723
5 7.6 1.3372
-0.2 -7.2 1.7849
-1 0.8 -9.2922
5 -6.8 -25.148
-3.4 -0.4 -22.918
-5 1.6 -47.112
5.8 10.8 -12.142
9.8 -2.8 -53.091
0.2 6 -17.489
13 5.6 -50.993
-3.4 9.6 -88.419
6.2 -3.2 -22.815
3.8 9.6 -16.604
5.8 9.6 -13.329
13 3.6 -53.968
0.6 -6 5.2072
11.4 1.6 -47.817
1.4 1.2 4.3493
-3.4 6.8 -63.597
1.4 4 -1.6694
0.6 5.2 -19.388
9 10 -10.998
12.2 1.2 -59.126
-5.4 12 -148.53
5.8 -3.6 -21.866
-3 8.8 -73.799
12.6 11.6 -27.601
-5.4 -0.4 -47.736
-3.4 8.4 -76.666
10.2 -5.6 -79.908
10.2 -4.8 -74.089
-2.2 -7.6 2.8416
1.8 4.4 -11.194
1.4 8.4 -27.718
4.2 -4.4 -7.3694
-1.8 -0.8 -10.807
8.6 -7.2 -73.39
7.4 8 -12.264
-4.6 5.2 -72.803
1 1.6 -0.94657
-3 6 -52.347
2.2 -0.4 -0.46075
13 -7.2 -144.85
-1.4 -2.4 1.0727
12.6 9.2 -31.803
1.4 3.2 -7.5933
-3 -1.6 -18.909
1.8 -6 -3.3679
8.2 0 -25.164
7.4 11.6 -7.4448
5.8 -6 -20.769
11 0.4 -53.299
-3 -0.8 -15.311
-1.8 6 -43.652
2.2 6.4 -15.171
-3.8 8 -85.181
-4.6 6.8 -82.284
-1 4.4 -24.737
11.4 -4.8 -95.406
2.6 9.6 -24.012
11.4 4.4 -34.641
-3.8 9.6 -89.35
12.6 -4 -104.15
2.6 6.8 -11.042
4.2 -6 -15.947
-6.2 -6.4 -19.578
9.8 -0.8 -41.988
-2.6 -0.8 -17.241
-3.8 7.2 -71.885
5.4 2 -0.19913
-1.8 -6 -6.1234
5.8 -0.8 -4.5669
7.8 4 -7.9215
-1.4 -0.4 -5.9935
-3.4 -7.6 2.8297
12.6 5.6 -40.635
12.2 9.2 -29.238
3.8 -4.4 -3.9784
6.6 3.6 -8.1543
5.8 -0.4 -6.833
-3.4 -6 -10.7
0.2 -0.8 -1.4995
11.4 9.2 -23.958
8.6 1.2 -25.825
4.6 12 -27.681
2.2 -4.4 4.9574
-3.8 0.8 -32.995
8.6 -0.4 -29.824
2.2 -7.2 -2.3718
4.6 6 -8.7724
-1 9.6 -62.137
-5 -6 -14.732
10.6 10 -11.038
11.4 11.2 -22.987
5.4 -7.2 -33.552
3.4 -3.6 -6.041
-4.6 -5.6 -18.01
9.8 3.6 -24.48
13 10.8 -32.98
5 12 -20.218
11.8 -4.8 -102.44
11.4 10.8 -30.507
12.6 0 -76.149
5.4 -3.6 -14.717
0.6 -7.2 1.8366
3.8 -6 -7.8577
-6.6 1.6 -72.38
2.2 1.6 3.0486
-5.4 11.6 -139.62
7 -0.4 -12.992
6.6 10 -15.918
-6.2 4.8 -90.356
5.8 1.2 -0.99199
11.8 -7.6 -126.73
10.2 10.4 -12.21
7.8 -5.6 -48.631
12.2 -4.4 -109.34
6.6 -6 -33.524
2.2 -0.8 -0.13171
12.6 6.8 -39.312
-5.8 -4.8 -26.692
11.4 8.4 -24.771
-1.8 2 -24.121
-6.6 2.4 -76.36
3.4 8.8 -16.718
-5.8 -6 -19.726
11.8 9.6 -25.02
7.8 4.8 -9.9675
7 -1.2 -19.773
1.8 -4.4 -2.0238
-4.2 -3.2 -11.936
-5 4 -65.966
5.4 -0.8 -5.3582
11 -4 -77.209
8.6 -6.8 -65.262
5 -0.8 -0.075798
8.2 -1.2 -26.765
9.4 0.4 -35.535
1.4 4.4 -5.7276
-4.6 -7.6 -10.76
3 2 -0.35389
13 -1.6 -94.389
10.6 8.8 -20.657
-1.4 2.4 -21.076
-5.4 2.4 -54.222
12.2 10.4 -31.562
6.6 5.2 -1.2952
-3.8 0 -29.508
10.6 -2.8 -67.442
2.2 -3.6 3.1888
12.2 -7.6 -130.62
3 4.8 -5.2933
-1 1.6 -8.4315
-4.6 10 -111.78
7 7.2 -5.7601
3 -1.6 0.35614
12.2 10 -29.532
12.6 -5.6 -114.09
5 0.8 0.40229
-3 7.6 -66.182
7.4 10.8 -12.146
2.2 10 -24.719
-0.2 10.4 -51.195
8.2 -6 -54.392
-1.8 7.6 -53.614
5.8 6 -6.2313
-3.4 12 -115.41
-5.4 5.6 -88.162
-1.8 -3.2 -11.062
-3 6.4 -55.846
5.4 -5.6 -20.368
-4.2 0.8 -38.038
12.6 3.6 -56.935
2.2 3.6 -4.6277
-0.2 -6.8 -1.5787
-1 -2.8 -4.3998
1.8 -6.8 -8.5496
8.6 8 -14.258
6.6 9.6 -7.2615
-5 0.8 -46.553
9.4 9.6 -13.717
9 8.8 -15.937
9.8 -5.6 -69.327
5.4 3.2 -2.9281
7.8 0.8 -16.314
7 -7.6 -50.464
5.8 -5.6 -23.032
-1 -0.4 -3.6588
13 -0.8 -84.824
-4.6 1.2 -41.063
8.2 1.2 -16.01
1 -2.4 -1.9315
-4.2 1.6 -43
-0.6 10.4 -52.387
9 2.4 -28.798
8.2 2.8 -13.404
1.4 11.2 -36.957
3 -0.4 1.5544
4.2 4.4 -3.7808
-2.2 7.2 -60.05
-6.6 7.6 -123.89
-4.2 2.4 -43.689
1.4 6.8 -17.533
1 6.8 -19.201
7 -6.8 -46.767
-6.2 0.4 -53.028
1.8 -2.4 -5.5587
3.8 -7.6 -17.684
2.6 -6.8 -7.0839
-1 -0.8 -6.1793
5.4 4.4 -1.2127
0.2 -1.6 -0.39119
1 -7.2 -0.77257
7 10.8 -12.001
3 -2 -0.95905
11.4 8.8 -24.624
3 7.2 -7.3113
9 2.8 -22.033
-3 4 -42.9
5.4 -2 -4.5032
-5 -3.6 -22.09
1 -4.8 1.7891
3.8 -3.2 -2.1322
-3.4 3.2 -38.41
-6.2 2.8 -76.427
3.8 -1.2 -2.9794
-0.6 -0.4 -9.033
-1 -6.8 5.8438
6.2 10.8 -16.025
10.2 -7.6 -82.812
-5.8 -2.4 -38.35
2.2 4 -3.9505
12.2 4.8 -46.783
4.2 4 4.0715
-2.6 -1.2 -12.928
3.4 -2.8 0.38366
1 0.8 0.0044676
3.4 7.6 -11.238
7.4 -2.8 -22.931
11.8 10 -18.706
5.8 0.4 -8.2748
5.4 8.8 -6.1355
2.2 7.2 -16.256
0.2 6.4 -23.386
2.6 4 -0.10783
8.2 0.8 -25.106
3.4 10 -18.259
-5.4 9.6 -121.91
11.8 -1.6 -73.15
-1.4 7.6 -43.642
8.2 11.2 -9.1608
-2.6 2 -27.449
3.4 0.8 -3.9614
-5.4 -6 -15.641
-1.8 -2 -5.4861
9.4 2.8 -25.991
1.4 -0.8 -4.8235
8.6 3.6 -18.647
2.6 0.4 3.3113
11.4 -0.4 -58.721
1 -2 1.326
0.6 0.4 -1.6835
2.2 -4.8 -3.6771
4.6 8.8 -8.7615
8.2 10 -0.58271
-1 1.2 -16.162
-5 10 -120.73
-1 2.8 -18.163
7.4 -4.8 -33.121
-2.2 6 -42.059
-4.2 -4 -19.534
7.8 3.2 -11.161
9.4 -1.2 -36.818
0.2 -7.2 0.308
-1.4 5.6 -31.538
10.6 8 -20.144
-3 1.6 -27.473
7.8 -0.4 -29.482
5 10.4 -17.489
-0.6 6.4 -27.37
6.6 12 -6.3314
-1.8 10 -69.515
11.8 -7.2 -121.08
8.2 12 -14.349
-2.2 11.2 -86.119
-3 -1.2 -12.542
3 -5.6 -8.9194
-4.6 -0.4 -34.656
-4.2 10.4 -109.72
-3 -7.2 2.3823
-4.2 0 -33.58
6.6 3.2 -4.8334
7.8 10.4 -13.653
4.6 -4 -13.363
-6.6 6.8 -117.62
-4.2 8 -87.883
-2.6 -3.6 -8.9233
11.8 4 -46.342
9 -0.4 -30.627
-6.2 8.8 -124.11
5 -4.8 -18.493
11 2.8 -34.904
-2.2 2.8 -25.96
1 3.2 -3.6646
10.6 1.6 -42.63
6.2 9.2 -10.305
8.6 4 -15.137
6.6 -1.6 -17.131
-5 1.2 -43.289
0.6 4 -15.566
-2.2 -1.6 -13.981
7.4 -3.6 -32.645
1.4 7.6 -19.197
-5.4 6 -90.531
12.6 -0.4 -77.665
3 2.4 5.7852
-2.2 10.4 -79.08
-3.8 2 -37.174
8.2 6.4 -11.963
2.6 -2 -3.9294
-3.8 6.8 -69.344
6.2 7.2 -4.6904
0.2 -4.4 3.2826
10.2 -0.8 -51.707
-1.8 5.2 -37.221
-5 4.4 -69.15
-1.8 -4.8 -3.2966
9.4 -6.8 -81.464
-4.2 -4.8 -13.272
-1.4 -5.6 -3.4872
2.2 0.8 2.8151
12.6 8.4 -34.766
-5.8 -1.6 -42.898
7.4 12 -17.369
11.4 10.4 -25.209
11 8.8 -22.751
12.2 2 -60.93
8.6 12 -15.623
-1 -7.6 -2.5284
-6.2 9.6 -136.8
12.6 -5.2 -124.07
6.2 11.6 -17.81
-5 -4.8 -16.763
13 -6.8 -139.72
7 8.8 -6.688
12.2 8 -35.546
-1.8 -7.6 -5.295
3.4 6 -6.9283
-6.2 3.6 -78.733
6.6 8.4 -2.8949
4.6 7.2 -0.57909
0.6 4.8 -12.963
-1 -5.6 -2.8156
0.2 10.4 -51.282
4.2 11.2 -20.986
-5.4 10.4 -133.58
13 7.6 -36.945
-3.8 6.4 -68.585
6.6 4.4 -1.2929
1.8 8 -20.947
8.2 2 -13.708
10.2 -6 -78.923
5.8 11.2 -9.1023
4.2 -2 -9.1769
-1.8 9.2 -64.067
12.2 8.4 -30.372
-3.8 4.4 -53.539
6.6 6.4 -5.1447
9 -2 -39.14
7.4 4 -13.704
-1.4 8.8 -46.652
-3.8 5.2 -66.463
-0.6 8.8 -50.119
-3.8 -7.2 -8.9948
-4.6 -6 -10.115
2.2 8.4 -18.418
-1.8 -2.8 0.59516
4.2 10.4 -13.31
2.6 6.4 -3.6885
-3.8 -1.6 -19.891
1.8 5.2 -15.337
-5 2 -52.759
0.6 7.6 -24.373
7.4 4.8 -6.5318
3.8 2.4 1.4761
-5.4 -5.2 -21.239
7.4 0.8 -15.099
11.4 -3.2 -75.866
-4.6 -1.6 -31.421
11.4 7.6 -30.354
7.4 -0.8 -18.507
-4.6 2 -46.505
7 8 -10.208
9.4 5.2 -20.697
10.6 7.6 -24.641
-5 10.8 -120.6
13 -4.4 -117.48
1.4 -4.8 2.4031
-3 -6.8 -7.5255
11.8 -4.4 -97.354
-5.8 10 -134.27
-4.6 9.2 -101.78
9.4 -7.2 -76.977
-5.4 6.8 -90.076
13 10 -33.9
6.6 7.6 -6.7605
8.2 -4 -36.448
-1.4 -1.2 -6.1091
9.8 0.4 -34.414
9.4 -6.4 -70.159
-1.8 -2.4 -2.9382
1.8 4.8 -11.332
4.6 -0.4 -1.4023
9.4 -0.8 -39.81
5.8 -6.8 -34.201
6.6 -5.6 -38.319
5.8 6.8 0.5032
3 -7.2 -11.665
11.8 -5.2 -100.86
4.6 0.8 -2.7419
-2.6 -7.6 -6.1541
-3.4 2.8 -36.945
-5 10.4 -119.27
-2.6 -4.4 -5.1243
4.2 5.6 5.0276
7.8 -6.4 -49.66
-4.2 -5.6 -9.7931
-3.4 8 -72.199
10.2 -6.4 -87.715
5 -2 -13.712
0.6 1.2 -2.2501
3.8 4.8 -2.2539
4.2 4.8 0.018297
10.2 9.6 -16.506
12.2 8.8 -29.218
2.6 7.6 -15.135
0.6 -1.2 -3.4338
11 2 -43.091
6.2 -5.6 -31.459
9.8 7.6 -19.82
3 3.6 0.1401
5.8 11.6 -18.629
-3.8 0.4 -30.525
7 2 -15.25
0.6 10.8 -46.127
-0.2 6.4 -30.945
12.6 -6 -129.42
-1.8 8.8 -60.93
5.4 6.8 -4.194
-3 3.6 -30.112
-3 6.8 -62.586
11 0.8 -51.303
10.6 -7.6 -104.65
12.2 4 -54.124
