10.832 -10.101
11.241 -10.444
10.038 -6.2968
11.351 -7.1495
12.284 -6.9804
9.2879 -7.5166
11.161 -6.8744
8.8977 -10.504
8.7638 -11.427
9.9501 -8.1232
11.143 -6.9348
9.6547 -7.941
12.198 -7.3701
9.5975 -8.6004
12.846 -8.3291
8.1721 -9.9303
13.38 -6.3359
10.15 -8.703
9.4026 -12.466
10.19 -8.5039
8.2086 -9.3974
8.4018 -9.638
12.835 -7.3636
13.09 -6.9753
14.664 -6.3829
8.4866 -9.6807
14.078 -5.5163
13.206 -6.8758
9.9194 -11.583
12.234 -7.5003
10.456 -10.333
13.223 -4.7636
10.9 -9.7368
12.618 -5.778
7.4877 -9.0357
10.262 -8.1292
10.59 -8.3739
9.0751 -9.2834
14.751 -7.4207
7.1885 -10.353
12.797 -8.9482
10.226 -12.298
12.264 -6.0323
10.396 -6.0535
12.207 -8.0936
10.083 -7.8421
14.285 -6.7392
14.729 -4.2632
9.7543 -8.148
7.7827 -9.9144
9.8335 -8.66
12.815 -8.0961
11.612 -8.4038
17.6 -0.19891
9.6986 -7.0187
12.496 -7.3276
13.092 -6.6958
9.9447 -11.898
9.7746 -9.2984
7.5075 -11.078
10.817 -8.0125
12.543 -7.1342
10.708 -9.1303
13.553 -7.674
12.593 -6.0993
10.019 -9.5479
10.266 -9.0002
10.74 -8.591
9.8775 -9.3182
9.4822 -9.6596
7.8333 -11.037
5.7244 -11.196
7.0391 -10.754
12.908 -4.6925
8.2665 -8.3619
8.5199 -9.5605
10.68 -8.8081
12.139 -9.1796
9.8242 -9.9415
12.526 -6.1343
10.458 -10.352
8.45 -9.9783
9.4853 -9.1586
14.289 -7.448
8.7774 -9.2321
14.021 -6.7941
12.126 -6.0842
12.642 -6.6418
10.289 -8.8147
7.5138 -9.3026
12.893 -7.5712
10.678 -8.4118
8.8224 -10.685
11.211 -9.1361
13.621 -5.887
13.951 -4.654
14.326 -2.7707
8.0946 -10.047
13.269 -9.6824
11.223 -5.4086
11.757 -8.2768
10.851 -6.0418
9.6365 -10.111
10.055 -9.4844
9.2903 -9.636
9.9802 -10.998
16.27 -3.894
11.466 -7.2257
13.004 -5.5929
9.8898 -9.653
11.271 -5.7855
9.0995 -9.1769
12.57 -7.0075
12.016 -5.8116
11.673 -7.4662
9.4053 -10.367
10.57 -10.414
12.127 -7.0163
11.155 -6.496
11.687 -9.5387
8.7603 -9.4833
15.622 -1.7962
13.144 -7.7212
9.1115 -10.931
11.258 -7.3768
11.885 -6.1766
11.214 -8.5372
12.654 -7.3514
10.542 -7.0069
9.9206 -8.8331
9.2811 -9.3657
14.558 -5.4333
10.857 -9.8245
7.5726 -12.42
10.61 -9.7652
10.91 -8.435
9.8042 -8.6536
7.7117 -10.153
8.0077 -10.183
12.677 -4.4074
7.5878 -10.713
10.471 -7.4932
6.0861 -12.94
12.578 -6.129
11.712 -9.7446
10.101 -10.432
12.37 -8.1422
9.5882 -7.0634
7.6026 -10.653
11.163 -8.3404
9.3804 -9.4718
10.805 -8.8154
16.029 -4.5036
9.3039 -8.3177
8.7899 -9.8239
10.647 -7.9562
12.534 -7.1721
11.752 -8.4066
11.645 -8.4197
11.535 -7.1085
10.598 -8.8223
10.953 -8.5702
11.384 -6.503
8.444 -9.6517
13.832 -4.2709
10.526 -9.881
11.033 -7.2977
12.081 -6.0882
10.014 -8.7301
16.662 -4.2717
10.643 -10.947
11.696 -5.9017
10.424 -8.8407
14.675 -6.0686
10.957 -10.411
11.789 -7.2631
11.129 -10.084
12.002 -5.7076
12.733 -5.8462
11.233 -6.8652
12.316 -6.4566
10.524 -9.5728
14.728 -5.9703
13.893 -5.9097
12.453 -7.2838
13.341 -4.9286
7.3226 -8.2179
12.635 -8.4334
11.583 -7.8092
13.368 -6.0237
9.9036 -7.9142
12.269 -5.9135
12.897 -6.6398
11.389 -8.2072
8.9869 -8.6591
10.906 -7.2404
9.3614 -8.9277
14.183 -4.5532
8.8646 -9.6695
15.579 -4.5092
12.759 -6.1888
7.8424 -8.7889
10.351 -9.5123
9.4816 -10.486
13.721 -7.1522
10.837 -8.9973
11.555 -7.5504
9.8409 -8.2561
11.052 -10.244
13.467 -6.1159
11.446 -7.9231
8.7884 -9.3074
12.52 -8.0396
12.626 -7.9379
15.277 -5.2458
10.857 -7.3315
13.911 -6.5728
12.431 -6.9001
12.125 -6.9895
9.7673 -10.771
10.728 -8.484
9.942 -8.0564
17.282 -2.9851
11.644 -8.9627
11.973 -6.2318
7.2288 -12.769
8.949 -8.1928
11.681 -6.6643
13.03 -8.328
13.667 -6.3562
12.252 -5.2338
10.802 -5.3709
10.38 -8.6429
9.9419 -7.507
11.89 -8.9349
8.1604 -9.6231
11.141 -8.097
13.441 -6.6327
10.193 -8.8569
12.554 -8.8035
9.3519 -10.53
11.961 -7.9234
9.054 -11.138
6.8872 -12.014
11.443 -10.083
11.258 -7.91
7.0656 -11.702
13.152 -6.0844
10.622 -7.833
9.078 -7.1251
