9.4 4.8 -16.274
5.4 9.6 -6.4464
1 -3.2 -0.52594
13 -5.2 56.779
3.8 -6.4 9.8174
11 -3.2 33.222
1 5.2 -2.0284
7.8 5.6 -18.111
-5.4 -3.2 -37.015
8.2 -6.4 42.271
2.6 5.6 2.4602
1.8 7.6 14.521
8.2 -1.6 9.1623
6.6 1.2 -5.2923
10.2 7.2 -39.986
-4.2 8.8 48.134
1 -0.4 -10.451
0.2 2.4 1.812
6.2 -5.2 26.385
2.6 2.4 -0.10888
9.4 4.8 -16.274
5.4 9.6 -6.4464
1 -3.2 -0.52594
-5.8 -0.4 -14.781
-1.8 4.4 15.639
-4.6 3.6 9.5093
-1.4 -1.6 -9.0888
10.6 6 -30.007
-5 12 84.108
3 6.8 -4.5138
-0.2 -4 -7.1364
1.8 -1.6 -2.9918
11.8 6.4 -40.819
9.8 1.2 2.8624
3 10.8 8.3899
7 -6.4 30.698
-2.6 -2.8 -21.823
-4.2 6.4 34.369
-0.6 -1.2 -12.247
2.6 0.8 -6.8683
1 8 13.339
9.8 4.8 -23.69
3 10 1.113
-5.4 8 44.919
-4.2 3.2 11.589
2.6 9.2 16.068
-0.6 -0.8 -6.2954
-3.4 7.6 35.387
5 4 -0.80222
9.4 8 -38.762
12.6 -2.8 34.589
7 5.6 -14.948
0.6 2.8 0.26124
9 6.8 -34.15
2.2 -3.2 3.9632
-0.6 4 13.361
4.2 -6.4 22.651
4.6 3.2 -3.7761
5.4 0.4 3.17
10.6 -6.8 62.062
7.4 2.4 -14.104
8.6 9.6 -33.541
-2.6 4.4 17.921
10.2 3.2 -20.017
3.4 0.4 6.5918
11.8 12 -88.677
6.2 -2.8 13.776
1 -5.2 -6.2445
0.6 3.6 0.81937
1.4 -2 -13.556
3 4.4 -2.3034
4.6 4.8 -6.4192
10.2 4 -17.552
3.4 -7.2 9.1291
1.8 0.4 -4.2502
12.6 2.4 -6.1648
8.2 -7.6 53.218
-5 -2 -23.977
-1.8 10.8 46.622
1 2 -5.5614
8.6 7.6 -32.276
-1 11.6 46.444
8.6 3.2 -14.582
2.6 3.6 -0.59476
6.2 4.4 -10.649
1.4 -1.6 -1.8443
-0.6 -2.4 -9.0715
4.6 -0.8 6.5754
9.8 -6.4 52.612
10.2 8 -53.305
3.8 -6.8 16.161
5.8 4.4 -5.5561
5.4 -2.4 9.1904
7 0 6.2059
-2.2 -6.8 -42.765
1.8 6 14.082
-0.6 2.8 5.312
-6.2 -6 -66.037
9.4 -7.6 59.451
-2.6 2.8 1.9953
