-2.6 2.8 1.9953
1.4 1.6 5.4335
13 7.2 -67.566
3.8 0 -0.79824
13 -5.2 56.779
3.8 -6.4 9.8174
11 -3.2 33.222
1 5.2 -2.0284
7.8 5.6 -18.111
-5.4 -3.2 -37.015
8.2 -6.4 42.271
2.6 5.6 2.4602
1.8 7.6 14.521
8.2 -1.6 9.1623
6.6 1.2 -5.2923
10.2 7.2 -39.986
-4.2 8.8 48.134
1 -0.4 -10.451
0.2 2.4 1.812
6.2 -5.2 26.385
2.6 2.4 -0.10888
9.4 4.8 -16.274
5.4 9.6 -6.4464
1 -3.2 -0.52594
-5.8 -0.4 -14.781
-1.8 4.4 15.639
-4.6 3.6 9.5093
-1.4 -1.6 -9.0888
10.6 6 -30.007
-5 12 84.108
3 6.8 -4.5138
-0.2 -4 -7.1364
1.8 -1.6 -2.9918
11.8 6.4 -40.819
9.8 1.2 2.8624
3 10.8 8.3899
7 -6.4 30.698
-2.6 -2.8 -21.823
-4.2 6.4 34.369
-0.6 -1.2 -12.247
2.6 0.8 -6.8683
1 8 13.339
9.8 4.8 -23.69
3 10 1.113
-5.4 8 44.919
-4.2 3.2 11.589
2.6 9.2 16.068
-0.6 -0.8 -6.2954
-3.4 7.6 35.387
5 4 -0.80222
9.4 8 -38.762
12.6 -2.8 34.589
7 5.6 -14.948
0.6 2.8 0.26124
9 6.8 -34.15
2.2 -3.2 3.9632
-0.6 4 13.361
4.2 -6.4 22.651
4.6 3.2 -3.7761
5.4 0.4 3.17
10.6 -6.8 62.062
7.4 2.4 -14.104
8.6 9.6 -33.541
-2.6 4.4 17.921
10.2 3.2 -20.017
3.4 0.4 6.5918
11.8 12 -88.677
6.2 -2.8 13.776
1 -5.2 -6.2445
0.6 3.6 0.81937
1.4 -2 -13.556
3 4.4 -2.3034
4.6 4.8 -6.4192
10.2 4 -17.552
3.4 -7.2 9.1291
1.8 0.4 -4.2502
12.6 2.4 -6.1648
8.2 -7.6 53.218
-5 -2 -23.977
-1.8 10.8 46.622
1 2 -5.5614
8.6 7.6 -32.276
-1 11.6 46.444
8.6 3.2 -14.582
2.6 3.6 -0.59476
6.2 4.4 -10.649
1.4 -1.6 -1.8443
-0.6 -2.4 -9.0715
4.6 -0.8 6.5754
9.8 -6.4 52.612
10.2 8 -53.305
3.8 -6.8 16.161
5.8 4.4 -5.5561
5.4 -2.4 9.1904
7 0 6.2059
-2.2 -6.8 -42.765
1.8 6 14.082
-0.6 2.8 5.312
-6.2 -6 -66.037
9.4 -7.6 59.451
-2.6 2.8 1.9953
1.4 1.6 5.4335
13 7.2 -67.566
3.8 0 -0.79824
-1.8 4 6.3541
-0.2 12 29.997
1 -2.8 -14.629
9 -2.8 27.342
-5.4 3.6 1.6072
10.2 -2.4 28.106
10.2 -3.2 36.352
-5.8 2 1.3564
-3 -3.2 -26.005
-0.6 6 20.648
0.2 2 -1.0061
-0.6 -2.8 -16.403
10.2 0 -6.0999
1 -1.2 -7.3387
6.6 -0.8 6.3778
8.6 1.6 -10.748
7.8 -4.4 33.345
8.2 1.6 -5.7966
7.4 3.2 -11.773
-3.4 1.2 -9.1304
-1.4 12 58.388
-2.2 -6.4 -38.954
9.8 -3.6 39.24
-4.6 -4.4 -45.321
-2.2 0 -3.812
5 2 3.1747
6.2 8.8 -12.297
4.2 3.6 -4.908
-2.2 2.4 0.64129
3 11.6 7.4569
9.8 5.2 -33.551
12.6 -4.8 49.29
11.4 0.8 -4.7974
7.4 -3.2 18.922
2.2 -1.2 3.5158
0.2 0.8 4.2988
12.6 0.4 0.60048
-0.6 10.8 34.558
8.2 -6.8 42.501
7 -6 28.679
-1 6.8 25.99
11.4 10 -69.076
-1 4 3.6857
-1.8 4.8 11.506
-4.2 -6.4 -50.839
-3.8 10.4 52.837
5.8 7.2 -11.335
-1.8 11.6 50.467
-4.6 4 16.366
11.4 6.4 -44.123
3.4 12 9.3978
5 3.2 2.9821
-0.2 -3.6 -11.614
4.6 4 -8.9857
10.2 12 -62.205
-1.4 4 10.659
1.8 -4 5.6257
5 6.4 -8.8628
-1.4 11.6 44.327
-6.2 3.2 4.8788
-6.6 3.2 0.35285
-6.2 0 -26.975
7.8 8.4 -25.373
7.8 1.6 -8.1053
13 8.8 -67.4
-4.6 9.6 58.45
7.4 -5.2 37.075
-5.8 8 58.888
3 -6.4 8.4249
1 9.6 19.966
3 12 1.65
7 3.2 -8.887
8.2 7.2 -29.438
-3.4 -1.2 -13.869
-5.4 4.4 10.742
9.8 -6.8 60.331
6.2 -0.4 5.1303
-6.2 -7.6 -68.994
9 -3.2 25.182
5 6 -11.745
-2.6 -4.8 -34.002
10.6 -2 17.465
11.8 -3.6 40.088
12.6 4 -26.863
-5.8 0.8 -10.764
0.6 4.4 14.737
-0.6 0 -9.9217
4.6 -7.6 30.637
-1 -2 -17.373
-5.8 11.6 78.658
0.2 -2.8 -7.7788
5.8 8.8 -7.8162
5.8 8.4 -14.634
-4.6 -1.2 -24.561
-3.4 10 45.846
-4.2 12 77.013
1.4 10.4 27.324
1 4.8 3.9293
-5.8 4.8 18.774
-1 5.2 22.956
-3.4 -5.6 -35.332
11.4 -1.6 17.096
-3.4 5.6 28.966
11.4 8 -46.967
-3.8 -4.4 -36.837
-3.4 -3.6 -29.35
7 -2.8 20.448
-1.8 -1.6 -20.809
10.2 -2 30.921
8.2 8.4 -32.539
3.4 -1.6 5.9651
-6.6 -4 -60.289
1.4 0 -5.5101
11.4 6.8 -50.778
-1.4 3.2 3.621
2.2 4.4 -2.5606
11.8 -2 35.827
8.6 5.6 -25.221
7 8.4 -19.955
11.4 3.6 -27.465
-5 0.4 -12.392
-3.8 3.2 -1.005
-3.4 0.4 -7.9824
-0.6 -4.4 -11.168
6.6 1.6 -0.1932
-3.8 -5.6 -49.122
3.4 -3.2 11.502
11 8 -43.226
-1.4 2 -0.97764
9 4.8 -7.6093
-4.2 -0.4 -23.62
6.6 4 -19.103
-2.6 0.4 -3.3201
6.2 2.4 1.6226
3.8 7.6 11.176
1.8 6.4 9.7882
-2.6 0.8 -7.996
-6.6 6 32.875
6.6 2 5.7226
-0.2 9.2 26.958
8.6 6.4 -18.213
9.8 8.8 -35.491
0.2 1.6 -2.9686
-4.2 -6.8 -51.123
12.6 7.2 -55.1
6.6 8 -11.207
-2.2 0.8 -12.059
2.6 -5.6 4.2083
-5 5.2 21.311
-2.6 1.2 2.4068
1.4 2.8 4.3934
12.6 8 -66.985
-3.8 8.8 45.749
13 -4.8 58.639
0.6 -3.2 -15.777
7 -4.4 24.45
0.2 5.6 13.221
-6.2 0.8 -16.372
8.6 -0.8 12.68
-3 11.2 66.481
-6.2 -1.2 -28.773
1.4 2.4 0.25001
9.8 -2.4 25.044
-4.2 -7.2 -52.581
3.4 2.8 -0.41248
3.4 -4.4 15.552
-1.4 -5.2 -27.621
5 8 -15.126
9.4 4 -16.425
2.6 -3.2 0.92876
-5 11.2 74.041
1.8 4 4.6195
7.4 10 -22.902
-1.4 -2.8 -20.032
6.6 -7.6 45.292
3.4 2.4 0.069864
6.2 2 -0.46512
-2.2 12 56.663
7.4 6.8 -16.174
-1 10.4 34.85
-3 8 36.496
-0.2 5.2 -3.0992
-0.6 3.2 -0.71316
10.6 8.4 -49.799
9 5.6 -16.612
4.2 0.4 -8.5036
-3.4 -6.4 -41.196
5.4 9.2 -13.88
8.2 -0.4 -1.066
10.6 -1.6 19.103
12.6 -6.8 79.416
-6.6 12 98.886
8.6 -4.8 34.059
11.4 4.8 -32.047
12.2 -2.4 30.757
0.6 -2 -0.35158
5 0 4.3364
11.8 -3.2 37.128
12.2 2.4 -6.1409
2.2 5.6 4.482
4.2 10.8 -7.4026
9.8 10 -53.042
7.4 8.4 -40.936
1.4 -0.4 -8.664
0.6 -7.6 -12.669
3.4 -4.8 8.9171
8.6 -4 24.4
-4.2 5.2 20.383
-0.2 -2.4 -10.628
9 10.4 -44.316
10.2 2 -6.1714
3 9.2 6.0018
4.2 5.2 -2.2921
2.6 10 3.8776
6.2 -3.6 16.805
5.4 6 -4.5372
-3.8 -0.8 -21.213
7.8 8 -26.386
7.8 -2.4 20.057
10.6 0 6.6193
4.6 -2.8 12.586
6.6 0 1.927
-6.6 -1.2 -36.688
12.6 -0.8 9.7025
8.2 -2.8 16.484
1.8 9.2 4.057
6.2 -2.4 19.341
8.6 0.4 10.256
10.6 2.4 -8.4828
9.8 6 -36.168
-2.6 7.2 27.353
-1.4 11.2 41.93
-6.2 1.6 -8.0355
-0.6 11.6 49.596
5.4 -5.2 20.507
-3 -6.4 -38.882
-1.8 1.2 0.37909
3.8 3.2 -2.1552
10.2 1.6 -1.5632
11 -4.4 46.061
7.8 0.4 8.1442
-1.4 -6 -26.343
-6.2 6.4 28.334
2.2 10.4 11.554
9.8 2.8 -8.2842
0.2 7.2 20.514
0.6 -0.4 0.46609
-3 -4.4 -38.279
-6.2 -6.8 -67.266
0.2 -6.8 -6.7111
1.8 3.6 -1.1873
4.6 7.6 -10.285
-1 0 -7.0948
-0.2 -5.2 -16.559
1.8 8.4 14.091
-3.8 4 13.772
6.6 10.4 -25.954
11.8 -2.8 31.389
-5.8 -6.8 -67.936
-6.2 6 37.568
-3 11.6 62.7
10.2 9.2 -43.659
6.2 -7.2 41.454
2.2 -5.2 7.091
-5 -3.2 -31.196
-5.4 -2.4 -35.306
1 -5.6 -11.101
0.6 6.4 10.483
13 -3.2 38.492
5 -0.4 2.1817
11 -1.6 20.302
-6.2 -3.2 -54.184
5 8.4 -6.0564
-4.6 5.6 19.682
-5.4 0 -12.122
4.2 1.2 -0.97532
12.2 4.4 -33.479
-0.6 2 -5.2156
-5.4 2.8 0.72332
11.8 5.2 -30.249
0.2 -0.4 -3.8046
11.8 -4 53.22
-6.6 -2.8 -43.142
5.8 -2.4 12.235
-3.8 1.2 -0.46561
9 6 -28.567
3 0 1.9645
3.4 8 10.015
0.2 2.8 3.7014
2.2 8.8 12.497
-2.6 -3.2 -8.051
0.6 5.6 5.707
-5.8 2.4 2.4814
-3.8 11.6 63.393
13 0.4 -1.9137
-6.6 11.6 88.221
11.8 10.4 -70.006
-0.2 -4.4 -12.762
-2.2 -6 -33.308
6.2 -1.6 3.8016
2.2 -7.6 2.5811
13 1.6 -11.009
-3.8 10.8 53.855
3.4 -6.8 11.509
-5.4 2 -1.8556
-2.6 -2 -33.4
-1.8 8 30.111
-0.6 5.6 13.974
-5.4 -2 -29.736
5 5.6 -1.0572
11.4 -3.6 46.24
11.4 0 14.385
-2.2 -3.6 -23.577
6.6 -4.8 20.845
-0.6 3.6 2.0175
3.4 5.6 5.9292
5.4 1.2 1.4298
-3 -4.8 -29.78
3.4 2 -6.3118
-5.4 8.4 47.944
-6.2 9.2 60.578
11.4 -2 28.829
-1.4 10 33.142
-4.2 4 5.2453
9 1.6 -4.3442
9 3.6 -16.236
4.6 -7.2 28.374
1 6 14.918
5.4 2.4 7.3564
1.4 0.4 8.6453
4.2 -4.8 9.3649
-6.2 2 -6.0175
-0.6 -4.8 -16.38
-1 12 41.213
0.6 10 25.827
6.6 -6.4 26.177
-3 9.2 50.926
-1 -6.4 -19.83
-1.4 4.8 19.396
8.2 10.8 -41.916
5.8 10.4 -13.461
-5.8 -0.8 -30.051
6.6 0.4 -3.5614
10.6 11.6 -60.39
-6.6 -0.4 -27.102
-2.2 6.4 20.584
13 8 -64.991
1 -4 -10.09
-4.6 12 77.322
11.8 10.8 -66.243
5 5.2 -14.091
-5.4 -1.6 -35.581
0.6 0.8 -1.3286
-4.6 10.4 57.326
1.4 -6.8 -1.849
-1 3.6 7.6592
12.6 5.2 -48.304
11.8 1.6 -5.9793
6.2 -4.8 28.517
9 10.8 -61.476
6.6 -2 12.202
12.6 0.8 8.0695
4.2 8 -7.8694
-6.6 0 -14.105
5 0.4 -2.7416
-4.2 1.2 -1.922
7 3.6 -13.58
0.2 0.4 -13.482
9 -1.2 6.6858
-4.6 8 51.515
10.2 -7.2 68.519
12.6 -6.4 60.57
-0.6 7.2 25.236
-5.4 -6.8 -65.165
-2.6 4 11.084
10.2 -4 38.753
-4.2 -7.6 -54.076
6.6 -3.6 22.148
-5.8 4.4 10.935
9.4 12 -58.261
-1.4 -4 -20.986
0.6 -5.2 -11.28
-1 7.6 25.35
11 1.2 -1.5526
-6.6 -1.6 -33.224
11 4 -24.974
4.2 9.6 0.46876
-3.4 -7.2 -54.316
10.2 2.8 -21.177
-4.2 4.8 19.021
11 7.6 -51.419
0.6 6.8 17.201
-4.2 -5.2 -46.82
-5.8 4 12.218
-3 2.8 -0.34444
1 2.4 5.9341
-5.4 -4 -51.401
-1.8 6.4 23.085
-3 5.6 15.487
-3 -3.6 -32.099
11 -5.2 53.513
-2.6 -0.4 -12.792
1 10.8 21.109
12.2 3.6 -28.913
-6.6 4.8 19.686
-4.2 5.6 23.566
12.2 -7.2 78.671
-0.2 6 6.7408
13 -0.4 17.451
12.2 0.8 8.7505
-5.4 -2.8 -39.113
9.4 8.8 -43.265
-5 -4.4 -39.054
11 11.2 -66.009
2.2 -5.6 3.7043
3.8 5.6 -6.8728
4.2 12 -3.2781
4.6 3.6 0.28356
-5 -6.4 -52.782
11 9.2 -44.643
9.8 -3.2 22.463
9 -6.8 52.778
-2.2 2 0.39499
9.8 8 -34.775
10.2 4.8 -21.183
-6.6 8.4 53.996
6.6 11.6 -31.431
1 -3.6 -1.4063
-6.2 8.4 49.849
4.6 6.8 -10.805
10.6 6.8 -44.679
12.2 6.8 -60.182
-6.2 -4.4 -61.737
11 -6.4 54.2
1.8 -7.2 -0.83605
3 4 -1.2961
9.4 6.8 -26.559
12.6 10.4 -76.8
1.4 -6 -5.9861
3.8 8.8 -1.3234
-0.2 9.6 24.049
9.8 -7.2 67.512
0.2 4.8 9.6861
-2.2 -4.8 -24.946
11.4 -0.8 15.286
1.4 -2.4 -6.1319
1 5.6 8.8096
5 -2.4 18.532
-2.2 -5.6 -24.641
0.6 -2.8 -10.774
-1 6.4 26.836
-3 8.4 36.519
-6.6 -7.6 -86.102
-1 -4.4 -25.113
4.6 0.4 -0.91375
4.6 6.4 -5.3049
10.6 -4.8 41.69
6.6 -4 25.378
8.2 4.8 -15.232
5.4 7.2 -7.2073
-1 7.2 16.413
9 8 -36.909
-3 0.8 -5.4262
0.6 -4.4 -16.687
1 2.8 2.2413
3.4 4.8 3.8356
-4.6 -2.4 -33.631
-1.8 2.8 2.9551
11 -0.8 12.281
-6.6 5.2 19.413
9.4 10.8 -43.557
-6.6 8 55.96
4.2 -7.6 22.106
-5.8 3.6 16.161
6.6 -6.8 31.987
13 6.8 -50.209
5 -3.6 14.584
-4.2 10.8 60.07
13 11.6 -91.283
10.2 5.6 -37.885
9.4 -5.2 48.529
6.2 1.2 -3.3604
4.2 -1.6 8.1561
10.2 -5.2 48.802
6.2 8.4 -15.274
7.4 -0.4 15.116
-1.8 10.4 35.462
3 8.4 0.77639
-5.8 9.2 60.86
5.8 12 -7.2545
-3 9.6 43.724
-5.4 8.8 53.868
-1 0.4 6.062
2.6 -6.4 1.3702
-1.4 -4.8 -15.618
7.8 -1.6 15.945
6.6 2.4 0.14145
-0.2 10 31.023
6.2 2.8 -13.216
12.6 -1.6 27.531
-6.6 -6 -70.629
3 -6 5.0232
5 2.8 -6.9779
-5.8 0.4 -21.81
6.2 -7.6 43.661
13 4.8 -32.152
2.2 2.4 2.6038
0.6 11.2 30.314
10.6 12 -63.189
-6.6 -4.8 -65.725
3.4 0 -0.49303
10.6 7.2 -41.153
9.8 -7.6 65.298
-1.4 -0.8 -11.096
12.6 -7.2 69.156
8.2 -4.8 34.508
-2.6 -1.6 -10.067
1.4 -1.2 5.5487
4.2 -7.2 21.689
-2.2 4.8 3.5358
11.8 8.8 -61.026
-0.2 6.8 18.335
-2.2 -2 -11.157
13 0 8.7644
1 7.2 13.026
3.4 11.2 6.4716
-6.2 10.4 81.952
1.4 -4.4 -1.2074
-5 6 24.302
-3.8 4.8 10.713
-2.6 11.2 47.861
-5.8 -2.8 -46.752
0.2 -6.4 -11.855
-5.4 -7.6 -68.501
7.4 7.2 -18.317
10.6 -0.4 7.6028
10.2 -4.4 47.618
2.6 7.2 -1.0197
10.6 4 -21.335
4.6 -6.4 19.569
-2.2 10 47.721
7.4 6 -17.726
3 1.2 5.34
-1.4 1.6 2.3818
-2.2 3.2 3.2799
3 -4 -2.5343
-3.4 -2.4 -21.917
9.8 -1.2 15.819
5.4 12 -14.637
8.2 2.4 3.0305
9.8 7.2 -42.588
1.8 0.8 -6.4081
12.2 -6.8 83.987
5.4 -4.4 21.171
5.8 6.4 -10.545
11.8 4.8 -39.126
3 0.8 2.9414
6.2 -6.8 35.553
-1.4 -6.4 -24.302
3.8 -4 15.06
-5 -1.2 -29.185
-4.2 -2 -28.957
2.2 12 13.083
-3 0.4 -4.8925
-5.4 3.2 6.2794
11.8 7.6 -56.386
11 -4.8 46.567
3.8 3.6 5.9041
-6.2 7.2 34.351
2.2 1.2 2.8985
-3 -5.2 -39.968
3.8 -7.2 6.6601
13 -6.4 83.942
11 -0.4 4.1776
-1 -3.2 -13.606
6.2 -2 10.612
-4.6 -3.6 -44.93
2.2 10.8 14.994
7.4 -7.2 45.102
9.4 -4.4 41.736
12.2 -4.8 65.13
-4.2 -6 -42.969
-0.6 11.2 38.54
-3.8 8.4 44.738
8.2 3.2 -3.4086
9 9.6 -42.83
-2.2 8.4 40.084
1.8 1.2 1.2775
-6.6 2.8 -2.006
10.6 4.4 -26.918
2.6 1.6 -11.616
11.8 -6 69.589
2.2 11.6 14.221
8.2 10.4 -34.706
0.2 -3.2 -13.316
11.4 -7.6 83.809
11.4 5.6 -33.253
7 4.8 -10.663
3.4 4 -13.02
-1.4 10.4 38.456
-0.2 8.8 20.139
3.8 10 -1.0705
5 -2.8 20.057
-2.6 -6.4 -34.205
1 8.4 14.264
-2.6 10.4 46.304
11.4 12 -80.56
13 -2.8 42.111
7.8 -3.2 26.646
2.2 0.4 -3.6644
8.2 -2.4 18.151
-3 2.4 2.491
5.8 -4.8 21.097
6.6 2.8 -7.8954
3 2.8 1.3823
-3.8 2.8 -0.28383
12.2 6 -40.618
3.4 -7.6 4.6098
-6.6 -2 -45.447
10.6 2 -7.8237
-6.6 0.4 -27.335
-2.2 7.6 27.693
4.2 -0.4 4.1649
7.4 1.6 -6.4075
-3 -0.4 -6.65
4.6 5.2 -0.35025
2.6 -1.6 1.7799
5 -1.6 6.0068
4.6 1.2 5.2351
-3 5.2 9.8459
0.6 3.2 -1.6957
13 3.2 -22.17
-3 -2.8 -30.54
4.6 9.2 4.2026
10.6 -2.4 22.489
2.6 8.4 9.0781
0.2 4.4 6.6146
8.6 4.4 -14.828
4.2 -6.8 17.845
9.8 -2 18.832
7.8 11.6 -35.679
7.8 -5.2 37.927
1.8 -7.6 2.5329
13 8.4 -56.821
9.4 6 -19.473
-1 -3.6 -15.384
-1.4 9.6 32.047
3.4 -5.6 6.5528
-5 6.4 33.381
6.6 0.8 2.8717
0.6 -6.8 -8.935
9.8 10.4 -43.635
8.6 -1.6 5.9695
-6.2 -5.2 -62.213
5 4.4 -8.1392
11 7.2 -44.262
1 9.2 22.631
9 4 -19.689
11.4 -6.4 61.244
-2.6 3.2 6.4649
-3.8 -6.4 -51.276
-5.4 0.4 -13.733
-3.4 2.4 0.36529
-5.8 1.6 -9.4772
1.4 0.8 -4.4583
-1 2 -4.8193
-1 10 36.094
10.6 -0.8 10.313
9 -4.4 42.125
3.8 8 4.1389
-5.4 -0.8 -29.544
4.2 -5.6 12.645
-5.8 -3.6 -51.184
-0.2 -5.6 -18.149
9.4 -3.6 29.254
2.2 3.2 3.8247
-5.8 6.8 44.408
6.2 -0.8 10.864
7.4 9.2 -34.913
-2.6 9.6 45.25
4.6 9.6 -15.603
-6.6 9.6 64.673
1.8 2 -5.5921
11.8 2.8 -8.5317
0.6 8.8 25.617
3.8 6.8 -6.1424
1.4 5.6 12.623
3 -5.2 3.987
3.4 -1.2 0.7704
0.6 9.2 18.652
-5.8 -5.2 -58.944
-4.2 9.2 58.582
12.2 12 -89.282
7 11.2 -25.155
-6.2 11.6 86.207
4.6 -1.6 2.4151
-2.6 6.8 21.493
7 4 -4.1545
1.4 -2.8 0.084276
-6.6 2 -11.01
11.4 -4.4 46.225
7.8 -7.2 50.058
-4.2 0.4 -12.575
7.4 -6 44.961
4.6 5.6 4.2998
7 4.4 -10.342
-5.4 1.6 -5.5408
-0.2 5.6 7.7607
-4.6 8.8 42.773
1.4 9.2 19.531
4.2 2 -1.8822
8.6 5.2 -21.3
7 2.4 3.5127
2.2 -1.6 0.4686
-1.8 -5.2 -29.56
2.6 -1.2 8.8996
-5 0 -12.935
5.4 -4.8 21.412
8.6 11.6 -45.31
13 9.6 -79.715
8.6 -5.2 33.869
-3.8 -0.4 -11.978
6.2 6.8 -19.015
4.6 -2.4 5.3068
3.4 10.4 -0.80713
5.8 1.6 1.2966
-4.6 1.6 -1.1531
13 -5.6 68.332
3.8 4.4 5.1157
9.8 6.4 -34.832
6.6 5.6 -11.319
-3.8 9.2 44.733
5.4 -2.8 8.4739
8.6 -3.2 31.577
-5 2.4 3.0646
10.2 11.2 -54.79
-5.4 4.8 26.778
7.4 5.6 -15.272
0.2 10.8 26.634
-3.4 -4 -40.43
-2.6 -5.6 -38.043
7.8 1.2 4.0051
-5.4 11.2 76.124
-3 -5.6 -45.21
7 7.6 -13.216
-3.4 11.6 62.57
10.2 -6.8 66.806
7.8 12 -45.06
12.2 1.6 5.5125
9 -4 26.8
2.2 6 -6.9263
4.6 -5.2 9.5905
-5 9.6 53.555
-5.4 5.2 24.211
3 -2.8 9.9166
1 4 4.4445
-4.6 -0.8 -20.806
5 1.2 -1.7194
-3.4 -4.8 -36.702
-2.2 3.6 0.90494
-5 -4 -39.828
7 11.6 -34.237
10.6 5.6 -31.877
2.6 4.8 -3.9703
5.8 -3.2 24.261
-3 3.2 10.707
-4.2 2 4.0063
2.2 -2 6.5962
12.6 -2.4 27.154
11 0 15.886
2.2 2 -0.20237
8.2 8.8 -35.18
10.6 10.8 -62.592
9.4 -4.8 39.831
0.2 3.2 2.3962
-1.4 5.2 17.652
-3.8 -5.2 -49.173
7 2.8 -11.972
8.6 0.8 -0.22618
-0.6 9.6 30.612
8.6 2.8 -12.206
3.4 -0.8 4.0476
-3.8 10 42.118
-1.4 0 -6.9785
7.4 -4 20.722
-1.8 0.8 -9.4249
-6.6 4.4 12.787
5.4 -1.6 10.027
11 10 -55.382
6.2 6.4 -8.3962
-5.8 12 87.343
5.4 10.8 -11.83
-6.6 -5.6 -68.046
-2.2 -4 -25.772
1.8 -4.8 3.9846
11.4 -1.2 25.477
0.6 1.6 -1.8422
-5 -0.4 -19.782
13 -7.6 90.166
10.6 9.6 -55.242
-3.4 11.2 58.345
-1.8 12 51.689
6.2 12 -19.573
5.4 4 -6.3623
-1.8 3.2 7.8512
11.4 3.2 -26.152
3.8 -0.8 -1.5007
-5.8 3.2 11.608
11.8 -2.4 27.59
11 10.8 -71.988
3.4 9.6 3.4475
7.8 -4 14.832
6.2 3.2 -2.9644
2.6 -4 6.1008
10.2 8.8 -55.202
5.8 -2 3.5231
10.2 -1.2 16.995
-5.8 10.4 74.916
8.6 -5.6 44.703
-3.8 -2 -24.536
9.8 9.2 -43.137
10.6 1.2 -8.8295
1.4 4.8 -4.7688
5.4 -7.6 44.165
-6.6 8.8 59.279
9.8 -4.4 48.317
-1 5.6 24.707
-5 -1.6 -25.748
9 7.2 -31.362
7.8 -6.8 55.331
10.6 -5.6 45.644
9.8 3.2 -14.132
7.4 -2.4 25.713
7.4 -6.8 45.472
11.8 9.2 -61.417
-5.8 2.8 -4.0194
1 11.2 24.201
4.2 -1.2 -1.6024
10.6 9.2 -61.636
5.8 -2.8 7.4935
12.2 7.6 -51.383
11.8 6 -54.154
3.4 3.2 2.9044
-5.4 -3.6 -44.983
-6.2 5.6 27.01
-6.6 4 16.285
2.6 -3.6 -7.3669
0.6 2 -5.0212
10.2 3.6 -16.557
7 -2 16.229
-5.8 -6.4 -66.11
11 -6.8 60.771
10.6 0.4 5.5138
-6.2 -2.8 -47.308
9.8 0.8 0.88596
10.2 8.4 -46.992
6.2 0 1.1424
-0.6 -7.6 -16.612
9.4 -2.4 25.782
1.4 -3.6 -10.224
-3.8 -2.4 -21.423
-0.6 -7.2 -24.216
3 3.2 -2.9615
5 -6 16.107
-2.2 -1.2 -10.28
7.4 1.2 0.70971
-2.2 1.2 -4.4561
2.6 -0.4 1.9136
-6.2 8 45.743
-2.6 12 54.558
-5 7.6 41.45
-5 7.2 38.88
3.8 6.4 -1.3812
9 1.2 4.1812
1.8 7.2 5.9631
1 -6 -9.3144
5 -5.6 18.45
-3.4 3.6 -4.5256
1.4 -5.2 -1.6254
-5.4 1.2 -8.048
13 9.2 -73.738
4.2 2.8 2.7508
1.8 5.6 17.104
-2.2 -0.8 -12.743
12.2 2.8 -9.1985
-1.8 1.6 -4.5618
-4.6 -6.4 -48.395
-2.6 8 33.587
1.4 -7.6 0.11166
-3.4 6 22.981
-5.8 11.2 79.136
1 -0.8 1.176
-1 2.4 5.4292
0.6 10.4 22.647
0.6 -3.6 -13.265
8.2 3.6 -12.853
