1.0954 -7.828
3.3251 1.4315
-4.4316 -3.9681
0.039023 -6.9514
3.4347 2.3381
9.6076 1.2578
3.8957 -6.6427
-5.8472 -0.4412
3.5256 0.24521
-3.1534 -5.7574
-11.475 2.6564
-3.691 4.8989
3.6351 0.33969
0.91697 5.4563
-7.3158 9.4924
9.9318 1.1521
3.7765 2.3357
-3.2706 4.3626
-5.594 -2.6504
3.1021 4.1164
-3.4451 -6.0587
-6.1458 10.405
-3.9016 -4.9813
-4.7352 -4.2179
2.5529 11.108
-5.0204 -2.9587
-5.8441 1.5431
-5.6371 2.8817
-4.7842 11.171
3.9844 1.994
-6.1644 10.129
3.4123 11.038
-1.2449 11.835
3.7506 10.791
-5.1634 3.2635
1.9928 4.6754
10.097 -0.35045
-4.7244 -3.184
1.3671 5.0226
1.106 -7.053
0.84021 5.5735
2.8537 -7.0032
3.938 3.2167
-2.0158 5.4573
2.2815 -7.1785
2.1163 -0.82505
9.84 0.66197
1.8627 -7.104
1.524 4.971
-5.3947 2.002
8.2324 -3.7572
6.8389 -5.0765
-3.8946 4.1677
9.9086 0.85891
3.3876 -0.19198
-0.56464 11.808
-5.442 1.6362
8.278 -3.2337
8.047 -4.1693
-4.0379 11.534
-5.6344 -2.6938
2.7131 -0.201
9.338 4.3645
4.0166 0.52375
-3.8403 4.6688
2.968 3.1024
2.1962 -0.79135
9.6146 -2.1545
1.6259 -7.8964
9.4748 2.0357
-8.1568 8.7161
9.1485 -2.3043
2.0355 4.8473
6.9012 -4.7623
-2.6235 -6.1309
8.8223 -3.6784
-3.8747 -4.9904
10.178 1.2425
-6.2537 -1.6245
-2.0051 -6.6575
2.4025 -0.51011
-0.71534 5.5586
3.1914 11.126
3.7158 0.87782
3.0098 4.0841
-1.523 11.708
3.4406 1.3337
-4.2745 3.591
-5.5003 -1.4379
10.284 0.39487
2.6679 3.7686
-5.0583 -3.2447
2.2191 -7.6933
-4.8276 2.5073
-2.3295 -6.0382
2.6449 -0.094527
8.0227 -4.4008
2.894 -0.42929
8.4411 -2.7659
9.9311 3.1095
3.5831 2.1171
-11.566 3.804
2.3712 4.0802
3.045 -0.87824
4.2296 -6.8435
-6.2851 9.6103
-0.9508 -7.1796
7.9816 -5.0468
-5.4413 2.7036
4.3484 -7.2277
-0.82315 4.7888
3.5143 1.0206
-4.9416 3.5474
-2.2762 5.5093
6.7249 8.788
7.6459 8.1543
-6.129 0.38892
-11.138 4.8013
8.702 -3.0381
9.0415 6.3729
2.088 4.4113
0.89758 4.8677
-11.285 3.8916
-3.2747 4.8824
9.0411 6.2409
6.1819 9.1575
-3.2069 -6.2319
-5.666 -1.7144
0.39043 -7.0386
1.5846 11.779
2.4382 4.0577
3.3167 0.93219
-10.852 5.0047
9.908 0.82866
-4.1355 10.349
3.4881 2.0716
6.6443 -5.6846
4.3699 10.211
2.4828 -0.69038
9.1426 6.4272
3.1455 11.003
3.6105 0.2568
9.8903 1.916
10.34 2.5673
3.4715 3.42
-3.6886 4.0694
-1.5524 -6.6131
-1.9325 5.4793
3.8332 3.0264
-0.56821 5.2524
3.1239 -7.3157
4.3848 10.512
4.0571 1.3254
3.2861 3.332
-0.47268 5.2137
-5.6589 0.7445
9.4879 -2.476
6.5523 8.6063
2.4001 -1.0496
-9.9102 6.5998
3.1812 -0.81129
-2.1041 -6.5631
-0.77316 11.476
-10.657 6.0112
-1.3669 11.638
1.326 5.3414
-3.0877 11.598
2.1109 4.5042
-1.3079 11.725
-3.8595 -4.5922
-2.4692 11.902
-2.3857 11.082
7.4468 8.1017
-9.4857 7.9281
10.214 2.4678
-7.481 9.3964
-1.1007 11.231
9.2562 4.967
-1.4597 4.8678
3.6084 0.52517
3.4892 2.5642
-5.8511 0.55172
9.2015 -2.2166
6.1734 8.6604
0.68697 -7.7429
-5.5946 -1.4129
4.0546 1.1026
-0.070863 -6.9503
3.361 3.8198
3.0577 0.031268
3.3541 3.0857
2.157 4.7846
-5.4855 2.5509
-5.958 0.85478
-4.7935 -3.621
1.9354 10.764
2.4177 4.0735
4.3733 -7.0405
-3.9089 3.4043
9.1705 4.2073
7.3909 -4.7745
9.8634 -0.088726
7.2198 9.1316
10.054 3.0032
-5.0172 -4.4195
10.158 1.885
-11.635 3.3538
-10.68 5.2071
8.6779 -2.7969
4.8566 -6.6467
9.4794 3.8423
-4.0722 -5.2841
6.6532 9.2797
3.2296 2.547
-5.3807 10.024
5.0984 -6.3779
1.927 4.6922
-5.2959 -2.797
2.6295 -7.1248
1.3384 -7.3423
0.80911 -7.3228
7.7918 7.1376
2.7634 3.9259
2.893 11.037
-5.4094 1.3777
-2.7579 4.2462
4.1547 0.73577
8.76 -2.3769
-6.0049 -0.080815
7.4468 -4.3597
4.0396 1.3438
-5.5915 -1.0081
1.5597 -7.4574
8.8815 -3.2887
-5.0324 -2.8286
9.5697 5.0249
-6.0124 -1.346
1.6977 4.2892
-10.296 5.9448
-2.2596 -6.5931
-2.8111 -6.2512
-3.8794 -4.6627
7.1756 -5.6766
2.6978 4.1533
4.0568 1.2709
4.1663 1.0698
3.4964 1.7219
-8.8726 7.7046
-0.92083 5.3313
0.97245 5.236
9.7647 -2.0556
3.6525 0.36146
2.0566 4.7801
2.8161 -0.78394
3.9023 10.71
2.7437 3.9589
9.2706 4.6473
4.984 -6.0816
-6.4072 9.5676
-3.5867 -5.0929
-2.4403 -6.332
-5.7779 -3.1855
6.0897 8.5811
-0.054592 5.3369
-5.553 1.037
9.7809 3.952
0.78394 -7.2323
-5.9736 -0.2461
2.4823 -1.3108
1.684 4.4711
-0.51279 11.138
4.2418 10.536
2.0598 -7.0847
3.47 11.06
4.6293 -6.6871
-3.4485 -5.5108
3.5194 2.6408
-5.187 10.634
-2.3977 11.202
8.7975 -2.8525
3.3769 1.3485
2.0967 -0.81008
2.0692 -1.5491
5.3486 -6.4626
-4.9199 -4.269
3.2498 -0.30946
-0.752 -6.9976
-3.1908 -6.3271
2.3495 -1.2649
2.3032 -1.2674
-6.469 9.9257
1.0905 5.4319
-2.6041 4.9285
6.6869 9.5915
4.0675 2.2667
-3.8245 -5.6737
2.3894 4.1249
-11.997 2.1707
4.4828 -6.5508
-1.5377 11.064
-2.9039 5.332
1.0062 4.8069
-4.2846 3.7857
-1.8292 -6.0686
-6.1461 -1.5517
7.6332 -4.4708
2.6793 -0.99748
9.2428 -2.658
-4.2985 3.3901
3.7476 1.5769
6.1506 -5.9235
3.6075 1.1166
2.9058 0.2267
7.9059 7.3283
3.1001 0.59141
-0.26261 -7.485
3.3069 1.1159
3.2914 0.16415
-3.5282 3.9022
7.9957 6.7251
2.2549 -0.62932
0.12508 4.9391
3.9388 1.7672
0.10994 11.262
2.0645 5.0845
-1.2966 4.9116
-5.6539 -0.44912
-0.76603 11.175
2.6064 -1.047
-1.4135 -6.3537
8.62 -3.2841
3.9149 2.2183
9.5826 -1.0005
-4.6571 -4.3703
9.176 5.644
-1.1837 5.1653
6.2894 9.5052
9.9584 -1.0204
-2.3613 4.7559
0.89601 -7.0422
-4.6697 3.5637
8.6246 6.3952
-4.6557 3.4457
-5.5621 0.73674
-1.6051 -6.9821
5.3092 10.202
-4.7305 -3.7543
-3.6682 4.4714
9.6714 0.48139
8.6243 5.8507
-2.017 -6.7242
1.6596 5.0053
-1.6617 5.28
3.0884 3.9054
-1.6676 11.068
-3.478 10.809
2.2343 -1.1508
-9.623 7.3638
5.4812 -5.7401
-0.73078 5.4675
2.8677 3.0616
4.3929 10.974
9.6372 1.1506
7.8641 -4.7666
-10.068 6.1079
-4.3917 -4.4841
9.6998 2.6328
-5.8032 -2.3902
8.5333 -3.626
-0.46035 11.077
4.5665 10.461
-5.3714 2.2513
-3.8895 3.9104
2.5393 -1.2343
0.61764 5.6903
-4.4261 3.4822
3.6163 10.598
-2.324 11.649
2.925 -0.070954
-3.1502 4.8742
-4.2987 3.5323
2.3711 4.1181
3.2902 0.91137
3.7692 2.8304
7.6665 -3.6629
7.9101 7.2392
2.726 -0.71256
-0.64035 -6.7837
-1.3103 5.4556
9.7001 -1.7269
-4.5463 -4.8981
7.7796 -4.0755
-5.8468 10.115
3.8207 1.9605
3.3291 3.9612
-1.7431 11.039
8.046 6.5116
2.7723 3.4701
-11.998 2.6298
7.756 -5.266
2.3836 -1.0952
-1.6704 5.2244
2.4578 -1.2185
-3.9244 -5.2842
-3.123 -6.0508
-5.3986 2.3337
-0.51626 -7.4591
-0.96123 11.212
-5.3134 -1.1732
-5.3452 -3.2143
5.7375 9.7106
8.3866 -4.4676
8.3792 6.7824
8.0379 -3.8621
1.1542 4.9333
9.183 -1.3817
3.6367 1.6756
-2.499 4.6308
-5.6077 2.1703
3.2403 -0.61926
6.3939 9.2031
9.5986 5.5439
4.5465 10.673
7.7458 7.3758
-1.4349 11.468
9.8286 -0.18831
8.2049 -3.8924
-0.25629 -6.8213
5.0836 9.7791
-4.6717 3.3826
-6.3144 0.14647
-1.5273 4.7223
-4.0322 3.2867
5.7216 9.1815
-3.4562 -6.1885
8.5142 5.6192
6.3319 -5.709
-0.47073 4.8852
-1.3488 5.188
-5.9892 -2.4721
-3.9885 -4.7358
9.6648 -1.6886
-4.7724 10.756
4.2713 10.435
-9.6389 7.9921
-6.0232 -1.9467
7.4135 -5.0058
8.6408 6.0309
3.874 3.3004
4.1472 -6.7761
9.9496 2.7625
0.84192 5.3767
10.085 2.747
9.3142 -0.96509
-5.5314 -0.54893
10.263 -0.037457
3.3312 -0.40364
-10.61 5.9814
-0.25181 -7.3649
9.8906 -0.31689
2.5333 10.714
9.1849 -2.2637
8.7053 5.6048
10.397 0.44126
3.727 0.91449
8.1274 6.8221
-5.1654 -2.5027
-4.9541 -2.5922
2.436 3.72
3.9453 -0.12337
8.4423 -3.2942
5.4142 9.6678
-0.5164 11.922
-4.7726 3.0353
1.9171 4.6949
8.9381 -2.1373
1.7105 4.9482
-5.6687 0.18547
-5.3833 2.0518
3.5221 1.6966
1.2492 5.3161
2.0447 -1.7411
8.4972 -3.042
-5.1086 2.2604
-4.317 3.6145
1.1069 11.541
3.9707 0.19567
0.92544 11.45
-11.998 1.0117
-1.8816 11.588
-1.7926 11.467
-5.7273 -0.033297
-2.0589 11.484
3.2243 0.65563
9.4708 4.8784
9.7537 4.5016
2.5083 4.3259
7.6263 -4.4396
2.8623 11.208
5.1206 9.5075
-10.754 5.4392
2.6324 -0.58913
-0.66317 5.2082
1.2193 4.9305
-2.2293 11.534
-4.3022 -4.3228
3.5798 0.64191
2.6388 3.9534
3.6382 0.21133
-5.6478 -2.8928
-1.9231 5.5927
-12.49 0.88772
-5.2505 2.7579
-1.0767 5.5694
-1.9992 11.369
2.6281 3.6978
2.0912 -1.5333
-5.2505 -4.123
5.8476 9.5038
1.9555 4.1841
5.3856 10.073
-3.272 -5.278
-2.2233 5.621
-0.71111 5.6771
-2.7468 -6.5827
7.6177 -5.336
6.7799 -5.6568
-3.612 4.6496
2.9773 3.0303
1.8156 4.3855
1.8252 5.0211
-0.32978 5.3485
5.135 10.021
1.4245 4.9007
-4.0136 11.51
4.1672 1.916
2.5596 -6.9121
10.14 -0.33775
-11.055 3.9902
-4.5084 -4.3494
-5.8127 -2.6499
6.0464 -5.9145
7.1971 -5.0764
-6.3379 10.119
3.7822 10.411
-2.8611 11.148
7.0528 -5.0312
3.8831 1.2657
6.9211 8.5579
0.39096 11.068
-11.627 1.0656
-5.2464 -3.2236
3.2711 2.8529
2.9936 3.9022
-1.6734 5.3541
-2.4658 11.497
-3.8309 3.5205
3.3865 0.64493
-4.1863 -5.2453
4.7971 10.254
-4.7115 -3.0877
-5.3345 10.129
3.1474 3.7843
-2.6029 4.9948
-5.1451 -2.0571
0.44319 11.843
1.7047 4.1287
7.7032 8.1042
2.8125 4.3296
-5.1776 3.0318
-0.024981 -6.6871
0.47772 5.612
0.08105 5.0361
9.5268 2.5276
-3.0622 -6.2687
2.8348 -1.5248
3.5251 0.22984
-12.453 0.92136
10.432 0.83447
3.2916 -7.6391
-12.428 0.9685
7.6835 7.0987
3.4155 3.953
-0.11371 11.413
8.955 6.0181
3.3417 3.2596
-2.0314 -6.0953
1.5983 4.5286
-12.105 2.3858
2.8492 -0.44844
6.6906 -5.9521
-5.0376 10.038
3.9395 1.9907
9.5002 -2.6914
2.9648 -7.0516
6.7443 9.021
3.0809 -0.14366
7.5449 7.5393
-5.6441 -0.29024
3.5464 -0.56173
-6.1849 -0.25828
4.2564 2.0853
-1.8244 -6.6157
-1.3162 5.4123
-0.15769 11.716
-0.93598 5.6648
-4.7462 3.1539
-5.509 1.975
2.2546 -1.2977
0.89463 -7.3443
1.2746 5.162
8.6153 6.5392
0.68031 5.245
4.2946 10.845
-0.77245 11.666
3.7778 0.064269
-3.9446 3.7043
2.7689 -7.3523
0.56835 4.7605
0.28097 11.952
4.4692 -6.8741
4.7195 -6.7367
0.95041 -7.7995
-5.5595 -2.9711
2.0836 4.2075
2.7188 -0.80973
1.6324 4.3328
0.87287 5.2304
4.1102 -7.0392
-6.9469 9.5264
-4.4366 3.4736
2.945 -0.95995
4.1696 10.211
-2.4502 11.414
-3.9917 -4.9358
2.6658 -7.2837
-5.8977 1.1907
8.4297 7.3359
-5.5943 -3.322
0.93176 11.466
6.5167 -5.6419
-5.7238 1.0218
0.056117 11.24
-0.40888 5.2961
1.5 11.219
2.1916 -7.0026
-2.3854 -6.2906
-5.3952 -0.20452
9.5599 5.8632
0.55714 11.252
7.3863 -5.7323
-0.082924 5.4642
2.1655 4.2796
-0.91523 -7.0483
-0.96414 11.593
7.0055 -5.1178
8.8304 7.0823
4.2253 1.6691
-3.2719 -5.1309
-5.7565 -2.3748
0.19064 11.312
8.3556 -3.4869
-1.7087 -6.9275
6.2235 -5.5432
3.2294 0.11648
-4.9069 1.9617
-10.156 6.8672
-3.2841 -5.8864
3.3096 -7.1769
2.91 -0.37451
7.683 -4.0409
1.1365 5.252
3.4624 2.5699
-2.0487 11.032
-8.8204 7.7561
9.4875 5.2241
-4.9744 -3.1201
7.1224 7.886
2.5266 4.564
3.9572 1.4185
3.1766 3.2005
-5.9565 1.5926
3.7688 1.5192
-3.5871 -5.6558
7.534 -4.3956
9.8708 4.8433
3.3079 -0.37357
3.0455 -0.93174
-3.4702 3.7083
0.27964 11.793
-3.2759 -5.6259
5.9576 -5.8523
2.7901 10.52
9.6252 3.9634
-9.912 6.2174
3.6056 1.0072
-4.7171 10.403
-4.5966 11.271
2.7601 -7.403
7.2724 -4.8011
2.5109 11.557
10.214 1.2534
-6.0226 10.112
-3.6696 -5.5818
9.7827 0.48771
5.4905 -6.2587
9.6084 1.7352
-9.0716 7.9973
-4.5565 10.22
7.5735 -5.5312
8.2992 7.2443
5.2901 10.429
7.6128 -4.3918
-4.521 3.6338
9.8084 5.0196
3.9667 1.6711
2.7675 -6.9145
4.234 1.3588
-0.022095 5.1717
5.1084 9.4692
-10.508 4.4898
-7.8017 8.6001
-11.286 4.1608
-2.0709 4.6174
-4.5624 10.963
9.2656 4.9486
2.4636 4.1589
-2.0544 -6.2193
0.73864 -6.9928
1.5584 -7.1243
3.8694 -7.1999
-1.0268 11.644
3.6752 10.262
-4.8517 10.992
4.5008 -6.5843
-2.4769 -6.2113
2.7115 -0.71929
-10.587 5.3153
-2.9349 -5.8314
5.2394 10.03
-0.5459 5.7448
9.8645 -0.20009
-6.0373 -1.0654
1.2325 -7.693
6.7831 8.6048
2.4614 3.4439
6.2303 8.9818
3.5281 1.9892
4.2322 -7.1155
9.7207 -1.1282
8.9493 6.8832
-3.5976 11.425
8.2017 6.6202
-4.4947 3.8403
-5.0605 3.4123
-2.7109 -6.6307
3.1436 3.3195
0.77268 11.594
-2.6882 4.9713
-3.1637 4.9469
-0.36506 -7.2216
2.9471 -1.0599
-0.71156 5.0088
-0.20478 5.6348
-0.70425 -6.5663
6.8336 -4.9954
9.3374 5.1172
3.2916 2.0265
-0.78952 -7.2384
10.062 3.0499
-10.224 6.061
3.515 0.76212
2.8874 -0.66438
3.2211 3.0328
-2.2261 4.6803
-0.3491 11.177
2.1241 -1.4062
-3.0956 11.618
-5.1878 1.2091
1.4792 11.795
3.504 10.675
-1.1778 5.1518
9.8623 3.0698
-3.6494 4.261
7.2708 -4.9828
9.297 3.978
3.3417 -0.18154
2.579 4.0302
0.24519 11.17
-0.3419 -7.5095
2.9216 11.007
1.7555 11.419
-4.0695 -5.2083
-1.5809 5.1929
-1.9107 -6.2541
9.3914 0.14576
9.7887 0.15065
-2.1423 5.5965
-0.9126 5.3822
2.389 4.7377
8.2965 -3.0916
2.7276 -0.61753
3.877 0.013323
-0.53298 5.4052
3.5873 2.8461
3.6033 -0.18987
7.1898 -5.063
9.0885 6.255
-5.935 0.56614
2.6243 10.805
10.21 0.15458
3.3805 1.7048
7.8719 7.5226
7.593 7.9467
-2.9581 11.186
3.2756 3.3765
-1.7598 -6.0967
-6.2243 -0.91915
3.344 0.56976
2.5207 4.7726
9.5221 4.5818
-3.8753 4.1418
5.0998 -6.2969
-1.195 5.2818
9.1932 3.6644
3.2446 2.8396
-4.719 3.0139
-1.9896 5.3937
-3.094 3.9181
1.9922 4.3226
-1.7448 -6.5318
-4.8076 3.9263
-2.8377 11.193
-11.585 4.5755
5.3014 9.4094
2.0166 -1.0365
3.1851 -1.0507
0.54337 5.014
-4.5208 -5.3058
-0.77943 5.7677
6.6272 9.6686
-2.4285 4.8959
-5.3946 -0.16508
-1.759 4.9928
-3.5125 4.1099
9.4519 4.8265
-5.0487 -3.0457
3.2942 0.52804
-1.7293 5.0633
8.8266 5.6663
2.1053 10.834
-2.0962 10.997
-4.0496 -5.0238
5.2807 9.3094
-0.99674 5.3258
10.377 0.50449
-0.049254 4.9768
-11.308 4.0048
-0.49958 5.3806
2.7352 -0.091782
8.5985 5.9075
-5.4624 -2.7743
9.808 0.3354
-3.7132 10.945
0.87526 11.937
2.9392 3.9594
7.2924 -4.7477
4.9703 -6.8904
9.8988 4.6693
9.8042 0.90715
-5.4561 -3.4557
0.55192 -7.7822
7.5406 -5.0962
0.91044 11.391
2.9788 11.116
3.8701 3.422
2.7279 3.2913
-3.4304 4.5873
-4.8098 10.533
6.2823 9.2647
3.293 -0.80261
3.4135 2.8284
-5.4042 10.445
2.1593 -1.3577
9.6894 -1.1186
-6.0121 0.11113
3.5266 0.10173
2.0586 -0.86554
-11.207 4.2932
0.83315 4.971
-5.0787 1.8079
-2.5242 4.9384
-4.3653 3.7824
-4.817 3.8684
-5.3709 -0.60425
8.891 -2.8835
1.7994 4.1172
3.2803 2.0034
7.7457 7.0701
6.1561 9.4611
-0.72678 5.6309
-3.1624 4.8326
3.5411 0.17435
-5.6895 -2.4053
-3.6989 4.5436
-5.0276 -3.4492
-0.66077 -7.0326
-5.8134 0.68419
7.1502 -5.9862
-5.7397 -1.1461
9.7919 -0.72658
0.77199 4.9612
2.2301 -0.77016
-4.5095 3.1221
1.4271 4.6841
2.1219 11.325
0.74609 -7.0126
6.1132 9.2493
10.113 3.2111
3.3714 2.0798
5.4935 -6.3857
-5.6918 -2.4172
-4.4477 3.6231
-9.1647 7.3756
3.3438 3.2987
-10.83 5.2876
-5.1201 -3.93
7.5982 7.3379
3.008 0.45672
-7.2235 9.3044
4.0239 2.1968
2.9126 -0.84059
4.9441 10.529
5.623 9.8101
0.92948 5.1289
7.065 -4.7589
-2.5707 4.6342
4.1284 2.0094
3.8031 0.25878
2.936 4.0103
1.8468 11.21
-4.2726 4.0305
6.5457 -5.0779
-3.4339 3.8123
1.077 4.9198
-3.6444 4.1822
8.3374 -4.2963
-5.6677 -1.5149
-1.5627 -6.9411
4.8189 -6.6878
-5.7421 -3.6633
3.3985 -0.97705
-9.7939 7.4559
-4.794 -3.6482
9.4456 0.8713
3.5684 0.13386
0.031974 -7.2234
-5.6247 -0.035471
-11.108 3.3257
0.726 5.1959
6.8827 -5.3188
0.12706 -7.511
2.9753 4.1348
5.5436 9.7365
-1.9182 -7.2225
0.52837 11.347
2.8854 -0.090928
-4.8424 1.7437
-0.48043 -7.4075
2.6832 -0.77399
10.191 2.6977
3.5782 2.7896
9.8012 4.8291
1.7177 -7.5141
4.2146 10.527
-5.8632 1.3226
6.8311 -4.9512
3.7192 1.7728
3.6973 -7.2831
-1.8564 -6.604
-5.4928 1.3987
6.0567 8.5866
5.1122 -6.4802
4.0927 1.6178
-5.4263 -1.8698
9.6159 4.8216
1.719 4.6655
9.1178 5.4173
3.5628 0.11278
-2.9087 5.0652
3.2797 -6.9826
-0.72984 -7.4386
2.2953 -0.92221
3.2691 2.3934
-4.6344 3.6536
-11.393 2.4723
1.9396 4.6771
-0.077361 5.369
3.3825 1.6046
5.1842 10.242
0.75637 5.2922
-5.8949 1.6509
3.8412 0.82643
2.9216 3.7035
2.1549 10.951
-5.8335 1.4749
0.74618 4.8593
3.1726 2.7672
-1.0707 -6.4627
0.73272 4.764
-5.6655 -2.9631
0.26524 5.5978
-3.4343 -5.8245
3.299 -0.036258
-5.2451 -4.5151
8.9055 -3.0983
3.3175 1.2439
-4.649 -4.6437
-5.4994 -0.86927
-0.87479 5.0306
-1.4157 11.115
9.9943 -0.55906
9.7255 -2.518
8.3963 -3.0976
-11.968 1.1687
-11.479 4.6259
-2.5395 -6.106
4.0634 -7.577
5.2961 -6.8633
-1.6088 -6.2306
-7.1074 9.1742
5.8395 -5.9701
0.27912 5.1516
3.2981 10.531
9.6593 1.3737
-0.60239 -6.8207
-3.2413 10.859
9.3522 -3.1001
-5.1171 2.4834
0.87441 5.4215
9.9061 3.2429
2.9237 -7.5452
0.21314 -7.464
-5.3281 0.28541
1.1827 5.2498
2.7006 -0.74882
9.5744 0.3117
6.2315 -5.7587
-4.9978 -2.3952
2.79 11.107
3.9624 2.756
3.9854 10.568
1.7945 4.8391
-12.025 1.0141
-3.9112 -5.4174
4.1445 2.1443
0.90228 -7.002
9.6569 5.3663
-5.6356 1.2984
-11.895 0.45195
7.5276 8.2214
2.7629 -0.55029
3.6792 3.3064
2.0618 -1.441
0.55105 5.678
9.4009 -2.1514
-5.5919 -1.4828
7.4426 -5.6003
-10.252 7.0862
-3.2562 5.1735
3.3338 0.066426
9.1986 -2.5905
-5.4091 -1.6944
8.0034 8.1126
2.5433 -0.77322
8.0807 -3.4579
-9.001 7.8652
8.51 -3.5588
9.6762 3.9202
5.4194 9.8595
7.9042 7.912
3.2996 3.3493
-3.0483 4.5157
2.6744 -7.3174
9.5081 3.867
-3.957 10.6
4.2432 1.8383
8.6384 -2.5626
-9.1342 6.8287
2.3009 4.3663
-7.1987 10.034
-3.9302 10.888
-4.0707 3.2322
-1.9005 -6.1697
3.5504 3.3989
3.7803 -7.5322
6.2731 9.4051
7.2669 -5.144
6.9026 -5.8096
-5.1998 2.8555
5.6065 -6.3651
4.6955 10.058
2.0874 -0.48997
-11.724 0.75049
-0.010817 11.061
-6.2478 -1.1312
6.7387 7.9814
-12.269 0.87617
2.099 5.1883
3.6845 2.7559
-6.0096 -1.6997
2.9229 -0.92407
8.9856 -2.5377
-3.6389 4.8659
0.043548 5.1432
2.7878 4.26
8.7692 5.7831
2.5345 -0.7413
-10.8 5.4775
-5.983 1.061
1.1557 -7.8353
9.5246 0.49885
9.1858 -2.3382
3.9286 2.2893
-1.9569 11.321
9.6666 5.0979
6.0117 -5.8379
0.028213 -7.1421
7.5649 -4.1677
-5.6829 -2.9416
9.4882 1.5344
-3.9127 11.567
9.2938 3.4808
4.0161 1.0995
7.1674 -4.592
-1.2418 4.8968
10.241 0.81601
-5.484 -1.8009
2.4146 11.07
-2.5056 5.462
3.0252 -1.2727
3.5527 1.205
-5.8794 10.056
-5.8915 -0.5283
8.9431 -3.1165
-5.6283 -0.22481
4.4044 -6.4958
-4.7952 3.2777
2.4823 -1.3695
3.6886 3.2595
2.826 -0.81276
9.9643 -1.1355
8.0037 7.7471
10.052 1.7005
7.2166 -4.9755
-3.3359 -6.1187
-5.5652 -1.7696
0.15471 5.5854
8.0147 -4.6329
3.8477 2.2122
1.7324 -7.7222
7.1212 -4.6583
2.223 -1.1571
9.9156 3.8985
-1.9593 11.542
3.5691 1.4274
3.6372 0.047624
-0.64434 5.2196
4.2128 1.7466
-10.128 5.9192
3.7541 10.825
2.524 -0.65425
3.7989 2.0975
3.138 -7.0649
1.8037 4.6208
9.2259 -0.96312
-1.8651 5.0976
-0.81279 -6.8459
3.9381 1.303
9.5074 3.3129
-5.8857 -0.10582
1.2952 11.113
8.9127 -3.6079
4.1207 10.364
-4.1115 4.2091
3.3958 -0.3616
-3.8115 4.1432
3.7679 3.2811
-4.7772 3.1536
-5.4975 -2.8541
0.046354 5.4648
-4.9946 -2.898
-4.8856 -3.0535
3.0985 3.5665
-0.53838 5.5956
7.8915 7.8774
4.1528 -6.8392
-1.4687 11.788
1.1372 4.5455
8.1884 6.5824
5.9261 9.2814
-6.1466 0.23956
1.0015 4.7153
-0.45417 4.9372
-1.8794 -6.6992
2.2489 -7.174
-4.0503 -4.826
2.5142 10.684
3.3097 -6.8091
6.3365 9.5106
-1.417 5.7355
1.1089 11.02
-8.8373 8.591
-5.9786 1.3932
-5.8197 -0.38103
-10.092 5.3495
-6.6138 9.8968
2.8793 -0.38604
-0.82475 -7.2828
-6.0718 -1.1983
-5.9989 0.80575
-2.8672 -6.429
3.7139 1.1159
9.8921 2.2306
