8.3625 5.0491
6.3394 5.2778
3.9837 4.3594
5.4362 5.6115
2.2431 3.8521
6.0815 7.5651
5.0917 1.693
7.5467 5.2523
6.31 3.2137
3.98 3.2217
6.0229 7.8524
7.9579 7.5944
5.4829 3.8884
2.3678 4.3374
7.5203 4.4261
5.7763 5.1909
4.1757 2.854
4.9234 5.7308
7.4512 7.1745
7.6565 7.3678
3.675 2.5366
4.2096 3.2879
5.3816 4.6021
2.5667 4.1221
5.4219 4.6313
7.3409 10.02
6.4268 3.6442
2.2853 1.1624
2.9814 4.3953
8.0166 6.277
8.5269 7.0099
2.3957 5.4141
5.296 6.0755
5.518 0.38766
2.7677 4.4787
7.1559 6.3103
4.8938 4.9144
3.9095 6.024
7.9459 6.9449
4.5672 4.9836
7.9558 4.9643
10.124 9.0494
6.9731 5.1011
5.7649 3.5929
3.5843 3.343
7.1426 5.3545
3.4443 4.2308
4.4113 7.3898
1.2741 5.5873
9.1371 8.0691
4.7633 9.77
6.2351 8.3882
2.5948 1.7805
8.8714 6.9506
7.746 4.2745
5.3543 4.6267
3.2693 4.7969
5.7524 3.6768
5.5916 5.0864
4.2605 2.8566
2.6829 4.3339
3.8326 6.6813
8.4284 6.6548
7.6028 4.7712
6.9341 6.4135
4.3862 3.4145
3.9088 5.8589
1.433 4.2834
3.631 5.7308
5.465 5.9778
5.5025 3.8407
4.0293 7.5912
6.9452 3.9589
0.9273 4.3095
4.9587 3.5086
6.4976 6.4388
10.021 7.5808
7.9625 5.4198
5.9474 4.3739
4.1979 7.8257
6.242 7.0468
9.2027 7.5057
7.4302 6.9098
7.2961 6.2603
2.189 5.0627
7.3783 6.9592
3.0726 1.8716
5.771 6.961
4.9907 4.6259
5.7237 4.4519
6.083 5.3977
6.74 7.4421
5.7994 6.3463
1.7912 -0.28765
5.5571 6.9142
8.8701 7.1518
-0.31753 1.776
9.1084 5.3123
5.1631 6.7625
5.8189 7.645
8.6873 8.7531
3.3398 5.3263
8.0869 3.5279
6.8388 4.6072
-0.31882 3.1575
6.5194 6.7819
7.1937 6.4628
6.1853 6.7393
5.258 3.9166
3.8784 5.2373
3.4659 2.1328
4.4079 6.2476
2.3234 5.2494
7.6675 6.6233
5.8059 4.7066
4.648 5.01
7.7611 7.3558
10.56 6.3223
4.2234 4.9953
4.9177 7.436
8.9572 8.1604
5.3273 6.1022
3.6628 1.2323
3.31 1.5508
8.1243 5.8832
6.3392 6.0025
8.3245 5.2375
3.3557 3.4465
7.3145 4.7102
5.6175 8.4893
5.0685 1.608
3.112 5.729
4.7247 4.5067
4.1754 7.2488
7.4871 5.3065
5.181 8.3961
6.3592 6.1962
5.0498 8.4015
5.5391 6.8687
2.4205 3.683
7.3702 7.7697
5.1208 3.8117
4.6411 3.8192
5.426 4.4604
5.2342 5.0166
5.2673 2.3895
6.1957 6.9274
6.8929 4.6378
4.1315 6.1733
5.0441 6.6215
4.2043 1.4823
3.7584 7.3191
4.5834 5.3618
3.6261 5.6276
6.9336 4.1586
4.1096 3.4391
5.8149 3.033
6.861 6.5008
1.5372 1.8097
6.4788 4.5898
3.7558 4.831
8.8959 6.8563
5.3184 5.4771
4.0395 6.213
8.5488 5.4111
10.927 5.5364
5.0396 4.3508
7.817 8.7531
4.1418 2.3059
0.16687 1.407
4.478 1.2209
7.9101 6.7459
3.0849 3.5915
5.3236 5.4813
4.7023 6.5819
6.5096 6.3786
6.8112 3.045
6.3638 5.1968
7.1029 4.441
2.0549 4.2334
8.3696 7.4096
3.5859 3.3663
6.9852 5.5144
6.9106 8.1477
7.2795 2.7592
7.4468 5.5731
2.4282 4.3834
4.4262 2.7671
8.7581 6.3271
6.1989 4.3235
3.3539 1.8704
3.2802 -0.26618
4.5583 6.8702
4.4716 2.9648
9.57 10.533
9.5069 10.122
3.4215 5.6599
2.6684 4.4023
5.9778 2.6508
8.2952 6.6738
4.9459 5.7258
3.9211 4.1366
6.9139 5.651
5.2485 2.2486
7.0896 5.9878
4.31 7.6602
1.981 3.9154
6.3097 5.2122
6.8222 8.809
6.6597 4.9186
6.8432 7.3148
0.48391 3.2
2.9906 8.192
4.7154 6.5268
5.4587 2.5384
5.2592 7.8804
5.7072 3.0043
6.0382 7.0171
5.9328 6.278
5.7206 5.167
7.7039 6.0365
5.2764 5.5388
4.1023 6.1172
4.5387 4.9542
4.9276 7.8001
2.5598 2.2103
0.84444 3.4381
4.3102 5.1553
7.4367 4.5842
6.5638 6.1704
5.7726 4.2966
8.9287 7.567
6.3092 3.4417
8.1937 4.3199
3.1443 4.387
6.5498 5.4633
7.4232 3.8751
3.922 4.7672
4.3586 6.8677
6.6712 8.3915
6.6657 6.6424
4.7447 4.9215
3.7784 4.138
5.6532 4.0888
4.8676 7.2658
4.2996 5.6136
7.4632 8.2652
8.5542 5.9183
3.3033 5.3802
5.985 4.8648
