10 -7.2 148.99
0.8 -8.4 44.793
8 -5.2 84.667
-2 3.2 12.6
4.8 3.6 -3.3237
-8.4 -5.2 43.035
5.2 -8.4 97.017
-0.4 3.6 8.452
-1.2 5.6 21.065
5.2 -3.6 40.764
3.6 -0.8 14.353
7.2 5.2 17.808
-7.2 6.8 94.156
-2 -2.4 2.0503
-2.8 0.4 12.378
3.2 -7.2 52.829
-0.4 0.4 2.4447
6.4 2.8 9.1055
2.4 7.6 12.297
-2 -5.2 12.554
-8.8 -2.4 59.637
-4.8 2.4 39.318
-7.6 1.6 57.512
-4.4 -3.6 14.528
7.6 4 19.681
-8 10 151.61
1.7764e-015 4.8 7.6575
-3.2 -6 13.881
-1.2 -3.6 9.6888
8.8 4.4 17.449
6.8 -0.8 31.788
1.7764e-015 8.8 34.166
4 -8.4 69.76
-5.6 -4.8 33.697
-7.2 4.4 68.41
-3.6 -3.2 23.79
-0.4 -1.2 1.7276
-2 6 27.759
6.8 2.8 15.761
1.7764e-015 8 25.15
-8.4 6 107.75
-7.2 1.2 47.679
-0.4 7.2 5.1825
-3.6 -2.8 28.996
-6.4 5.6 82.397
2 2 3.4982
6.4 6 -2.562
9.6 -4.8 118.39
4 3.6 0.24578
-2.4 0.8 10.584
6 4.8 5.5299
-0.8 -5.2 19.234
-3.6 2 21.49
1.2 -8.4 44.235
1.6 1.2 -8.7438
2.4 -1.6 2.9991
7.6 -8.8 134.76
4.4 0.4 5.8015
5.6 7.6 -6.8535
-5.6 2.4 37.743
7.2 1.2 41.886
0.4 -1.6 1.6773
8.8 10 26.93
3.2 -4.8 32.1
-2 -7.2 24.99
-2.4 1.6 12.993
-1.6 -4 3.3834
1.7764e-015 2.4 5.6036
1.6 2.8 8.9159
7.2 2 20.809
0.4 -9.2 45.281
-1.2 -1.6 -2.7361
9.6 0.4 70.009
5.2 -9.6 97.701
-8 -4 44.294
-4.8 8.8 85.179
-2 1.7764e-015 11.199
5.6 5.6 5.5531
-4 9.6 71.687
5.6 1.2 14.25
-0.4 1.6 -6.4469
3.2 2.4 8.8039
-1.6 -3.6 -0.49713
-3.6 -4.4 7.2259
1.6 -2.8 2.3898
6.8 -8.4 120.92
7.2 6 16.584
0.8 -8.8 41.861
2.8 2.4 -6.5056
2.4 -4.4 26.488
4 -2 12.299
-5.2 -8.8 33.207
-1.2 4 13.156
-3.6 0.8 15.677
-9.2 -8 41.217
6.4 -9.6 125.2
-5.6 0.8 28.488
-1.6 -0.4 0.37375
10 5.2 37.501
0.8 -2 5.6673
-4.8 2 16.522
-3.2 10 66.062
-2 -4.8 16.12
6 -4.8 53.084
-8.4 1.6 80.649
7.2 -4.4 75.952
7.2 -5.2 81.795
-8.8 1.7764e-015 64.337
-6 -5.2 11.986
-3.6 4 33.921
-2.8 1.7764e-015 -2.2908
-3.6 -4.8 9.2706
7.2 -2 58.977
-2 -3.2 -0.65398
3.6 -2.8 19.676
5.6 -0.4 24.28
4.8 -6.4 55.737
5.2 -0.4 20.281
4.4 1.2 10.014
-6.4 -0.8 34
-4.4 10 87.344
-5.2 -8.4 25.038
6.8 -5.6 65.531
-7.6 -6.4 30.972
-5.2 -2 28.856
2 1.7764e-015 -1.8895
3.2 6.8 5.695
1.2 1.6 1.7415
-5.2 0.4 30.024
1.7764e-015 9.6 26.479
6.8 3.2 19.085
9.6 -6.8 139.39
8.4 -1.2 60.463
4.4 -5.2 45.609
-0.8 -3.2 2.564
-2.8 -1.2 -1.7115
9.6 -1.6 80.891
-3.6 8.8 61.74
5.2 -8.8 86.304
4 -8 73.892
-4 4.8 35.953
8.4 8 22.18
-4 2 22.006
-4.8 2.8 32.893
-7.2 -8.4 23.193
-6.8 8.4 108.25
2.8 5.2 3.5945
-4.8 9.6 93.541
-7.6 2 58.254
8.4 4.4 32.249
0.4 10 37.577
2 1.2 -13.72
-3.2 -5.6 17.884
1.6 2 -4.633
7.2 10 14.61
-4.4 2 20.488
-1.2 -6 23.198
2 4.4 6.6617
-4.4 9.6 88.388
-9.2 1.2 70.412
-9.6 1.2 94.273
-9.2 -2 62.115
4.8 6.4 -0.12074
4.8 -0.4 15.258
10 6.8 30.184
-7.6 7.6 119.34
4.4 -7.2 58.485
-8.8 6 116.68
1.7764e-015 -8.4 31.392
-2 7.6 32.102
1.7764e-015 10 39.707
4 1.2 13.784
5.2 5.2 2.0865
-6.4 -3.2 35.369
-8.4 2.4 84.043
6.8 -8.8 125.78
3.2 -2.4 9.9329
-9.2 -9.6 56.696
6 -5.2 71.449
2 4 -2.73
-5.6 -6.8 26.046
7.6 -4 77.343
8.8 -5.6 116.48
9.6 2 50.06
-8.8 -1.2 72.356
-2.4 2.4 9.1128
-3.6 -2 4.6476
1.6 -9.6 58.079
-4 -4 15.932
-8.8 9.6 162.01
-2.8 -4.8 -4.3639
2.8 6.8 2.0147
2.8 6.4 -3.6357
-7.6 -3.2 43.278
-6.4 8 95.674
-7.2 10 142.21
-1.6 8.4 33.523
-2 2.8 14.022
-8.8 2.8 90.859
-4 3.2 35.336
-6.4 -7.6 30.417
8.4 -3.6 72.726
-6.4 3.6 57.814
8.4 6 21.834
-6.8 -6.4 32.744
-6.4 -5.6 25.565
4 -4.8 42.5
-4.8 -3.6 24.303
7.2 -4 67.083
5.2 6.4 0.21649
0.4 -3.6 13.691
-9.6 -6 52.468
-1.6 -2 0.45831
8.4 4.8 27.877
-4.4 1.2 18.31
-0.8 2.4 4.5376
8.8 -4 93.125
5.6 3.6 12.795
4 6.4 8.9494
8.4 1.6 35.995
-8 -1.6 43.188
-6.8 1.2 39.837
-6.4 -1.6 28.316
-3.6 -6.4 15.807
3.6 -0.4 19.154
-6.8 -7.6 12.746
0.4 -5.2 15.017
8 6 28.991
-4.4 1.7764e-015 16.98
6 2.8 18.158
-7.2 -2.4 36.105
3.6 2 -5.8259
-5.6 -1.6 14.725
3.2 0.4 -3.3201
0.8 5.6 7.2969
-1.2 4.4 11.736
-5.6 -1.2 13.319
-9.6 4 116.45
3.6 1.7764e-015 9.4774
-3.2 7.2 51.564
5.6 4.4 4.1566
6.8 6.8 2.8242
-2.8 -0.4 12.152
-7.2 -8.8 43.453
9.6 5.2 30.183
3.6 6 8.3565
-5.2 -1.2 21.539
-0.4 -7.6 15.26
-8 3.2 74.741
-5.6 -0.8 16.363
-1.6 0.8 -1.9348
9.6 6 28.901
-6.8 6.8 97.814
10 -6.8 150.15
-2.4 -5.2 11.321
4 -6.4 45.009
-2.8 3.6 26.75
-9.2 -1.2 73.381
5.6 -2.8 28.111
-6 9.2 101.18
-9.2 -3.2 60.236
-1.6 0.4 6.221
6.8 -4.4 67.25
-7.2 -9.2 39.228
0.4 0.8 -1.0489
0.4 -6.4 27.368
-4.4 -7.2 10.558
2 6 10.219
6.4 2 23.431
-0.4 -5.2 16.223
-8 9.2 142.05
-1.2 2 0.10672
4.4 8 14.555
-4.4 -4.8 19.925
3.6 -9.6 77.254
0.4 0.4 -6.0077
3.2 1.7764e-015 6.7337
-5.2 10 89.173
4.4 4.8 3.2874
-4 8.4 64.904
-6 6 81.319
-3.2 3.2 18.215
-3.6 1.2 21.706
7.6 6.4 13.002
6 3.6 8.9723
1.2 -1.6 8.3806
-6.4 -8.4 36.707
2.4 7.2 2.2765
5.2 -2.4 39.508
7.6 -3.6 60.179
9.6 -8.8 166.52
-9.6 10 183.1
5.6 -6.8 74.008
8.4 2.8 34.934
9.2 -4.4 115.5
-2.4 -4 8.1964
2 -2 12
8.8 -5.2 100.75
9.2 0.4 58.472
-0.8 3.6 11.844
1.2 8.8 6.117
6.8 8 4.7724
4.4 6.4 -1.5901
-1.6 -2.4 0.93305
-2.4 -9.6 26.456
0.4 -6.8 36.781
5.6 -6 54.016
-7.2 3.2 72.739
-3.2 -4.4 0.54187
6 8.4 16.435
7.2 1.7764e-015 35.037
1.7764e-015 7.2 5.9805
1.2 3.2 -9.7988
-0.4 8 24.583
3.2 -5.6 43.977
2.4 4 3.8088
-6.8 -2.8 27.373
4.8 6 7.1893
4.8 -4.4 46.945
7.6 -2 55.447
1.6 -4.8 5.1625
3.6 -2 25.384
-9.6 -3.2 62.186
9.6 -2.8 80.948
5.2 -4.8 52.339
-1.2 7.2 22.422
3.2 -4.4 34.001
5.6 -1.6 39.607
7.6 0.4 41.004
6.8 4 13.42
-5.6 5.2 56.985
-4.4 9.2 77.38
-9.2 -0.4 64.834
-3.6 9.6 68.046
2.4 -7.2 52.369
-6 -8.4 27.702
-4.8 -0.8 22.711
0.8 1.2 -0.84284
7.2 -0.4 37.661
8 -6.4 104.1
4.8 -1.6 30.038
-4.4 -8 22.725
-9.2 4.4 110.12
-0.8 8.4 29.926
6.8 0.8 28.76
-2.8 5.2 45.071
-2.4 -2.4 14.376
-6 -6.4 19.033
-9.2 -8.8 54.127
-2.8 -8.8 30.711
-1.2 1.6 8.7355
1.6 5.6 4.6269
-4 -2 18.712
-3.2 -7.2 21.901
-1.2 6.4 18.809
-6.8 2 54.835
3.6 8.4 4.9587
8.8 -4.8 98.305
-8.8 -8.8 48.229
-9.2 4 115.34
-6 9.6 115.96
7.2 7.2 22.189
3.2 -9.2 77.18
-0.8 -7.2 13.718
-8 -5.2 35.307
-8.4 -4.4 36.659
-2 -7.6 23.066
-2.4 4.4 30.502
10 -5.2 119.88
2 -2.4 14.681
8 -3.6 77.009
-9.2 -5.2 55.341
2 6.4 12.547
-7.6 3.6 71.858
-8.4 -2 56.768
1.2 -0.8 -0.3151
9.2 2.4 43.529
-3.6 1.7764e-015 9.3727
-8.4 0.8 64.763
8.8 3.2 35.93
-2.8 -2.4 5.1167
8.8 -6 113.35
-9.6 -4.8 61.577
2.8 -4.4 24.882
-6.8 -0.8 41.423
6 4 13.684
1.7764e-015 -2 8.3941
0.4 6 0.49633
-2.8 0.8 19.576
-0.8 6.8 9.65
-5.6 -5.2 29.407
-2.4 3.6 20.9
-8.8 0.4 68.102
-6.8 9.6 122.13
10 -1.6 85.253
-9.6 9.6 188.44
8.8 8.4 20.706
-3.2 -6.4 27.88
-5.2 -8 29.499
3.2 -3.6 24.066
-0.8 -9.6 38.246
10 -0.4 73.069
-6.8 8.8 116.66
0.4 -8.8 30.615
-8.4 1.7764e-015 66.62
-5.6 -4 29.33
-4.8 6 60.479
-3.6 3.6 24.191
-8.4 -4 33.785
2 3.6 -1.2041
8.4 -5.6 111.52
8.4 -2 62.895
-5.2 -5.6 22.594
3.6 -6.8 49.552
-3.6 1.6 11.349
0.4 3.6 -2.8994
2.4 -0.8 4.7076
-6 -6.8 25.849
0.4 1.7764e-015 -5.874
-8.4 6.4 126.6
-9.2 7.2 135.74
8.4 -4 87.29
-4.4 8 70.009
-7.2 2 45.909
6 -0.4 22.568
6 1.6 9.0853
1.6 -9.2 47.142
-2 4 14.643
2.4 0.4 5.3741
-1.6 -1.6 5.313
1.2 -6.8 27.14
-9.2 1.7764e-015 65.402
-3.6 -6.8 7.2622
-4 10 71.424
-2.4 8 31.908
3.6 -8.4 62.378
-6 7.2 73.74
-4 -8.4 23.869
-4.4 2.8 27.072
5.2 8.8 -3.9645
2.8 8.4 -4.9731
-8.8 -2.8 52.831
3.6 -1.6 11.192
7.6 9.6 12.723
-9.6 -2.4 61.9
-5.2 4.4 52.63
10 6 34.77
-2 -6 14.112
-7.6 10 141.64
8.8 8.8 14.646
2 3.2 -7.627
-8.4 -3.6 37.243
-2.4 -1.2 1.2733
-7.6 8.4 123.85
-1.6 -8.8 15.391
-4 1.6 18.683
9.6 3.2 53.47
8.8 -0.4 60.027
3.2 -6.8 42.205
6 8.8 7.7338
3.6 -4 34.32
9.6 -1.2 91.49
1.2 6 12.379
-9.6 -2 67.258
2 -1.6 -0.45826
-7.2 -0.8 51.149
4 1.6 1.8483
-2.8 -1.6 6.3694
6 -3.2 52.783
-7.6 6 92.544
7.2 -9.2 123.14
9.6 -8.4 163.74
-3.6 5.2 28.572
-8.4 -8.8 43.4
-5.6 2 34.067
7.2 -6 78.871
-7.2 -9.6 33.677
3.6 -5.6 46.402
-8.8 2.4 95.743
6.4 10 10.665
-4.4 -6 29.18
-2.4 -7.2 19.319
-4 5.6 56.114
8 -0.8 59.252
-9.6 -3.6 65.843
8 2 29.705
1.2 7.6 4.3355
-6.4 -9.2 20.081
7.2 0.8 26.909
-7.2 2.8 69.277
8 5.6 8.7018
-2.4 4.8 11.147
-7.2 -7.2 28.733
-8.8 2 89.886
-6 0.8 37.952
-2 0.4 10.268
-8.4 -6 40.627
-4.8 4.4 41.613
-6 3.6 41.05
-6 -5.6 20.216
8 -7.2 124.61
-5.6 -2.4 28.754
-2 8.8 38.669
9.2 1.6 48.27
-9.6 2.8 107.72
-7.2 3.6 73.537
9.2 -9.2 157.42
-3.2 4 15.378
10 -2.4 85.234
9.2 -1.2 66.686
-8.4 -4.8 48.417
6.4 6.8 2.1763
-8 -6.4 44.839
8 9.2 26.88
-0.8 -7.6 20.451
0.8 3.6 -1.5965
1.2 10 30.86
1.6 1.6 3.2063
-8 -8.4 30.014
8 7.2 10.065
6.8 -5.2 71.129
6 -8.8 98.294
-5.2 1.7764e-015 21.215
6.8 6 2.7916
7.2 2.8 13.413
-9.6 6.4 131.79
3.6 9.6 15.332
-2 -5.6 4.6558
-9.2 6.4 138.85
1.6 4.8 3.8113
7.6 4.8 19.078
9.2 4.8 36.496
-9.2 -6.4 37.788
8 -8.4 125.05
-1.2 -9.2 40.707
1.7764e-015 2 -2.7539
6.4 4.8 -0.39851
9.6 8.4 28.607
-1.6 -8 29.244
0.8 6.8 3.4291
-3.2 7.6 41.702
6.8 -9.2 115.92
-2.8 2.8 16.094
-5.2 -6.8 24.846
8.4 -2.8 66.856
-1.6 -4.4 6.5812
-2 3.6 25.966
2 -4.4 19.381
-5.2 -7.6 9.1287
-2.4 -4.8 12.243
-4 4.4 42.651
-6 6.4 77.852
-9.6 -9.6 52.305
-4 -6.4 18.013
1.6 -1.6 -5.9862
1.6 4.4 -5.4385
7.6 -6.8 101.12
3.6 -6 38.358
5.2 2.8 12.689
2.4 5.2 -7.9403
-4 5.2 40.037
6 6 13.401
-6 -1.2 32.103
-2.4 -6.4 11.643
-2 0.8 4.6189
0.4 2.8 1.9376
-7.6 -4.4 31.432
-4.8 0.8 21.582
8 -2.8 62.934
-9.6 3.2 108.71
6.4 8.8 8.5402
-9.6 6 128.39
1.2 -9.6 55.418
-8.8 1.6 83.322
3.6 -8.8 62.233
10 4.8 39.18
2 -5.6 32.002
-7.2 8.8 115.98
10 9.6 26.293
7.2 3.6 25.24
6.4 -7.2 83.592
3.2 -0.8 8.5138
1.2 -3.6 9.8718
7.2 -7.2 106.66
3.2 6.4 -10.344
4.4 -2.4 32.945
-4.8 8.4 67.678
1.7764e-015 6.4 11.498
-8.8 7.2 131.96
2.8 10 11.283
-6 7.6 92.701
-8.4 6.8 121.47
-4 -1.6 13.964
-0.4 -8.4 24.366
-4.4 -6.8 30.401
4.8 -3.6 42.085
3.6 0.4 6.085
-3.2 8 52.254
3.2 0.8 2.4406
9.6 -3.6 98.408
-9.6 -8 68.096
1.7764e-015 -8 35.654
2 0.8 0.93612
-8.8 -1.6 54.494
3.2 -9.6 70.158
10 2.8 46.862
-0.8 0.4 -11.156
-2.4 9.2 47.284
7.6 10 26.796
-9.6 -6.8 56.031
0.4 -2 5.4047
7.6 5.2 20.023
6.8 -9.6 135.87
-4.4 -2.8 15.22
9.6 -9.2 184.15
5.2 -6.8 59.94
-5.6 -3.6 17.703
-1.6 -3.2 7.7765
1.2 -9.2 57.017
-5.2 2.8 33.498
8.8 6.8 24.621
-3.2 4.8 30.593
-5.2 -4 22.988
10 -2 99.363
-2 5.2 20.575
0.4 9.2 21.171
-9.2 8.4 158.34
-1.6 -6.4 18.473
-8 4 94.638
-6.8 2.8 63.186
-5.6 9.2 84.51
-8.8 -4.8 44.913
-2.8 -8.4 24.517
-8.4 -9.6 55.174
4.4 5.2 -4.2479
7.6 -2.4 54.578
7.2 -6.4 98.622
-0.4 5.2 11.026
7.6 2 34.611
1.6 -8.4 45.427
-5.2 8 78.11
4.4 4 -10.336
1.7764e-015 -0.8 -3.8155
-4.4 -0.4 10.678
-5.2 1.2 34.414
1.7764e-015 -6 17.89
-6.4 -4.4 22.208
6.8 -3.2 46.222
2.4 10 17.739
5.2 0.4 2.9555
6.8 5.2 3.1449
-1.2 -1.2 7.2025
9.2 -8.8 174.26
2.4 -6.4 39.381
2.8 4.4 -11.439
8.8 2.8 40.884
1.7764e-015 -1.2 -0.85841
3.2 -8.8 72.419
-4.4 -8.4 22.657
0.8 -6 19.541
-8 -3.2 39.345
-7.2 -4 22.546
-0.8 10 47.852
-6 -1.6 26.585
-8.4 1.2 68.067
8.8 5.6 29.689
8 -6.8 118.83
0.8 1.6 -0.96677
-9.2 5.2 126.53
-0.8 -0.8 5.536
-6 -7.2 12.386
0.8 -9.2 40.768
10 -8.4 173.37
8 -2.4 66.427
-4 -5.2 9.1313
3.2 -4 20.231
-7.6 -5.6 28.596
-0.8 8.8 26.353
4.4 -9.2 89.46
6.4 -6.4 82.133
9.2 -6.8 137.15
-7.2 -8 34.104
-3.6 9.2 64.501
-6.8 6.4 88.026
5.2 1.2 -1.5716
6 7.6 0.91714
-5.2 6.4 67.217
-1.2 -0.8 -6.8971
-9.6 0.8 88.199
7.6 2.4 37.328
-0.4 -0.4 -10.524
8.8 -8 151.67
-0.8 9.6 39.771
5.2 8.4 9.0938
-2.8 -5.2 -2.503
8.4 -9.6 160.46
8.4 3.6 33.114
4 2.8 -1.7427
0.4 2 -1.4541
-4.4 8.4 75.292
-3.2 6.8 43.762
0.8 8 10.855
2 -4.8 7.043
-5.6 -8.4 25.707
-2 6.4 28.538
-5.6 8.4 91.444
8.4 10 27.293
10 -4.8 109.85
4.8 -5.2 51.585
-0.8 -1.6 9.2909
5.2 -4.4 51.708
-6 0.4 36.922
2.8 -6.8 38.213
3.6 0.8 -0.40178
1.7764e-015 0.8 -5.922
-6.8 0.8 47.473
9.2 4 43.818
0.4 -9.6 47.157
-9.6 -4 66.239
7.6 1.7764e-015 46.251
-9.6 -1.6 77.718
-5.2 5.6 60.046
1.2 -2.4 1.9875
4.4 -0.4 5.5885
-6 -2.4 33.102
1.6 3.2 -2.9288
-0.4 -3.6 18.777
2 -3.6 11.719
1.6 -0.8 6.3521
-6 3.2 44.793
-2.4 1.2 27.029
10 1.2 54.442
-6 -4.8 22.603
1.6 7.2 10.905
7.6 -4.4 59.19
-0.4 6.4 20.674
-2.8 2.4 4.9153
5.6 2.4 20.209
1.2 -8.8 51.655
6.8 -4 62.317
4.8 9.6 15.411
4.8 -7.2 53.326
-1.2 -9.6 40.595
10 6.4 37.168
6.4 4 16.947
-4 -5.6 8.8057
-4.4 7.6 63.126
0.4 -7.6 24.768
-8 4.4 94.813
3.6 -1.2 13.99
-2.4 -8.8 24.976
6.8 8.4 9.861
5.6 -3.6 47.099
-9.2 -7.2 41.343
2 2.4 -2.5297
8 5.2 16.345
-2 7.2 29.597
6 2 17.997
8.4 -8.4 144.84
-5.6 1.2 38.93
-6.8 -8.4 29.105
-8.4 -1.6 54.323
-6.4 0.4 29.78
-8.8 -0.4 74.106
-1.6 -1.2 2.5136
-4 1.7764e-015 20.882
-4 8 65.945
7.6 -2.8 61.615
6 -6.4 72.979
0.8 6 3.6797
-8.4 -2.8 53.305
1.2 -7.6 28.603
-8.8 -5.6 47.647
-3.2 -7.6 15.859
6.4 -5.6 84.747
-0.8 1.2 -6.3395
-8.8 4.8 105.39
3.2 -2.8 17.335
4.4 7.2 -1.7381
-5.6 7.6 83.673
1.6 7.6 11.915
-9.6 7.6 162.56
-1.2 1.7764e-015 -4.7349
8.8 0.8 51.433
-2.4 6.8 40.354
0.8 4.8 3.7448
-1.6 3.6 18.072
1.7764e-015 -7.2 25.817
0.4 -3.2 8.9505
-2.4 7.2 31.229
-8.8 -7.2 34.805
-7.2 7.2 108.09
9.2 10 23.699
4 9.2 8.4269
-9.2 9.6 169.46
1.6 -3.6 5.3776
-5.6 4.8 55.344
4 2 13.251
-1.6 -4.8 14.237
-9.6 1.7764e-015 81.685
8.4 -6.4 123.14
4.8 -9.2 84.439
-7.2 -1.6 52.137
4.4 -8 81.874
1.6 3.6 -13.769
4 2.4 8.4117
-8.4 -0.4 59.034
-3.2 3.6 23.851
-7.6 6.8 117.65
-1.6 7.2 32.623
1.2 1.7764e-015 -2.4829
5.6 3.2 27.957
4 0.4 10.737
-0.8 -3.6 -2.4895
-4.8 -7.2 19.733
-0.4 -3.2 8.3789
-8 -2 56.446
2.4 -6.8 35.876
5.6 9.6 10.022
10 7.6 36.689
5.6 -7.2 74.489
-6.8 -2.4 27.764
3.2 4.8 4.461
1.6 -4.4 17.422
0.4 8.4 14.96
2.8 -0.4 2.5681
-7.6 -0.4 48.904
10 -7.6 160.83
0.8 2.4 -8.1378
6.8 4.4 13.77
3.6 3.6 2.3351
-6.8 7.2 90.097
2.4 -4.8 28.424
5.6 -5.2 71.911
-8 0.4 55.388
7.2 9.2 14.814
-8.4 2.8 69.839
4.4 3.6 3.1245
-2.8 8.8 41.038
-6.4 -6 18.248
-5.6 -7.6 31.728
4.8 -0.8 27.347
-8.4 9.2 151.69
-6 -7.6 23.624
4 5.6 8.2925
-6.4 9.6 112.28
7.2 -8.8 125.18
4.8 10 4.3556
9.2 -0.4 61.134
6 -6 73.761
-0.8 4 1.7808
1.6 -7.2 26.413
-8 7.6 125.58
-8.4 3.2 84.666
1.7764e-015 -4.8 10.281
-2 2 3.427
-7.6 -2.8 40.586
2 -0.8 -0.79176
-6.4 -6.8 27.271
-5.2 1.6 19.771
-8 -6 42.527
4 9.6 15.207
7.6 3.6 13.537
-0.4 2.8 1.1151
2.8 -5.2 22.852
-6 1.2 34.527
-7.2 1.7764e-015 36.13
-0.8 -4 10.272
9.6 -4.4 108.69
8 -2 63.013
-0.8 1.7764e-015 1.6327
5.2 6.8 25.393
7.6 8.8 9.3998
6.4 -6.8 88.058
-2.8 1.2 14.39
-4.4 3.2 19.748
-6.8 -7.2 28.713
4 0.8 14.394
5.6 -1.2 35.232
-3.6 7.6 37.962
5.6 0.8 26.708
0.4 -2.8 10.989
-6.8 8 114.18
-4.4 -2 15.571
4.4 -6 51.884
-4.8 -1.2 16.065
-9.6 2.4 99.16
2.4 -3.6 11.255
8 8 5.6529
3.2 4.4 -7.762
-8.8 10 169.16
2.4 8.8 8.2325
-9.6 -7.6 53.842
-5.2 -6 19.635
-1.2 -6.8 9.8961
8.4 -3.2 67.112
-2.4 -0.4 -0.10797
-8 -2.4 52.01
10 -9.6 184.78
7.6 7.6 9.7662
-6.4 9.2 103.29
-4.8 10 98.044
3.2 10 8.4187
2.4 2 -4.0503
-4.8 1.2 32.78
8.4 1.2 39.982
0.8 -2.8 14.711
-8.8 1.2 70.136
8.8 -4.4 105.68
8 8.8 15.961
0.4 7.6 24.032
4.8 -6 58.007
3.2 1.2 3.0075
-0.4 -6 17.045
7.2 6.8 15.707
2.8 -4 24.726
7.2 -3.2 64.921
-8.8 8.4 151.43
5.6 -7.6 83.652
-6.8 -4 22.781
6.8 7.2 5.0903
7.6 -0.8 52.737
-1.6 2.8 6.9441
2.4 -9.6 64.758
-9.6 6.8 148.12
6.8 -6.4 82.478
-4 3.6 26.813
-8 -3.6 34.62
6 5.2 9.8325
4.8 -8.8 83.987
7.6 -7.6 114.93
6.8 1.2 24.228
4.4 -4.4 38.752
4.4 -8.8 75.807
8.8 7.2 28.609
-8.8 0.8 71.058
-2 9.2 54.589
1.2 -3.2 20.019
7.6 7.2 8.9948
2.8 -4.8 23.32
9.2 5.6 27.464
8.8 4 29.554
0.4 1.2 -4.8526
-8.4 -5.6 40.798
-9.2 3.6 93.712
-9.6 2 96.757
-0.4 -5.6 29.095
-2.4 1.7764e-015 6.9876
7.2 1.6 24.824
4 -4 26.356
-8.8 -8.4 46.552
8 -8.8 131
7.6 -1.6 42.593
-9.2 -4.8 51.51
6.8 -1.2 47.714
7.2 6.4 11.657
3.2 -2 9.0956
-3.6 -9.6 25.346
6.4 -4.4 52.461
-1.6 -5.6 23.948
-6.8 -4.4 32.929
-3.6 -9.2 26.228
1.7764e-015 1.2 6.8986
2 -8 56.544
-5.2 -3.2 8.9034
4.4 -0.8 10.047
-5.2 -0.8 25.2
-0.4 -2.4 11.773
-9.2 6 123.55
-5.6 10 98.973
-8 5.6 97.071
-8 5.2 95.609
0.8 4.4 9.0452
6 -0.8 23.594
-1.2 5.2 14.922
-2 -8 15.852
2 -7.6 27.828
-6.4 1.6 36.679
-1.6 -7.2 17.789
-8.4 -0.8 56.168
10 7.2 29.24
1.2 0.8 -0.24015
-1.2 3.6 10.304
-5.2 -2.8 15.349
9.2 0.8 56.394
-4.8 -0.4 21.631
-7.6 -8.4 30.231
-5.6 6 63.526
-1.6 -9.6 38.284
-6.4 4 59.105
-8.8 9.2 162.39
-2 -2.8 13.668
-4 0.4 25.872
-2.4 8.4 45.165
-2.4 -5.6 14.616
5.2 1.6 4.8616
-2.4 -4.4 10.695
-1.2 8.8 28.052
7.6 -6 102.82
2.4 8.4 15.275
