10 -7.2 148.99
0.8 -8.4 44.793
8 -5.2 84.667
-2 3.2 12.6
4.8 3.6 -3.3237
-8.4 -5.2 43.035
5.2 -8.4 97.017
-0.4 3.6 8.452
-1.2 5.6 21.065
5.2 -3.6 40.764
3.6 -0.8 14.353
7.2 5.2 17.808
-7.2 6.8 94.156
-2 -2.4 2.0503
-2.8 0.4 12.378
3.2 -7.2 52.829
-0.4 0.4 2.4447
6.4 2.8 9.1055
2.4 7.6 12.297
-2 -5.2 12.554
-8.8 -2.4 59.637
-4.8 2.4 39.318
-7.6 1.6 57.512
-4.4 -3.6 14.528
7.6 4 19.681
-8 10 151.61
1.7764e-015 4.8 7.6575
-3.2 -6 13.881
-1.2 -3.6 9.6888
8.8 4.4 17.449
6.8 -0.8 31.788
1.7764e-015 8.8 34.166
4 -8.4 69.76
-5.6 -4.8 33.697
-7.2 4.4 68.41
-3.6 -3.2 23.79
-0.4 -1.2 1.7276
-2 6 27.759
6.8 2.8 15.761
1.7764e-015 8 25.15
-8.4 6 107.75
-7.2 1.2 47.679
-0.4 7.2 5.1825
-3.6 -2.8 28.996
-6.4 5.6 82.397
2 2 3.4982
6.4 6 -2.562
9.6 -4.8 118.39
4 3.6 0.24578
-2.4 0.8 10.584
6 4.8 5.5299
-0.8 -5.2 19.234
-3.6 2 21.49
1.2 -8.4 44.235
1.6 1.2 -8.7438
2.4 -1.6 2.9991
7.6 -8.8 134.76
4.4 0.4 5.8015
5.6 7.6 -6.8535
-5.6 2.4 37.743
7.2 1.2 41.886
0.4 -1.6 1.6773
8.8 10 26.93
3.2 -4.8 32.1
-2 -7.2 24.99
-2.4 1.6 12.993
-1.6 -4 3.3834
1.7764e-015 2.4 5.6036
1.6 2.8 8.9159
7.2 2 20.809
0.4 -9.2 45.281
-1.2 -1.6 -2.7361
9.6 0.4 70.009
5.2 -9.6 97.701
-8 -4 44.294
-4.8 8.8 85.179
-2 1.7764e-015 11.199
5.6 5.6 5.5531
-4 9.6 71.687
5.6 1.2 14.25
-0.4 1.6 -6.4469
3.2 2.4 8.8039
-1.6 -3.6 -0.49713
-3.6 -4.4 7.2259
1.6 -2.8 2.3898
6.8 -8.4 120.92
7.2 6 16.584
0.8 -8.8 41.861
2.8 2.4 -6.5056
2.4 -4.4 26.488
4 -2 12.299
-5.2 -8.8 33.207
-1.2 4 13.156
-3.6 0.8 15.677
-9.2 -8 41.217
6.4 -9.6 125.2
-5.6 0.8 28.488
-1.6 -0.4 0.37375
10 5.2 37.501
0.8 -2 5.6673
