3.8608 -1.5769
3.8855 -1.8316
8.0509 -1.047
5.7834 -0.56256
5.1785 -0.78331
6.741 -1.1559
4.7266 0.22082
5.0318 -0.16668
4.8494 -0.9585
5.9765 1.6543
6.3986 -0.81559
4.7358 -0.43097
2.3832 -3.3118
6.2982 -1.252
5.3638 -0.69579
5.4737 0.53853
1.705 -2.6579
4.7983 1.5792
2.4818 -2.4939
7.4888 -0.45421
3.501 -1.9022
6.7555 -0.30182
9.0463 2.819
0.66694 -2.4831
7.5661 -0.68467
7.7769 -0.47178
2.105 -0.050579
6.5539 -0.85608
7.0744 1.4422
3.9391 -1.1997
2.1369 -0.70598
1.8365 -1.2645
2.9079 -2.8253
6.7351 1.642
7.6403 0.0031119
3.5874 -0.11459
8.0564 2.1145
3.4288 -2.7505
2.3508 -3.1474
7.4471 -0.29164
6.7227 0.32258
6.6521 -0.69463
7.147 -0.041375
3.4019 -2.2846
4.4691 -1.0033
5.4942 -1.9415
7.4929 0.72975
0.75491 -3.0162
5.0779 -0.85732
2.8056 -1.6292
3.1547 -2.7772
4.2211 -0.85647
5.6068 -2.7496
5.6487 -0.79169
5.8114 -0.5426
4.1839 -2.9559
4.9635 -2.3132
6.8481 -0.077828
3.7667 -0.51532
5.3294 -0.83083
7.7358 -0.53505
2.6851 -1.0883
6.5993 -1.9079
6.4321 -0.75522
3.5014 -4.7651
4.5059 -0.51536
4.1331 -1.7346
7.1131 -1.7726
4.7404 -0.34833
1.6664 -3.2527
9.4505 1.8727
5.2191 -0.30718
7.3017 0.15513
0.9042 -1.0173
5.5831 -2.9193
6.063 -0.021276
5.0208 -1.468
1.7334 -3.5221
9.1542 -0.66002
1.844 -2.5256
2.8881 -1.8253
3.5607 -0.58223
9.6788 -1.7341
4.9037 -2.8733
2.1331 -2.3647
1.8116 -3.1725
2.977 -2.7169
5.0938 0.16783
4.3312 -0.27498
2.7081 -0.21173
3.7715 -0.79432
5.4702 0.0837
7.7216 -0.58091
5.6122 0.29877
5.7594 -3.3
5.1865 0.69318
4.5312 -0.50235
5.3329 0.93661
3.221 -0.78587
8.5096 -0.023858
4.3441 -1.5673
3.4555 -2.5731
6.3824 -1.0186
6.9264 1.3206
6.0568 0.1112
4.4255 -1.8405
5.9253 -1.8137
4.5632 -0.13342
6.9216 0.026689
5.1761 0.23326
5.8655 1.5661
6.0422 -2.3828
3.676 -2.4996
-1.3233 -3.9296
5.8443 -0.21984
3.0373 -0.099232
1.4844 0.25234
6.673 -1.4652
3.9543 -3.589
-5.0011 -4.789
3.4737 -1.2219
8.214 -0.24634
5.5303 -0.044043
5.513 -0.40405
3.5077 -1.903
4.3618 -0.37834
6.8739 -0.6495
6.3185 0.57465
5.1464 -1.8562
4.5731 -0.90722
4.2806 -0.48319
1.4395 -3.101
2.246 -2.1229
7.9097 0.39194
1.2244 -4.2959
5.4165 -1.1258
5.1719 -2.0616
6.6721 -1.6976
7.4276 -1.6836
4.3517 -4.1669
6.5511 -1.1148
6.1501 0.24391
6.8958 -1.2014
2.2056 -3.0696
-0.32851 -0.67309
8.0437 0.83809
0.70636 -4.4992
6.2645 -2.2161
7.7842 -0.091442
3.2697 -1.8512
4.2524 -1.8837
8.0343 -1.1877
5.1513 -2.314
4.4148 -1.293
5.3302 -0.59741
5.4741 -2.1036
4.8514 0.087341
10.34 2.8813
3.9272 -0.60328
4.4306 0.36308
6.3516 -0.63255
0.99436 -3.1709
6.293 -0.64088
5.6319 -0.54483
4.2278 -1.0383
6.0468 -0.82926
2.0294 -1.9322
5.9715 -0.11751
5.8088 -3.3164
4.497 -1.1732
3.6141 -0.26082
5.3692 -1.5804
6.8632 -0.3474
9.4035 0.92847
4.6323 -2.2308
5.1303 -0.026881
4.4982 -0.83318
6.6887 1.0579
3.7243 -0.98759
5.7178 0.045072
5.2752 -1.1769
3.2099 -2.0204
4.7492 -1.5473
6.0321 -1.2014
7.522 -0.3806
7.8299 0.77121
4.9733 -2.2775
2.3584 -0.10133
4.7863 0.057666
3.815 -1.9009
5.0838 -0.28852
6.5958 -0.60802
4.2579 -0.8887
3.4099 -3.6638
3.8902 -0.36919
4.4031 -0.54432
5.5874 0.15125
7.26 -0.26008
9.4431 0.80859
3.5369 0.48946
2.5243 -2.7971
6.2817 0.16921
5.4286 -0.1306
4.913 0.60059
8.2464 0.12618
-0.42865 -4.9832
6.4836 -1.832
9.8891 3.5505
4.3828 0.40487
4.2092 -1.9774
1.5934 -1.093
5.1523 -2.613
6.2015 -0.18651
1.6596 -3.1289
7.8804 0.46215
5.623 0.76809
7.2559 -0.19408
0.31437 -2.4401
8.3645 1.0188
7.7518 -1.4122
1.2749 -1.4526
9.1162 2.6838
7.0709 -0.4453
4.8637 -0.95477
6.7229 0.86593
6.8639 0.14821
6.5609 -2.1546
8.8384 0.5806
5.2493 1.2775
3.5366 -2.2975
8.0732 0.59522
3.5681 -3.313
3.3191 -1.6158
5.9959 -1.1359
3.6164 -1.6171
5.4568 -1.7061
8.283 0.66784
5.4391 0.68318
4.2415 -2.3075
0.85688 -3.962
2.2523 -1.3727
3.5813 -0.86281
0.45264 -2.7262
4.902 -2.6234
3.5603 -2.8696
4.4008 -2.6748
3.4156 -2.5592
7.0663 -1.3172
-0.055432 -3.9013
2.8771 -1.7792
