3.6901 7.7282
7.0696 6.8873
6.9138 6.8858
7.8147 6.0687
9.5572 4.6694
3.402 5.8034
9.1776 8.5878
6.4921 8.5365
6.845 8.4937
8.0983 9.5859
4.7115 7.0878
8.2143 11.446
9.9946 8.0079
6.826 8.0882
8.4719 10.559
7.8469 10.94
8.5418 6.5067
9.3049 8.5306
11.404 9.332
8.2656 10.828
3.7336 5.7576
10.519 8.5684
6.8034 9.6266
5.8409 7.1603
8.8849 10.509
7.505 8.2576
8.3197 8.0765
2.9019 3.3516
10.857 5.9583
7.4519 6.7178
6.4865 6.3055
7.1713 6.6676
7.0933 8.5371
8.5614 8.6581
6.1752 3.5585
8.3992 8.8025
6.4241 7.4681
7.7219 8.9811
6.9682 7.7672
10.795 10.262
9.2149 7.7841
7.3884 9.395
10.666 6.1803
9.6074 5.9275
12.503 8.4882
7.0883 6.6227
6.4147 5.0885
9.9526 7.3692
8.0056 9.8018
8.5973 10.696
4.4958 8.0993
8.9662 8.2644
7.7457 6.8619
9.3258 6.6596
9.9808 7.5065
10.019 7.2942
9.7134 8.2449
8.7967 9.6022
7.1912 7.2188
6.1394 6.6831
11.802 7.2759
6.0203 6.9876
7.9757 5.5521
5.5555 9.1916
9.6474 5.4833
11.273 6.2122
4.8636 5.1409
11.217 7.0836
7.84 7.5147
7.2762 7.7492
6.1819 8.5659
8.1729 6.5521
5.4371 6.6132
6.5779 6.3088
11.401 6.6604
4.512 7.9664
10.266 8.067
8.3961 5.2324
8.4466 7.3057
7.1056 8.0315
10.855 8.8891
6.4691 8.5102
7.6379 7.5478
8.9688 8.4524
5.4356 9.423
6.1656 6.8698
4.9621 8.235
3.2694 6.4048
11.701 8.3783
9.4875 8.5787
8.8458 7.1755
8.0984 5.5686
4.9571 8.8418
3.6882 7.4314
7.3202 8.0704
8.4129 6.2975
10.704 9.7791
5.5561 9.0366
7.3504 5.9913
7.9287 9.4715
4.1645 5.1411
7.1889 11.025
9.237 8.371
5.9651 7.3154
7.4566 9.1908
7.9549 8.4436
6.9568 8.2313
11.279 7.0371
5.7178 9.0078
6.3456 5.7191
1.8018 7.7621
9.0648 7.8687
9.5448 6.3881
6.6448 4.0187
7.7798 6.7735
7.5938 5.7209
8.0468 10.45
8.2564 9.5572
7.6202 5.1559
6.0022 4.8659
7.756 9.0846
5.4188 6.2942
4.5665 6.0545
8.3266 6.9303
8.3547 7.2962
3.5294 7.9952
7.567 7.7852
6.3216 8.228
8.0678 8.36
4.1018 3.282
0.63858 7.3739
6.0146 8.7822
4.9617 5.5591
7.6544 8.7071
9.8811 10.405
9.945 7.2965
6.0467 8.8977
10.379 7.4947
8.2074 5.1554
9.59 7.6604
6.4291 4.2129
9.5992 9.2675
8.2296 7.8073
9.7552 8.2549
8.0541 8.9958
8.7913 7.6618
2.8856 5.1942
8.104 7.7237
7.8095 8.2911
12.058 8.7555
6.5968 6.6232
11.617 7.2177
7.6722 5.6869
4.6123 7.2082
11.931 10.133
7.9275 9.6226
12.188 8.2724
9.9075 6.9945
4.8874 4.7614
5.2832 4.3663
5.8497 10.215
10.365 11.085
9.2176 8.1386
11.649 6.763
8.3114 8.4657
7.3087 5.8324
7.2531 6.6621
4.8899 9.1899
10.394 6.2111
7.8385 12.74
5.6769 7.4634
10.585 9.0004
6.7088 5.3758
5.7642 6.458
8.75 8.0077
6.211 6.8403
6.9905 5.7065
7.7557 6.0084
5.2031 4.3564
7.8952 6.3409
8.9694 6.6791
6.6166 7.0016
9.0736 7.2495
6.7331 8.8078
5.9565 7.4945
8.0835 7.2793
10.016 6.3805
3.7404 5.6988
3.6035 7.2884
9.5929 6.9317
10.726 7.6379
5.6699 8.3904
6.6753 7.1984
8.8347 7.6739
8.6444 8.7193
8.6008 5.7037
3.7915 7.9215
7.4236 7.1168
6.0754 6.2054
10.685 9.2176
8.4419 8.7796
6.4476 8.6489
11.606 9.5587
4.9002 7.116
14.256 9.1504
0.89284 5.7767
6.4076 5.3548
3.5573 8.0033
10.242 9.0912
4.7474 5.4849
11.713 7.6509
6.3854 5.231
3.113 6.4954
6.5696 5.0036
6.2714 9.0308
9.1971 8.0992
8.7156 4.3851
6.9267 7.781
7.8278 10.902
7.5101 9.5678
13.525 11.446
4.6806 7.2643
2.2106 4.9666
5.7821 9.1296
5.9546 6.2974
10.611 8.9941
6.3065 7.8007
7.2209 7.6514
10.641 10.274
5.2134 4.6695
6.1816 6.9694
8.4984 7.8277
6.733 6.5236
7.7052 6.2506
8.3982 8.2377
8.3781 8.0989
7.8467 8.2883
9.1813 8.3958
6.4865 6.2506
2.1387 5.6693
6.0476 10.142
8.3064 7.6557
6.3989 5.2717
9.0244 9.9059
8.8489 7.6518
8.7225 6.1487
8.8989 8.1994
3.6672 6.3136
5.8554 4.7654
6.0141 5.8723
