10.915 -4.2189
11.935 -5.2299
8.1921 -5.4221
8.6276 -4.8187
10.319 -8.1323
7.721 -5.1305
8.6206 -3.8171
7.4681 -4.4318
6.5629 -2.3782
8.6304 -5.8267
9.4058 -5.8933
10.212 -6.095
11.847 -7.9654
6.4683 -5.4506
10.274 -4.1431
8.7482 -5.8822
8.4125 -4.2403
10.373 -5.5882
9.2492 -5.9921
7.3258 -4.7106
9.1963 -4.9233
5.9473 -3.585
7.8013 -8.5108
9.3748 -4.0741
9.1993 -4.6405
8.7242 -5.4884
7.5255 -7.4993
7.8944 -5.0838
9.535 -6.5641
10.416 -2.6155
7.9229 -5.701
9.5539 -5.7023
8.2961 -5.4092
11.454 -4.962
10.424 -7.8136
9.8106 -5.6751
9.3608 -4.2656
7.9547 -3.8561
6.3629 -3.8096
7.8994 -5.2419
6.517 -5.7862
8.2739 -5.6955
10.376 -5.9647
6.3796 -5.7083
9.4451 -6.1199
9.2731 -3.9876
8.7157 -4.4229
8.1956 -3.4549
8.504 -2.1142
6.2872 -3.4811
7.7355 -4.4928
11.933 -3.9185
8.191 -5.8142
8.734 -6.411
10.48 -7.3197
10.009 -6.7553
11.354 -2.6004
11.124 -4.4483
9.8233 -7.6722
8.3733 -5.6446
11.246 -6.002
9.6829 -6.1625
9.3298 -3.6009
9.7062 -5.9219
11.417 -5.2243
7.8685 -4.5065
9.9677 -2.9106
9.9069 -6.5408
8.2732 0.59386
9.3125 -5.2693
9.8448 -6.7111
10.016 -4.514
7.7845 -5.0522
8.51 -5.9657
6.9037 -5.1001
6.5009 -3.9104
8.7273 -6.5132
7.4927 -4.4648
12.8 -4.4482
12.794 -6.5253
6.7519 -2.7187
9.717 -4.2016
13.16 -7.3405
9.8949 -6.9705
9.7874 -5.6816
7.6953 -4.691
8.7829 -4.1425
8.5095 -5.845
8.3749 -5.2737
12.498 -4.9481
11.313 -6.4352
10.554 -6.9136
10.868 -4.8199
5.2905 -3.8844
9.8098 -9.2795
8.5689 -2.9734
3.6841 -3.3086
8.8489 -6.0073
8.9176 -6.3682
5.8191 -6.1234
6.8245 -4.5351
10.584 -5.242
10.757 -6.0883
12.289 -5.5028
9.2945 -4.7862
7.0768 -6.3133
8.3414 -5.0301
5.6107 -4.8778
10.836 -4.7109
11.77 -6.1064
8.8791 -6.4556
9.1782 -3.4387
10.574 -4.2564
11.082 -4.466
8.8435 -1.9592
10.219 -3.7775
11.322 -2.7017
10.456 -6.1211
12.385 -5.4956
5.0384 -4.5347
5.8304 -6.1082
8.2146 -3.5984
8.8065 -5.9832
9.0108 -4.34
5.6365 -7.1459
11.314 -6.3569
9.1912 -7.0897
10.077 -5.3755
5.8822 -3.7569
9.3187 -3.8989
6.2737 -3.9135
8.4324 -3.0265
5.1534 -2.9112
7.5601 -6.4974
9.3762 -5.8442
8.7505 -3.1259
7.7254 -4.3193
11.575 -4.7237
10.539 -4.7396
8.1484 -7.4957
9.3699 -4.2278
8.0392 -4.8485
10.049 -6.411
9.0486 -4.92
10.97 -3.9624
7.1205 -3.845
7.307 -6.2283
8.0786 -9.6492
10.143 -6.2203
8.7596 -3.3384
7.284 -5.2399
6.2403 -3.6657
7.8609 -2.3068
6.0632 -4.6361
8.3437 -5.7502
9.2891 -4.053
12.149 -3.5857
7.5134 -7.1343
9.5845 -4.2733
10.687 -4.0988
7.0005 -4.5831
9.4459 -7.4415
4.9107 -3.3453
11.474 -2.5675
7.6217 -3.2552
6.1339 -3.5866
9.2659 -4.3333
12.687 -3.2173
11.022 -7.0499
8.2251 -4.8073
10.776 -7.9725
5.4943 -3.8584
9.0898 -6.3174
8.6196 -2.0662
10.227 -4.7181
8.2825 -4.5203
10.862 -4.2443
7.2321 -4.4523
9.8621 -4.3695
8.786 -5.6352
12.533 -3.9646
10.533 -7.2798
8.0262 -5.1351
8.3003 -6.3817
11.175 -7.6328
9.4974 -6.1546
9.9207 -2.4327
11.39 -5.5991
9.6776 -2.9379
7.5434 -1.7028
12.04 -1.5158
6.2593 -3.2653
10.313 -5.023
9.2885 -5.2884
9.3567 -0.33234
7.3153 -8.037
8.3561 -3.745
11.046 -4.8699
9.8427 -2.2168
9.7444 -5.1704
9.3942 -5.056
7.7419 -3.9855
8.5278 -5.3451
8.1006 -5.0936
7.818 -7.5521
8.8115 -4.9277
10.798 -4.1956
9.096 -3.8681
10.329 -5.7139
6.1828 -6.2337
8.1674 -8.3013
4.8619 -6.8952
8.1049 -6.4678
8.7743 -4.7958
11.461 -5.7351
9.8309 -4.7803
10.106 -5.0604
9.0391 -7.2665
8.8766 -6.4354
9.2054 -4.5423
11.092 -4.9533
9.6557 -5.642
8.5864 -5.2664
9.4429 -5.0305
11.133 -4.1988
11.133 -5.5764
7.7507 -2.9311
6.5817 -4.3723
6.3687 -3.4429
11.072 -5.9743
8.8179 -6.0111
11.178 -6.0567
10.823 -5.0653
8.0388 -5.2809
9.0174 -2.4039
7.3136 -2.654
7.0835 -8.0935
12.204 -7.1062
9.9095 -4.997
6.3551 -2.6236
9.4022 -4.6102
7.1885 -4.6558
8.4864 -4.3773
9.4051 -5.2518
9.8802 -3.9518
7.2881 -4.9404
9.6083 -4.9282
10.741 -6.9112
7.8821 -5.7514
9.1443 -3.9727
