0.71608 -1.125
-1.1495 -0.66819
-0.73357 -0.97519
-0.81097 -1.074
1.1173 -0.46679
0.91372 -1.0255
-1.2637 -0.61445
-1.298 -0.1393
1.054 -0.79662
1.1184 -0.87138
-0.33702 -1.3449
1.0056 -0.66085
-0.5048 -1.2252
-0.16357 -1.1644
1.2186 -0.037012
1.0905 -0.63401
-0.56231 -1.362
-0.64957 -1.1356
-0.87063 -0.91681
1.1751 -0.20364
-0.63271 -1.0212
-1.2167 -0.75192
-0.44513 -1.1187
-1.2987 -0.010395
0.49702 -1.2839
1.2527 -0.20247
-1.2668 -0.28681
1.0439 -0.7965
0.79393 -0.94418
-1.236 -0.14221
0.058642 -1.1612
1.3247 -0.36641
-0.083196 -1.1496
-0.15131 -1.3157
1.3098 -0.53607
-0.18222 -1.2313
-0.34589 -1.4085
1.206 -0.23495
1.008 -1.0091
1.0854 -0.74895
1.1362 -0.55385
1.4636 -0.12994
1.2768 -0.18349
1.1338 -0.67481
-0.65472 -1.3223
1.4405 -0.32434
-0.51421 -1.096
1.3907 -0.46775
-0.11486 -1.3012
1.0739 -0.83281
-0.82395 -0.84777
0.48797 -1.2615
0.92984 -1.1269
-0.39402 -1.2614
0.28307 -1.1327
0.87162 -0.8092
-1.0041 -0.60811
-0.005235 -1.2599
-0.82645 -0.86062
-0.40315 -1.3679
-1.0969 -0.69124
-1.0985 -0.36562
1.1327 -0.56865
1.1734 -0.008698
-0.98528 -0.62123
0.85387 -0.99924
-1.4267 -0.14794
1.2647 -0.50447
1.4422 -0.32594
0.76861 -0.97348
-0.324 -1.2509
-1.1243 -0.46217
0.82827 -1.1107
-0.089002 -1.2048
-0.56634 -1.1739
0.33399 -1.3771
-0.7647 -0.88866
1.05 -0.94195
-1.1751 -0.3795
-0.67608 -1.1978
-0.27683 -1.3809
1.1048 -0.96428
1.1034 -0.59966
0.44026 -1.1706
1.371 -0.34715
-1.473 -0.17061
1.1591 -0.22322
0.99608 -0.8809
-0.72295 -1.2967
-1.2739 -0.21111
-0.79464 -1.1203
0.6606 -1.3142
-0.47323 -1.2252
0.011955 -1.2971
1.3722 -0.40371
1.132 -0.57088
-0.41206 -1.0858
-0.30629 -1.1845
1.0462 -0.5773
0.79435 -0.99682
-1.3498 -0.4375
-0.39593 -1.3886
1.408 -0.18584
-1.0231 -0.80371
-0.94066 -0.78671
0.27267 -1.4019
-0.89084 -1.0055
0.56348 -1.1004
0.21829 -1.1832
1.2353 -0.24
-1.0976 -0.77522
0.4435 -1.3042
1.3181 -0.64284
0.94392 -0.80669
1.132 -0.75027
0.77193 -0.9719
-0.023063 -1.303
-0.55134 -1.2109
-0.072293 -1.3537
0.41592 -1.3538
-0.83905 -0.89043
-1.3212 -0.70486
0.68884 -1.2251
-0.39828 -1.4441
0.69305 -1.1627
1.2131 -0.42037
0.75813 -0.88827
0.71097 -1.3132
-1.019 -0.88272
0.52092 -1.394
-0.37222 -1.097
-0.47274 -1.3855
-1.3952 -0.004612
-0.39204 -1.4269
-0.87767 -0.91562
1.3578 -0.1886
-1.0367 -0.73669
-0.76537 -0.94073
0.29755 -1.1341
-0.64719 -1.0372
-0.70541 -0.98603
-1.0702 -0.77875
-1.1009 -0.92226
-1.1485 -0.31192
-0.8919 -0.87413
0.74205 -0.92039
-1.1289 -0.53602
1.3112 -0.69189
-0.13215 -1.4331
1.0774 -0.99053
-0.4765 -1.2388
0.96864 -0.87773
-1.2627 -0.4855
1.1058 -1.0134
0.31864 -1.1133
1.0015 -0.64928
-0.93334 -1.0828
-1.3962 -0.19117
0.6853 -1.3156
1.2041 -0.19699
-1.3175 -0.18189
-1.3333 -0.39427
-0.50562 -1.401
-0.98829 -0.8832
-1.1702 -0.21007
0.77374 -0.87586
0.11925 -1.23
-1.0769 -0.47408
0.57319 -1.0311
-0.478 -1.3502
0.61577 -1.0099
-1.1757 -0.30245
0.24299 -1.1659
-1.3256 -0.28237
-1.3212 -0.02705
0.72423 -1.1277
0.50857 -1.2247
-1.0293 -0.73969
0.65344 -1.3047
1.2249 -0.46961
-0.40431 -1.4026
-0.67823 -1.1133
-0.2758 -1.2852
-0.55988 -1.3784
1.3872 -0.26196
-1.1942 -0.7379
-1.1772 -0.10506
-1.3172 -0.37189
-0.19738 -1.4755
0.35836 -1.2211
-1.3262 -0.021039
-0.52945 -1.076
-0.23185 -1.4239
1.0028 -0.59859
-0.43095 -1.3932
1.1775 -0.60299
-1.0016 -0.70578
-1.113 -0.74178
-1.3283 -0.66643
-0.96422 -0.64143
-0.27416 -1.3652
-1.2027 -0.80385
-0.50931 -1.332
-1.068 -0.70739
-1.398 -0.022069
-1.0713 -0.83702
0.054794 -1.4414
-1.0823 -0.8233
0.57099 -1.018
-0.41374 -1.2977
-0.50213 -1.3976
-1.1178 -0.39954
0.65069 -1.0874
-1.3116 -0.57563
0.95237 -1.1366
-1.0204 -0.95229
0.93184 -1.1288
-1.1533 -0.90354
0.49474 -1.3566
-1.0302 -0.53281
0.16309 -1.1718
1.1306 -0.92185
0.10222 -1.4453
-0.62062 -1.0799
1.1802 -0.70165
-1.0742 -0.66938
1.1282 -0.27945
1.0785 -0.84573
-0.18587 -1.394
-1.055 -0.97061
-1.358 -0.15572
1.2526 -0.78204
-0.49122 -1.0489
-0.70186 -1.0376
-1.4509 -0.20829
-0.96394 -0.7559
1.4904 -0.021911
1.129 -0.61215
0.855 -0.97798
0.83405 -1.21
0.37972 -1.2288
-0.70485 -0.9878
0.5599 -1.2139
1.3108 -0.32016
-0.19017 -1.2762
0.57704 -1.3078
1.3067 -0.1481
0.54671 -1.1038
1.0503 -0.52697
-1.2952 -0.47996
