15.18 -10.865
13.906 -13.256
14.341 -14.631
12.062 -10.942
13.358 -6.3129
13.565 -9.6208
15.16 -9.8443
14.067 -5.146
12.817 -7.7339
15.29 -10.66
13.96 -7.649
14.747 -9.2485
13.372 -8.2996
12.657 -8.7787
13.382 -10.653
14.742 -5.8833
13.051 -11.314
13.9 -11.079
14.464 -9.9098
13.883 -9.1425
13.817 -9.9996
13.954 -9.5502
12.428 -5.8781
15.028 -13.468
14.399 -8.4084
14.032 -10.203
13.425 -11.545
15.562 -10.564
14.782 -8.1255
15.285 -8.2337
16.233 -12.479
14.795 -4.9825
13.087 -9.8131
14.872 -10.335
12.653 -11.217
12.737 -8.1222
13.385 -6.1667
14.584 -13.589
14.172 -2.702
14.672 -8.8015
13 -6.4898
13.346 -12.249
13.981 -13.698
12.853 -9.9203
13.609 -11.168
15.898 -8.0651
16.597 -11.281
12.469 -10.077
13.958 -12.884
14.107 -10.622
13.218 -9.8561
12.595 -12.608
14.578 -9.7616
13.529 -12.234
13.665 -11.848
14.781 -5.9793
13.949 -9.7752
13.167 -12.104
13.944 -4.6203
13.936 -12.727
13.909 -10.743
14.717 -5.9847
14.074 -8.3945
14.304 -10.722
13.781 -13.413
16.73 -7.8186
13.94 -7.4218
14.927 -13.179
16.068 -5.1765
13.543 -5.0277
15.467 -10.264
16.226 -6.6935
13.496 -10.116
11.97 -7.1122
14.853 -12.777
15.613 -11.274
15.146 -11.608
12.78 -13.078
13.825 -6.6786
13.928 -10.776
14.247 -11.573
12.829 -9.8915
14.037 -9.6805
14.012 -8.0271
14.399 -11.606
11.8 -8.3111
14.578 -9.9385
14.738 -6.7675
12.675 -10.742
13.382 -10.999
16.47 -10.599
11.851 -9.5646
13.642 -12.295
13.319 -9.8599
14.238 -11.325
14.378 -13.313
14.13 -7.4591
14.09 -11.651
13.605 -7.0551
11.962 -9.2008
13.801 -1.1625
14.309 -11.636
13.87 -10.35
15.763 -3.9647
13.342 -5.3496
13.292 -8.9957
13.364 -6.6831
13.842 -11.701
14.93 -6.4506
15.207 -9.5153
15.239 -7.3047
14.364 -8.3045
12.694 -5.7225
14.387 -3.6545
13.839 -12.461
14.099 -11.054
15.083 -9.6619
15.32 -4.9653
15.796 -8.735
14.851 -12.492
12.893 -9.6433
13.156 -13.19
14.865 -5.9913
15.528 -12.549
12.889 -7.2157
13.131 -9.8429
14.233 -3.8576
13.614 -8.7996
12.588 -8.0441
15.379 -9.1623
14.156 -4.6054
10.862 -9.8953
13.791 -7.8217
13.772 -7.9148
12.755 -8.2271
14.224 -12.651
13.084 -10.15
12.761 -4.1139
13.038 -7.4555
15.543 -10.118
14.946 -6.6959
12.662 -12.241
13.972 -8.1774
11.654 -7.7435
13.358 -7.4748
15.875 -4.3156
15.291 -10.46
14.622 -9.986
14.308 -12.834
14.154 -11.868
14.662 -7.4593
14.228 -5.1462
14.352 -8.2415
13.79 -11.646
13.749 -11.201
13.46 -9.1072
14.225 -9.7217
13.555 -11.487
13.511 -11.482
13.961 -8.2129
13.581 -11.637
14.309 -9.0105
15.346 -6.4869
14.344 -6.7996
14.528 -9.5063
13.014 -11.587
14.082 -8.7576
12.768 -8.3534
13.142 -8.8948
16.251 -4.4247
13.988 -9.7068
13.955 -7.2904
11.072 -11.657
14.197 -8.5775
14.897 -9.7041
15.438 -11.047
14.97 -12.932
14.02 -7.0786
13.687 -3.6311
11.792 -3.3408
13.545 -11.671
11.941 -7.9837
13.776 -10.822
14.443 -6.8344
12.859 -14.147
14.895 -9.5646
13.393 -11.478
13.606 -8.2032
14.713 -11.817
12.918 -5.1476
13.169 -13.482
15.856 -14.478
12.244 -5.9112
15.808 -12.741
13.682 -5.2693
13.785 -6.852
15.761 -12.382
14.562 -9.2563
14.249 -9.1274
15.741 -13.567
13.174 -8.8526
13.765 -9.4532
12.892 -5.1591
13.849 -9.1113
14.408 -11.046
12.791 -7.3497
14.031 -13.094
14.517 -11.404
14.678 -11.101
15.847 -8.7779
14.579 -8.745
13.553 -7.0856
14.351 -6.7778
14.315 -15.795
14.48 -9.6448
15.739 -10.637
13.694 -10.742
13.919 -9.733
14.075 -11.43
13.863 -12.171
14.497 -10.558
13.626 -10.12
15.171 -10.023
12.398 -7.4411
13.799 -6.9731
14.495 -10.001
14.277 -8.1197
13.577 -3.4632
13.594 -8.6895
14.175 -10.082
13.483 -9.1775
12.729 -11.162
15.282 -10.448
14.519 -9.7537
13.232 -3.84
12.995 -4.7728
13.444 -8.4997
15.612 -10.617
15.376 -7.7805
13.719 -9.2426
13.892 -8.9204
12.412 -9.3519
14.228 -8.9362
14.272 -6.425
13.481 -11.364
14.734 -10.942
13.866 -10.479
12.531 -12.139
15.467 -3.5551
14.075 -7.9819
