10 -7.2 -78.175
0.8 -8.4 -29.338
8 -5.2 -53.056
-2 3.2 -3.9707
4.8 3.6 -4.9517
-8.4 -5.2 -23.461
5.2 -8.4 -49.874
-0.4 3.6 6.1778
-1.2 5.6 -3.0742
5.2 -3.6 -27.508
3.6 -0.8 -6.928
7.2 5.2 -24.804
-7.2 6.8 -35.759
-2 -2.4 -0.40284
-2.8 0.4 1.5133
3.2 -7.2 -32.897
-0.4 0.4 0.24202
6.4 2.8 -17.466
2.4 7.6 -13.32
-2 -5.2 -3.4686
-8.8 -2.4 -19.214
-4.8 2.4 -3.2401
-7.6 1.6 -22.062
-4.4 -3.6 -7.7743
7.6 4 -22.923
-8 10 -56.494
1.7764e-015 4.8 0.81058
-3.2 -6 -13.263
-1.2 -3.6 -5.0836
8.8 4.4 -25.311
6.8 -0.8 -25.276
1.7764e-015 8.8 -19.139
4 -8.4 -41.173
-5.6 -4.8 -16.788
-7.2 4.4 -24.94
-3.6 -3.2 -5.2595
-0.4 -1.2 -6.6397
-2 6 -4.1133
6.8 2.8 -21.838
1.7764e-015 8 -7.9811
-8.4 6 -38.84
-7.2 1.2 -15.788
-0.4 7.2 -11.253
-3.6 -2.8 -3.7695
-6.4 5.6 -24.184
2 2 -0.92688
6.4 6 -16.333
9.6 -4.8 -62.115
4 3.6 -7.9435
-2.4 0.8 -6.7943
6 4.8 -12.528
-0.8 -5.2 -10.934
-3.6 2 5.7897
1.2 -8.4 -33.952
1.6 1.2 -1.9153
2.4 -1.6 -7.1218
7.6 -8.8 -66.366
4.4 0.4 -14.655
5.6 7.6 -18.216
-5.6 2.4 -12.562
7.2 1.2 -21.321
0.4 -1.6 -1.3366
8.8 10 -43.915
3.2 -4.8 -21.995
-2 -7.2 -17.462
-2.4 1.6 2.3286
-1.6 -4 -4.989
1.7764e-015 2.4 -2.5754
1.6 2.8 -3.3315
7.2 2 -22.594
0.4 -9.2 -32.136
-1.2 -1.6 0.24265
9.6 0.4 -36.273
5.2 -9.6 -60.153
-8 -4 -18.718
-4.8 8.8 -33.75
-2 1.7764e-015 0.71351
5.6 5.6 -17.727
-4 9.6 -30.992
5.6 1.2 -15.853
-0.4 1.6 -0.5417
3.2 2.4 -2.8373
-1.6 -3.6 -6.1818
-3.6 -4.4 -8.9439
1.6 -2.8 -4.7138
6.8 -8.4 -56.121
7.2 6 -21.355
0.8 -8.8 -27.349
2.8 2.4 -12.328
2.4 -4.4 -15.724
4 -2 -11.244
-5.2 -8.8 -22.473
-1.2 4 -4.3051
-3.6 0.8 -0.34146
-9.2 -8 -31.968
6.4 -9.6 -66.482
-5.6 0.8 -2.984
-1.6 -0.4 1.3211
10 5.2 -39.652
0.8 -2 -5.9373
