10 -7.2 -67.763
0.8 -8.4 -9.1227
8 -5.2 -42.435
-2 3.2 -2.4308
4.8 3.6 0.55982
-8.4 -5.2 -18.376
5.2 -8.4 -38.381
-0.4 3.6 -0.66492
-1.2 5.6 -9.84
5.2 -3.6 -20.031
3.6 -0.8 -4.0786
7.2 5.2 2.6789
-7.2 6.8 -44.214
-2 -2.4 -5.0196
-2.8 0.4 -0.096771
3.2 -7.2 -20.625
-0.4 0.4 3.6198
6.4 2.8 -4.4721
2.4 7.6 -9.1422
-2 -5.2 0.92284
-8.8 -2.4 -25.78
-4.8 2.4 -13.114
-7.6 1.6 -30.467
-4.4 -3.6 -6.003
7.6 4 -4.9384
-8 10 -68.748
1.7764e-015 4.8 -4.0369
-3.2 -6 -3.0947
-1.2 -3.6 0.74209
8.8 4.4 -16.59
6.8 -0.8 -21.817
1.7764e-015 8.8 -13.814
4 -8.4 -24.965
-5.6 -4.8 -7.4513
-7.2 4.4 -32.631
-3.6 -3.2 -2.2712
-0.4 -1.2 -6.4153
-2 6 -10.529
6.8 2.8 -9.712
1.7764e-015 8 -8.3611
-8.4 6 -49.557
-7.2 1.2 -24.002
-0.4 7.2 -6.7467
-3.6 -2.8 -2.8245
-6.4 5.6 -38.239
2 2 -0.52558
6.4 6 2.1619
9.6 -4.8 -51.007
4 3.6 -0.96699
-2.4 0.8 -6.2359
6 4.8 -0.30502
-0.8 -5.2 0.54865
-3.6 2 -9.8463
1.2 -8.4 -14.479
1.6 1.2 0.60433
2.4 -1.6 3.9149
7.6 -8.8 -58.242
4.4 0.4 -7.6707
5.6 7.6 -1.8454
-5.6 2.4 -16.567
7.2 1.2 -9.1307
0.4 -1.6 0.27705
8.8 10 2.3072
3.2 -4.8 -12.193
-2 -7.2 -4.2499
-2.4 1.6 -3.2586
-1.6 -4 -12.994
1.7764e-015 2.4 -3.004
1.6 2.8 -6.0971
7.2 2 -9.7093
0.4 -9.2 -10.108
-1.2 -1.6 -2.1285
9.6 0.4 -29.416
5.2 -9.6 -37.967
-8 -4 -12.508
-4.8 8.8 -29.819
-2 1.7764e-015 0.52173
5.6 5.6 -10.211
-4 9.6 -30.323
5.6 1.2 -9.7171
-0.4 1.6 -5.9482
3.2 2.4 -5.1413
-1.6 -3.6 -0.66636
-3.6 -4.4 0.22857
1.6 -2.8 -2.0079
6.8 -8.4 -49.995
7.2 6 -9.8567
0.8 -8.8 -9.3834
2.8 2.4 4.5653
2.4 -4.4 -9.9492
4 -2 -12.015
-5.2 -8.8 -5.1886
-1.2 4 -8.0846
-3.6 0.8 -10.422
-9.2 -8 -10.71
6.4 -9.6 -53.015
-5.6 0.8 -15.603
-1.6 -0.4 -1.5558
10 5.2 -12.899
0.8 -2 -7.5138
