10 -7.2 -67.763
0.8 -8.4 -9.1227
8 -5.2 -42.435
-2 3.2 -2.4308
4.8 3.6 0.55982
-8.4 -5.2 -18.376
5.2 -8.4 -38.381
-0.4 3.6 -0.66492
-1.2 5.6 -9.84
5.2 -3.6 -20.031
3.6 -0.8 -4.0786
7.2 5.2 2.6789
-7.2 6.8 -44.214
-2 -2.4 -5.0196
-2.8 0.4 -0.096771
3.2 -7.2 -20.625
-0.4 0.4 3.6198
6.4 2.8 -4.4721
2.4 7.6 -9.1422
-2 -5.2 0.92284
-8.8 -2.4 -25.78
-4.8 2.4 -13.114
-7.6 1.6 -30.467
-4.4 -3.6 -6.003
7.6 4 -4.9384
-8 10 -68.748
1.7764e-015 4.8 -4.0369
-3.2 -6 -3.0947
-1.2 -3.6 0.74209
8.8 4.4 -16.59
6.8 -0.8 -21.817
1.7764e-015 8.8 -13.814
4 -8.4 -24.965
-5.6 -4.8 -7.4513
-7.2 4.4 -32.631
-3.6 -3.2 -2.2712
-0.4 -1.2 -6.4153
-2 6 -10.529
6.8 2.8 -9.712
1.7764e-015 8 -8.3611
-8.4 6 -49.557
-7.2 1.2 -24.002
-0.4 7.2 -6.7467
-3.6 -2.8 -2.8245
-6.4 5.6 -38.239
2 2 -0.52558
6.4 6 2.1619
9.6 -4.8 -51.007
4 3.6 -0.96699
-2.4 0.8 -6.2359
6 4.8 -0.30502
-0.8 -5.2 0.54865
-3.6 2 -9.8463
1.2 -8.4 -14.479
1.6 1.2 0.60433
2.4 -1.6 3.9149
7.6 -8.8 -58.242
4.4 0.4 -7.6707
5.6 7.6 -1.8454
-5.6 2.4 -16.567
7.2 1.2 -9.1307
0.4 -1.6 0.27705
8.8 10 2.3072
3.2 -4.8 -12.193
-2 -7.2 -4.2499
-2.4 1.6 -3.2586
-1.6 -4 -12.994
1.7764e-015 2.4 -3.004
1.6 2.8 -6.0971
7.2 2 -9.7093
0.4 -9.2 -10.108
-1.2 -1.6 -2.1285
9.6 0.4 -29.416
5.2 -9.6 -37.967
-8 -4 -12.508
-4.8 8.8 -29.819
-2 1.7764e-015 0.52173
5.6 5.6 -10.211
-4 9.6 -30.323
5.6 1.2 -9.7171
-0.4 1.6 -5.9482
3.2 2.4 -5.1413
-1.6 -3.6 -0.66636
-3.6 -4.4 0.22857
1.6 -2.8 -2.0079
6.8 -8.4 -49.995
7.2 6 -9.8567
0.8 -8.8 -9.3834
2.8 2.4 4.5653
2.4 -4.4 -9.9492
4 -2 -12.015
-5.2 -8.8 -5.1886
-1.2 4 -8.0846
-3.6 0.8 -10.422
-9.2 -8 -10.71
6.4 -9.6 -53.015
-5.6 0.8 -15.603
-1.6 -0.4 -1.5558
10 5.2 -12.899
0.8 -2 -7.5138
-4.8 2 -12.645
-3.2 10 -27.676
-2 -4.8 -0.95729
6 -4.8 -29.103
-8.4 1.6 -34.575
7.2 -4.4 -34.955
7.2 -5.2 -33.743
-8.8 1.7764e-015 -33.336
-6 -5.2 -7.8743
-3.6 4 -17.314
-2.8 1.7764e-015 -0.83413
-3.6 -4.8 -2.0937
7.2 -2 -24.416
-2 -3.2 1.43
3.6 -2.8 -9.56
5.6 -0.4 -10.676
4.8 -6.4 -23.957
5.2 -0.4 -7.8638
4.4 1.2 -2.9449
-6.4 -0.8 -15.303
-4.4 10 -25.182
-5.2 -8.4 -1.3977
6.8 -5.6 -35.605
-7.6 -6.4 -10.206
-5.2 -2 -8.0619
2 1.7764e-015 -8.4313
3.2 6.8 -0.13297
1.2 1.6 4.8854
-5.2 0.4 -11.996
1.7764e-015 9.6 -6.1777
6.8 3.2 -11.502
9.6 -6.8 -58.578
8.4 -1.2 -26.092
4.4 -5.2 -24.124
-0.8 -3.2 -5.3803
-2.8 -1.2 -1.9987
9.6 -1.6 -40.008
-3.6 8.8 -25.524
5.2 -8.8 -39.832
4 -8 -31.575
-4 4.8 -17.333
8.4 8 -7.5114
-4 2 -10.885
-4.8 2.8 -15.27
-7.2 -8.4 -9.8779
-6.8 8.4 -47.256
2.8 5.2 -1.8897
-4.8 9.6 -37.464
-7.6 2 -30.396
8.4 4.4 -10.91
0.4 10 -8.971
2 1.2 1.0734
-3.2 -5.6 -0.5376
1.6 2 0.74716
7.2 10 -0.11799
-4.4 2 -16.201
-1.2 -6 -3.69
2 4.4 -4.1477
-4.4 9.6 -28.081
-9.2 1.2 -41.621
-9.6 1.2 -45.096
-9.2 -2 -24.673
4.8 6.4 -0.25212
4.8 -0.4 -12.45
10 6.8 -5.9715
-7.6 7.6 -49.8
4.4 -7.2 -22.048
-8.8 6 -55.733
1.7764e-015 -8.4 -12.042
-2 7.6 -10.425
1.7764e-015 10 -16.81
4 1.2 -4.2694
5.2 5.2 -1.0802
-6.4 -3.2 -16.445
-8.4 2.4 -35.886
6.8 -8.8 -47.197
3.2 -2.4 -10.134
-9.2 -9.6 -15.256
6 -5.2 -21.368
2 4 -6.1282
-5.6 -6.8 -2.4999
7.6 -4 -27.466
8.8 -5.6 -55.755
9.6 2 -28.557
-8.8 -1.2 -33.658
-2.4 2.4 -7.6646
-3.6 -2 5.6366
1.6 -9.6 -19.065
-4 -4 -3.271
-8.8 9.6 -66.925
-2.8 -4.8 -2.7764
2.8 6.8 1.7723
2.8 6.4 8.2685
-7.6 -3.2 -18.355
-6.4 8 -42.277
-7.2 10 -56.852
-1.6 8.4 -10.378
-2 2.8 -7.2897
-8.8 2.8 -42.11
-4 3.2 -17.276
-6.4 -7.6 -9.6785
8.4 -3.6 -33.7
-6.4 3.6 -35.39
8.4 6 -1.2779
-6.8 -6.4 -4.7923
-6.4 -5.6 -11.068
4 -4.8 -12.791
-4.8 -3.6 -3.4628
7.2 -4 -35.907
5.2 6.4 -1.2884
0.4 -3.6 -2.9942
-9.6 -6 -20.582
-1.6 -2 -2.9389
8.4 4.8 -15.366
-4.4 1.2 -12.16
-0.8 2.4 -5.8262
8.8 -4 -47.36
5.6 3.6 -2.8726
4 6.4 1.1226
8.4 1.6 -20.688
-8 -1.6 -26.26
-6.8 1.2 -23.745
-6.4 -1.6 -16.566
-3.6 -6.4 -5.1645
3.6 -0.4 -3.6968
-6.8 -7.6 -1.7493
0.4 -5.2 -3.8864
8 6 0.0085554
-4.4 1.7764e-015 -10.192
6 2.8 -3.2669
-7.2 -2.4 -19.384
3.6 2 4.3399
-5.6 -1.6 -7.1582
3.2 0.4 -1.4481
0.8 5.6 5.7486
-1.2 4.4 -5.4841
-5.6 -1.2 -7.861
-9.6 4 -49.434
3.6 1.7764e-015 -7.4105
-3.2 7.2 -17.88
5.6 4.4 0.02976
6.8 6.8 -2.0593
-2.8 -0.4 -0.92459
-7.2 -8.8 -5.2351
9.6 5.2 -14.802
3.6 6 -7.8011
-5.2 -1.2 -7.8614
-0.4 -7.6 -4.6126
-8 3.2 -43.806
-5.6 -0.8 -16.516
-1.6 0.8 -7.933
9.6 6 -12.507
-6.8 6.8 -46.396
10 -6.8 -70.054
-2.4 -5.2 -1.8984
4 -6.4 -24.855
-2.8 3.6 -6.9712
-9.2 -1.2 -28.859
5.6 -2.8 -18.265
-6 9.2 -46.675
-9.2 -3.2 -30.911
-1.6 0.4 -3.9747
6.8 -4.4 -27.939
-7.2 -9.2 -7.2918
0.4 0.8 0.98925
0.4 -6.4 -3.4153
-4.4 -7.2 -5.371
2 6 4.4972
6.4 2 -5.6849
-0.4 -5.2 -2.773
-8 9.2 -64.041
-1.2 2 -2.3201
4.4 8 5.8794
-4.4 -4.8 -4.14
3.6 -9.6 -29.729
0.4 0.4 1.9384
3.2 1.7764e-015 -7.6731
-5.2 10 -33.664
4.4 4.8 3.5527
-4 8.4 -30.63
-6 6 -37.022
-3.2 3.2 -4.4495
-3.6 1.2 -3.8625
7.6 6.4 -1.4282
6 3.6 -5.3839
1.2 -1.6 -4.0793
-6.4 -8.4 -10.062
2.4 7.2 1.4008
5.2 -2.4 -10.44
7.6 -3.6 -34.14
9.6 -8.8 -75.876
-9.6 10 -85.828
5.6 -6.8 -32.661
8.4 2.8 -14.048
9.2 -4.4 -44.726
-2.4 -4 1.7414
2 -2 -4.6082
8.8 -5.2 -47.504
9.2 0.4 -23.305
-0.8 3.6 -2.0557
1.2 8.8 -1.1001
6.8 8 3.8382
4.4 6.4 0.7432
-1.6 -2.4 -3.6662
-2.4 -9.6 -2.0737
0.4 -6.8 -7.4144
5.6 -6 -28.444
-7.2 3.2 -37.775
-3.2 -4.4 -4.972
6 8.4 3.0112
7.2 1.7764e-015 -21.991
1.7764e-015 7.2 -8.5304
1.2 3.2 -2.8648
-0.4 8 -4.7186
3.2 -5.6 -16.767
2.4 4 -0.76964
-6.8 -2.8 -11.428
4.8 6 -9.9903
4.8 -4.4 -18.895
7.6 -2 -27.385
1.6 -4.8 -12.271
3.6 -2 -5.1561
-9.6 -3.2 -22.429
9.6 -2.8 -43.779
5.2 -4.8 -28.174
-1.2 7.2 -6.1383
3.2 -4.4 -11.732
5.6 -1.6 -22.486
7.6 0.4 -18.089
6.8 4 -7.3683
-5.6 5.2 -30.13
-4.4 9.2 -34.225
-9.2 -0.4 -32.3
-3.6 9.6 -29.885
2.4 -7.2 -11.666
-6 -8.4 -5.7706
-4.8 -0.8 -21.776
0.8 1.2 1.3445
7.2 -0.4 -24.242
8 -6.4 -47.761
4.8 -1.6 -14.663
-4.4 -8 -0.48155
-9.2 4.4 -49.774
-0.8 8.4 -11.283
6.8 0.8 -16.995
-2.8 5.2 -19.535
-2.4 -2.4 -6.6808
-6 -6.4 -10.183
-9.2 -8.8 -16.946
-2.8 -8.8 -11.153
-1.2 1.6 -1.0212
1.6 5.6 2.1638
-4 -2 -2.7438
-3.2 -7.2 2.7565
-1.2 6.4 -11.595
-6.8 2 -24.743
3.6 8.4 0.58741
8.8 -4.8 -45.983
-8.8 -8.8 -8.9312
-9.2 4 -48.448
-6 9.6 -44.151
7.2 7.2 -3.0783
3.2 -9.2 -21.256
-0.8 -7.2 -4.5955
-8 -5.2 -14.643
-8.4 -4.4 -20.624
-2 -7.6 -1.7543
-2.4 4.4 -11.319
10 -5.2 -55.912
2 -2.4 -2.0108
8 -3.6 -36.79
-9.2 -5.2 -25.034
2 6.4 -0.10245
-7.6 3.6 -34.99
-8.4 -2 -30.229
1.2 -0.8 -4.6847
9.2 2.4 -20.367
-3.6 1.7764e-015 -9.2399
-8.4 0.8 -32.207
8.8 3.2 -17.343
-2.8 -2.4 -3.8506
8.8 -6 -49.248
-9.6 -4.8 -26.919
2.8 -4.4 -12.221
-6.8 -0.8 -20.498
6 4 -9.304
1.7764e-015 -2 1.1516
0.4 6 -9.1454
-2.8 0.8 -7.0256
-0.8 6.8 -3.3847
-5.6 -5.2 -2.873
-2.4 3.6 -11.472
-8.8 0.4 -35.028
-6.8 9.6 -53.328
10 -1.6 -44.889
-9.6 9.6 -84.923
8.8 8.4 -5.8779
-3.2 -6.4 -3.0874
-5.2 -8 -5.6157
3.2 -3.6 -12.703
-0.8 -9.6 -15.427
10 -0.4 -33.788
-6.8 8.8 -47.839
0.4 -8.8 -11.521
-8.4 1.7764e-015 -31.724
-5.6 -4 -15.287
-4.8 6 -27.456
-3.6 3.6 -15.055
-8.4 -4 -19.074
2 3.6 0.59717
8.4 -5.6 -46.512
8.4 -2 -29.14
-5.2 -5.6 -1.859
3.6 -6.8 -20.01
-3.6 1.6 -2.4257
0.4 3.6 2.2243
2.4 -0.8 -0.7056
-6 -6.8 -4.5133
0.4 1.7764e-015 4.7964
-8.4 6.4 -52.03
-9.2 7.2 -67.481
8.4 -4 -36.366
-4.4 8 -28.233
-7.2 2 -34.389
6 -0.4 -13.529
6 1.6 -8.1555
1.6 -9.2 -15.168
-2 4 -10.971
2.4 0.4 -4.6277
-1.6 -1.6 -0.73523
1.2 -6.8 -5.8315
-9.2 1.7764e-015 -37.537
-3.6 -6.8 -1.1733
-4 10 -25.204
-2.4 8 -12.674
3.6 -8.4 -24.646
-6 7.2 -38.554
-4 -8.4 -1.1212
-4.4 2.8 -8.4088
5.2 8.8 2.8754
2.8 8.4 -0.68392
-8.8 -2.8 -25.334
3.6 -1.6 -6.9136
7.6 9.6 -5.9258
-9.6 -2.4 -27.61
-5.2 4.4 -22.533
10 6 -12.588
-2 -6 -5.8873
-7.6 10 -65.637
8.8 8.8 -5.9683
2 3.2 -4.3737
-8.4 -3.6 -19.775
-2.4 -1.2 2.4113
-7.6 8.4 -56.073
-1.6 -8.8 -8.4159
-4 1.6 -7.2234
9.6 3.2 -16.15
8.8 -0.4 -25.807
3.2 -6.8 -20.57
6 8.8 -5.2413
3.6 -4 -19.286
9.6 -1.2 -37.377
1.2 6 2.5773
-9.6 -2 -29.395
2 -1.6 -1.5417
-7.2 -0.8 -16.332
4 1.6 1.2838
-2.8 -1.6 -3.3305
6 -3.2 -18.865
-7.6 6 -48.969
7.2 -9.2 -57.307
9.6 -8.4 -72.275
-3.6 5.2 -16.344
-8.4 -8.8 -9.1678
-5.6 2 -19.201
7.2 -6 -39.564
-7.2 -9.6 -1.8159
3.6 -5.6 -21.911
-8.8 2.4 -41.355
6.4 10 -0.85181
-4.4 -6 -2.9555
-2.4 -7.2 -10.222
-4 5.6 -21.47
8 -0.8 -26.879
-9.6 -3.6 -25.494
8 2 -12.698
1.2 7.6 2.2574
-6.4 -9.2 -4.7393
7.2 0.8 -15.308
-7.2 2.8 -30.685
8 5.6 -7.2656
-2.4 4.8 -17.236
-7.2 -7.2 -9.7331
-8.8 2 -39.473
-6 0.8 -18.522
-2 0.4 -4.3057
-8.4 -6 -14.666
-4.8 4.4 -21.454
-6 3.6 -24.014
-6 -5.6 -8.6418
8 -7.2 -48.272
-5.6 -2.4 -9.9189
-2 8.8 -21.027
9.2 1.6 -27.041
-9.6 2.8 -55.495
-7.2 3.6 -36.666
9.2 -9.2 -72.853
-3.2 4 -12.214
10 -2.4 -50.18
9.2 -1.2 -35.605
-8.4 -4.8 -17.031
6.4 6.8 -5.1171
-8 -6.4 -12.577
8 9.2 -7.9341
-0.8 -7.6 -11.104
0.8 3.6 0.26674
1.2 10 -4.8616
1.6 1.6 6.1895
-8 -8.4 -12.966
8 7.2 -0.73953
6.8 -5.2 -34.39
6 -8.8 -40.627
-5.2 1.7764e-015 -15.363
6.8 6 -3.3123
7.2 2.8 -12.939
-9.6 6.4 -66.008
3.6 9.6 2.6668
-2 -5.6 0.124
-9.2 6.4 -62.36
1.6 4.8 0.88149
7.6 4.8 -9.9609
9.2 4.8 -10.286
-9.2 -6.4 -21.129
8 -8.4 -56.331
-1.2 -9.2 -8.739
1.7764e-015 2 -1.9359
6.4 4.8 -3.2267
9.6 8.4 -10.014
-1.6 -8 -8.9519
0.8 6.8 1.392
-3.2 7.6 -13.562
6.8 -9.2 -47.879
-2.8 2.8 -10.407
-5.2 -6.8 -2.2082
8.4 -2.8 -35.388
-1.6 -4.4 0.66192
-2 3.6 -3.0469
2 -4.4 -12.236
-5.2 -7.6 -3.6374
-2.4 -4.8 -0.25843
-4 4.4 -15.654
-6 6.4 -32.165
-9.6 -9.6 -15.823
-4 -6.4 -5.1823
1.6 -1.6 -1.5818
1.6 4.4 1.3152
7.6 -6.8 -46.509
3.6 -6 -18.39
5.2 2.8 -0.2759
2.4 5.2 -2.3196
-4 5.2 -15.492
6 6 -3.1733
-6 -1.2 -12.899
-2.4 -6.4 1.0663
-2 0.8 -2.1981
0.4 2.8 -2.2544
-7.6 -4.4 -11.49
-4.8 0.8 -10.416
8 -2.8 -29.217
-9.6 3.2 -56.275
6.4 8.8 -4.9742
-9.6 6 -55.88
1.2 -9.6 -15.302
-8.8 1.6 -34.489
3.6 -8.8 -26.149
10 4.8 -17.292
2 -5.6 -13.275
-7.2 8.8 -53.509
10 9.6 0.65538
7.2 3.6 -8.3827
6.4 -7.2 -40.21
3.2 -0.8 -13.988
1.2 -3.6 -2.3699
7.2 -7.2 -42.858
3.2 6.4 3.4466
4.4 -2.4 -15.462
-4.8 8.4 -31.782
1.7764e-015 6.4 -9.7761
-8.8 7.2 -65.962
2.8 10 0.66732
-6 7.6 -37.768
-8.4 6.8 -58.761
-4 -1.6 0.69024
-0.4 -8.4 -7.117
-4.4 -6.8 2.274
4.8 -3.6 -14.806
3.6 0.4 -5.6287
-3.2 8 -24.073
3.2 0.8 0.41176
9.6 -3.6 -47.79
-9.6 -8 -9.723
1.7764e-015 -8 -7.4116
2 0.8 3.6823
-8.8 -1.6 -24.247
3.2 -9.6 -26.346
10 2.8 -30.183
-0.8 0.4 2.4598
-2.4 9.2 -17.271
7.6 10 2.3405
-9.6 -6.8 -21.651
0.4 -2 0.3861
7.6 5.2 -10.527
6.8 -9.6 -53.591
-4.4 -2.8 -3.2781
9.6 -9.2 -74.065
5.2 -6.8 -32.107
-5.6 -3.6 -8.5502
-1.6 -3.2 -5.5663
1.2 -9.2 -17.527
-5.2 2.8 -22.097
8.8 6.8 -8.5343
-3.2 4.8 -8.5401
-5.2 -4 -7.6814
10 -2 -40.946
-2 5.2 -13.02
0.4 9.2 -10.416
-9.2 8.4 -72.183
-1.6 -6.4 -11.568
-8 4 -45.702
-6.8 2.8 -33.547
-5.6 9.2 -39.06
-8.8 -4.8 -16.25
-2.8 -8.4 -3.0643
-8.4 -9.6 -9.9664
4.4 5.2 -4.8394
7.6 -2.4 -29.041
7.2 -6.4 -43.433
-0.4 5.2 -1.8527
7.6 2 -19.171
1.6 -8.4 -9.3876
-5.2 8 -36.77
4.4 4 -1.2608
1.7764e-015 -0.8 -5.2096
-4.4 -0.4 -13.002
-5.2 1.2 -20.247
1.7764e-015 -6 -9.706
-6.4 -4.4 -5.7856
6.8 -3.2 -21.536
2.4 10 4.8857
5.2 0.4 -6.7556
6.8 5.2 -5.2236
-1.2 -1.2 -9.7877
9.2 -8.8 -63.495
2.4 -6.4 -18.717
2.8 4.4 3.0988
8.8 2.8 -16.956
1.7764e-015 -1.2 1.7709
3.2 -8.8 -23.974
-4.4 -8.4 -6.4676
0.8 -6 -5.5485
-8 -3.2 -17.137
-7.2 -4 -17.701
-0.8 10 -11.492
-6 -1.6 -15.239
-8.4 1.2 -32.036
8.8 5.6 -7.251
8 -6.8 -48.619
0.8 1.6 -1.3316
-9.2 5.2 -56.015
-0.8 -0.8 0.5757
-6 -7.2 1.5087
0.8 -9.2 -19.608
10 -8.4 -75.77
8 -2.4 -30.433
-4 -5.2 -2.745
3.2 -4 -3.8289
-7.6 -5.6 -7.8362
-0.8 8.8 -8.8914
4.4 -9.2 -31.342
6.4 -6.4 -36.187
9.2 -6.8 -59.175
-7.2 -8 -8.1969
-3.6 9.2 -27.704
-6.8 6.4 -38.356
5.2 1.2 -3.4395
6 7.6 6.6544
-5.2 6.4 -29.54
-1.2 -0.8 7.368
-9.6 0.8 -36.994
7.6 2.4 -10.123
-0.4 -0.4 -6.2224
8.8 -8 -59.968
-0.8 9.6 -13.334
5.2 8.4 2.7371
-2.8 -5.2 -7.5958
8.4 -9.6 -59.717
8.4 3.6 -13.566
4 2.8 -7.1759
0.4 2 3.7991
-4.4 8.4 -31.622
-3.2 6.8 -21.421
0.8 8 -4.2952
2 -4.8 -9.7984
-5.6 -8.4 -1.3251
-2 6.4 -8.632
-5.6 8.4 -38.423
8.4 10 0.56276
10 -4.8 -55.663
4.8 -5.2 -17.186
-0.8 -1.6 -4.6466
5.2 -4.4 -24.56
-6 0.4 -20.801
2.8 -6.8 -14.856
3.6 0.8 -1.4651
1.7764e-015 0.8 0.69404
-6.8 0.8 -25.858
9.2 4 -19.825
0.4 -9.6 -15.954
-9.6 -4 -24.637
7.6 1.7764e-015 -22.73
-9.6 -1.6 -32.898
-5.2 5.6 -31.917
1.2 -2.4 -1.1499
4.4 -0.4 -5.5737
-6 -2.4 -9.6056
1.6 3.2 -4.6612
-0.4 -3.6 -1.1121
2 -3.6 -8.66
1.6 -0.8 2.256
-6 3.2 -28.931
-2.4 1.2 -5.6615
10 1.2 -30.866
-6 -4.8 -10.773
1.6 7.2 -3.4225
7.6 -4.4 -39.581
-0.4 6.4 -4.2825
-2.8 2.4 -9.0725
5.6 2.4 -8.1166
1.2 -8.8 -13.356
6.8 -4 -31.256
4.8 9.6 1.7159
4.8 -7.2 -20.648
-1.2 -9.6 -10.053
10 6.4 -11.076
6.4 4 -5.1968
-4 -5.6 -2.7778
-4.4 7.6 -27.422
0.4 -7.6 -9.6588
-8 4.4 -43.12
3.6 -1.2 -3.8331
-2.4 -8.8 -1.0389
6.8 8.4 1.0198
5.6 -3.6 -17.504
-9.2 -7.2 -12.011
2 2.4 -1.131
8 5.2 -4.7715
-2 7.2 -13.893
6 2 -8.1147
8.4 -8.4 -60.574
-5.6 1.2 -17.197
-6.8 -8.4 -2.2795
-8.4 -1.6 -25.601
-6.4 0.4 -19.704
-8.8 -0.4 -31.321
-1.6 -1.2 -2.3715
-4 1.7764e-015 -3.2929
-4 8 -24.19
7.6 -2.8 -29.354
6 -6.4 -26.797
0.8 6 -5.7259
-8.4 -2.8 -25.546
1.2 -7.6 -12.69
-8.8 -5.6 -15.87
-3.2 -7.6 -0.49089
6.4 -5.6 -34.913
-0.8 1.2 -3.9035
-8.8 4.8 -49.404
3.2 -2.8 -12.485
4.4 7.2 -3.3513
-5.6 7.6 -35.438
1.6 7.6 -4.4042
-9.6 7.6 -73.171
-1.2 1.7764e-015 -0.54711
8.8 0.8 -23.997
-2.4 6.8 -14.362
0.8 4.8 -2.9963
-1.6 3.6 -9.6051
1.7764e-015 -7.2 -8.6655
0.4 -3.2 -4.7401
-2.4 7.2 -18.033
-8.8 -7.2 -18.884
-7.2 7.2 -44.986
9.2 10 -0.25462
4 9.2 1.8824
-9.2 9.6 -77.519
1.6 -3.6 -3.0334
-5.6 4.8 -22.644
4 2 -0.4362
-1.6 -4.8 -5.4901
-9.6 1.7764e-015 -39.575
8.4 -6.4 -51.936
4.8 -9.2 -39.121
-7.2 -1.6 -21.118
4.4 -8 -26.639
1.6 3.6 -0.93434
4 2.4 -1.8936
-8.4 -0.4 -25.736
-3.2 3.6 -2.8691
-7.6 6.8 -49.805
-1.6 7.2 -8.1455
1.2 1.7764e-015 -2.1719
5.6 3.2 2.7021
4 0.4 -4.0702
-0.8 -3.6 -2.0247
-4.8 -7.2 -3.7994
-0.4 -3.2 -2.0862
-8 -2 -18.722
2.4 -6.8 -15.481
5.6 9.6 -0.20884
10 7.6 -0.58645
5.6 -7.2 -38.133
-6.8 -2.4 -12.528
3.2 4.8 1.6924
1.6 -4.4 -5.6673
0.4 8.4 -6.3249
2.8 -0.4 2.4023
-7.6 -0.4 -18.225
10 -7.6 -68.225
0.8 2.4 -0.099333
6.8 4.4 2.8276
3.6 3.6 -1.224
-6.8 7.2 -47.589
2.4 -4.8 -7.945
5.6 -5.2 -27.798
-8 0.4 -27.996
7.2 9.2 5.9987
-8.4 2.8 -43.458
4.4 3.6 8.1286
-2.8 8.8 -21.692
-6.4 -6 -11.671
-5.6 -7.6 -2.4055
4.8 -0.8 -8.5101
-8.4 9.2 -66.142
-6 -7.6 -6.9488
4 5.6 -0.64105
-6.4 9.6 -50.871
7.2 -8.8 -50.947
4.8 10 4.6791
9.2 -0.4 -25.28
6 -6 -25.731
-0.8 4 5.5195
1.6 -7.2 -8.3246
-8 7.6 -58.929
-8.4 3.2 -39.141
1.7764e-015 -4.8 -6.6232
-2 2 -13.475
-7.6 -2.8 -19.004
2 -0.8 -8.2337
-6.4 -6.8 -2.5304
-5.2 1.6 -13.012
-8 -6 -12.068
4 9.6 1.7611
7.6 3.6 -13.251
-0.4 2.8 -2.6161
2.8 -5.2 -12.025
-6 1.2 -20.686
-7.2 1.7764e-015 -19.114
-0.8 -4 -0.12049
9.6 -4.4 -53.664
8 -2 -27.626
-0.8 1.7764e-015 3.3605
5.2 6.8 0.072761
7.6 8.8 2.8416
6.4 -6.8 -38.614
-2.8 1.2 -0.9983
-4.4 3.2 -23.452
-6.8 -7.2 -4.815
4 0.8 -0.055279
5.6 -1.2 -11.727
-3.6 7.6 -22
5.6 0.8 -11.144
0.4 -2.8 -1.0355
-6.8 8 -42.798
-4.4 -2 -8.654
4.4 -6 -21.801
-4.8 -1.2 -8.891
-9.6 2.4 -46.157
2.4 -3.6 -7.6991
8 8 -3.9903
3.2 4.4 -0.0373
-8.8 10 -79.704
2.4 8.8 -4.7071
-9.6 -7.6 -20.666
-5.2 -6 -4.9743
-1.2 -6.8 -0.86667
8.4 -3.2 -33.505
-2.4 -0.4 1.0981
-8 -2.4 -20.544
10 -9.6 -81.217
7.6 7.6 -12.11
-6.4 9.2 -49.668
-4.8 10 -40.958
3.2 10 -4.8093
2.4 2 7.5397
-4.8 1.2 -11.269
8.4 1.2 -20.219
0.8 -2.8 -0.65271
-8.8 1.2 -38.985
8.8 -4.4 -44.525
8 8.8 -2.5205
0.4 7.6 -7.278
4.8 -6 -28.708
3.2 1.2 -0.64603
-0.4 -6 -7.4304
7.2 6.8 2.708
2.8 -4 -5.7264
7.2 -3.2 -29.625
-8.8 8.4 -71.62
5.6 -7.6 -38.949
-6.8 -4 -12.832
6.8 7.2 -2.3554
7.6 -0.8 -24.417
-1.6 2.8 -3.7554
2.4 -9.6 -23.237
-9.6 6.8 -66.115
6.8 -6.4 -38.392
-4 3.6 -19.435
-8 -3.6 -15.674
6 5.2 -0.46125
4.8 -8.8 -34.537
7.6 -7.6 -49.075
6.8 1.2 -8.867
4.4 -4.4 -16.871
4.4 -8.8 -32.151
8.8 7.2 -3.6204
-8.8 0.8 -38.482
-2 9.2 -21.896
1.2 -3.2 -6.8792
7.6 7.2 -1.07
2.8 -4.8 -13.777
9.2 5.6 -14.391
8.8 4 -10.708
0.4 1.2 2.3812
-8.4 -5.6 -15.559
-9.2 3.6 -53.358
-9.6 2 -45.42
-0.4 -5.6 -2.4099
-2.4 1.7764e-015 -8.7379
7.2 1.6 -14.682
4 -4 -13.21
-8.8 -8.4 -14.385
8 -8.8 -53.336
7.6 -1.6 -27.584
-9.2 -4.8 -17.987
6.8 -1.2 -14.32
7.2 6.4 -2.8723
3.2 -2 -3.4674
-3.6 -9.6 -4.0725
6.4 -4.4 -26.002
-1.6 -5.6 -5.1091
-6.8 -4.4 -5.6728
-3.6 -9.2 -7.2447
1.7764e-015 1.2 -1.5582
2 -8 -14.584
-5.2 -3.2 -1.8159
4.4 -0.8 -11.224
-5.2 -0.8 -15.604
-0.4 -2.4 -2.2622
-9.2 6 -57.088
-5.6 10 -45.197
-8 5.6 -40.397
-8 5.2 -41.077
0.8 4.4 0.71827
6 -0.8 -6.8734
-1.2 5.2 -9.8795
-2 -8 1.4973
2 -7.6 -16.444
-6.4 1.6 -25.037
-1.6 -7.2 -2.2614
-8.4 -0.8 -24.776
10 7.2 -17.525
1.2 0.8 -2.9112
-1.2 3.6 -5.4214
-5.2 -2.8 -7.8039
9.2 0.8 -27.534
-4.8 -0.4 -15.956
-7.6 -8.4 -12.606
-5.6 6 -28.565
-1.6 -9.6 -6.0387
-6.4 4 -34.124
-8.8 9.2 -79.041
-2 -2.8 -3.9505
-4 0.4 -10.089
-2.4 8.4 -17.121
-2.4 -5.6 -0.80465
5.2 1.6 -4.8816
-2.4 -4.4 -6.3064
-1.2 8.8 -11.723
7.6 -6 -44.451
2.4 8.4 -2.0624
