-1.0684 3.5254
0.022949 1.7218
-0.076264 0.34083
-0.36761 -4.1834
0.0078285 0.51626
-0.014217 1.6098
-0.024291 -4.573
-1.2411 -3.9294
1.4881 2.7185
-1.6778 -3.1678
-0.59004 2.1288
3.1751 -3.0233
-1.0371 1.4634
-0.60012 -4.3389
-0.0019401 1.3165
0.085021 1.7025
-0.12797 0.87157
-1.3701 0.40605
1.5885 1.8187
-1.1456 2.8636
-0.091422 0.42108
-0.56798 0.15278
1.3661 -1.3245
-0.21799 1.7524
-1.2241 2.341
0.077604 -1.706
2.2029 -0.47774
1.2985 -0.53251
0.19999 -2.1129
0.95597 -1.6776
-1.3513 -4.718
-0.22046 -1.4551
-0.78651 1.8693
-0.23696 -2.5245
1.3906 -1.3461
0.14274 -3.8404
-0.063466 -0.23548
-1.7622 -0.66902
-0.96234 -6.0354
-1.0865 -0.7085
0.41199 -0.66613
0.027409 1.7223
-0.18853 -0.72382
-1.5949 0.15909
-1.2463 -3.8402
0.42612 -1.3716
0.69999 -1.5929
-1.2181 -0.081362
-1.2095 -1.4926
-0.2171 -3.313
0.87566 -2.7782
-1.1323 1.163
-0.7174 -0.88851
0.13262 0.79018
0.81787 1.6958
0.96444 1.2839
-0.092279 5.4939
-0.47592 1.8725
1.2267 4.013
0.84179 1.306
-0.43475 0.37326
-0.039642 0.30344
0.98013 4.8874
0.34632 -2.4928
0.15413 2.8322
2.9019 1.471
2.9914 5.5662
-1.0688 -1.763
1.2745 1.3066
0.77396 -2.1723
-1.3978 0.39109
2.1904 0.72853
0.15579 0.7624
0.25746 -0.25718
1.0609 0.042249
0.50993 1.5253
1.1991 2.1122
0.72764 -2.531
0.033976 2.2014
0.79155 3.118
-0.76234 -1.2022
-0.56632 3.3759
-1.4503 -5.93
0.10624 -0.33106
-0.52085 1.7801
0.74901 -0.20525
-0.3401 -2.3736
-0.5492 -2.2893
-0.85774 -1.9882
-1.6082 4.7362
0.57608 -3.3733
0.090144 -3.7612
1.3685 1.0584
0.57491 4.4745
-1.1303 0.79233
-0.3744 -1.6378
-0.037492 -0.19124
-1.7499 0.60209
1.0483 2.1295
-0.71638 -4.2527
0.20025 2.0618
-1.3104 -3.1894
-0.47039 -2.5812
-0.48779 -3.4997
-0.31319 -3.5569
0.48062 -3.3111
-1.0525 -0.78164
-1.7683 -0.4211
1.3074 -1.1253
-0.49871 -3.0525
0.20131 0.97783
1.1079 1.7488
0.68021 1.6781
1.8174 -1.4072
-2.0897 -1.4678
1.1028 0.052737
0.32172 -2.8771
1.5959 -2.8494
-0.46303 2.5619
-0.47879 2.9944
1.0777 -0.89071
-1.0119 -1.1181
2.5864 1.4111
-0.72283 4.6592
0.55489 -2.2534
0.09359 -2.8325
-1.4079 -5.6336
0.45437 0.086448
0.25198 -3.6117
-0.037528 2.7814
-0.21891 0.20359
1.5166 2.6869
-0.48627 -2.5965
-0.50062 0.51371
-0.38529 -4.4476
-0.36978 1.8616
0.20292 0.21176
0.64537 -1.9692
0.61925 -1.0058
-0.69676 -3.1062
-1.0434 -5.261
-0.014286 -3.1675
1.7704 3.5045
-0.27819 1.6535
-1.3696 0.065276
0.42731 -0.72466
-0.14521 0.91551
-0.3128 2.4338
0.28836 3.3248
-0.056258 1.9253
-0.35184 -0.015974
-0.64126 2.3017
0.10449 -2.339
-0.44863 1.5637
0.85657 -1.0087
0.50401 -2.0073
-0.66892 2.1217
-0.88972 4.9243
-0.39586 -2.1118
1.3932 -1.9492
-0.55053 0.782
0.66203 3.645
-1.2089 -3.9072
1.2387 -0.66614
-0.11223 7.1114
1.4308 3.8288
-0.7524 -1.4824
-0.58763 -2.2898
-2.5741 2.8385
1.2005 1.9236
0.39749 -0.53374
0.57879 -0.27398
0.082957 -0.10102
-1.0367 -0.61339
1.1424 -1.882
0.82572 -1.1275
1.3381 -1.3572
0.70893 3.8506
0.069345 2.6481
-0.48344 2.0051
-2.6984 0.36513
0.7047 0.014287
-2.3846 -3.1061
-1.269 -7.1646
-0.038842 -6.7381
1.0898 0.93327
0.29959 -3.5126
-0.7052 -3.005
-0.35819 -0.62412
-0.3579 2.2943
0.26221 -1.4426
1.8241 4.9613
-0.52648 -0.00018873
2.1823 -3.9365
-0.76771 -4.7462
-0.48544 0.49462
1.7699 -0.71449
-0.42919 0.30342
2.0183 4.7089
-1.5696 -1.1773
0.5237 2.191
2.0632 -1.0499
1.2931 0.9009
-0.25008 -0.7477
0.38151 -1.7939
-0.33053 -3.5992
2.307 -1.8719
-0.82556 -4.6141
0.55777 1.7736
1.6275 0.20453
0.89071 -1.2919
-1.0237 -4.2832
-0.89923 -2.026
-1.1856 1.7795
-0.58534 0.31038
1.1583 3.8233
0.81462 2.7563
-1.109 1.5674
0.1997 -2.6668
0.50474 0.62505
1.089 1.6872
-1.4046 -2.2376
0.51744 2.7974
0.42079 -2.7474
-0.83224 0.58099
1.7954 0.57086
-0.33941 0.51051
-0.81485 -2.7682
-0.13241 1.9349
-1.2696 -2.2383
-0.93261 -2.6373
-1.6143 -3.7381
1.6739 -0.48455
-1.1033 0.1198
-0.47864 -5.8045
0.87068 2.009
1.0026 -1.7266
0.37053 0.51043
-1.2383 0.84873
-0.012237 -0.42243
-1.1351 0.19885
-1.3186 -0.26177
-0.6629 1.6016
-0.84472 0.84218
-0.61449 -0.40525
0.38361 0.72113
1.161 -0.055806
-0.11993 6.3434
0.12256 -3.2407
-1.6055 -1.1634
