3.3284 3.5264
2.334 4.2428
7.8057 2.2146
2.8158 4.4822
4.243 6.6283
3.4643 4.6533
2.9116 4.9889
1.1869 6.1025
4.4371 4.9667
7.3058 2.4035
2.7738 5.543
5.4424 4.9496
2.1576 7.2288
4.5263 3.9795
5.5042 2.8961
4.2093 3.5514
6.135 2.9712
-1.3923 6.1202
2.858 4.1901
2.191 3.5082
2.9566 4.4274
3.4473 1.8236
3.4973 4.8707
6.7311 4.7155
5.0813 4.3737
3.848 5.1133
2.7311 5.1262
3.0512 3.015
2.782 4.9597
4.6585 4.097
2.0707 3.7963
1.9372 4.8397
6.3548 2.5624
3.0774 4.9616
0.78185 5.7308
6.2908 2.9588
1.5648 7.1201
2.0518 5.138
0.36847 5.5707
6.1086 2.4783
2.1376 3.194
1.0287 5.3003
1.8773 3.2532
1.6002 4.8443
-0.0042634 5.1261
7.3334 1.143
2.4626 4.8433
5.7382 5.1908
1.77 5.6861
-0.77135 5.0648
3.7228 4.9891
5.6082 4.2808
0.57915 6.4396
-0.11005 6.0301
1.1693 3.9322
6.8962 4.7523
4.0375 3.4413
4.5236 4.0616
3.6374 2.971
2.6686 4.5999
4.54 4.1897
6.5548 3.6641
4.5212 4.4629
3.4324 3.6589
-0.9497 6.5183
7.0308 3.5156
7.4614 3.5511
3.5794 3.5112
-0.74287 3.8073
2.5553 4.0507
3.2204 3.2823
6.6117 5.2554
10.196 2.0403
3.18 5.0417
2.5802 7.0554
3.3663 4.955
3.6177 3.9683
0.27593 3.6336
7.3403 3.5284
3.8567 2.9014
5.7388 3.0548
3.8387 3.2192
2.472 4.9433
2.0659 4.9862
3.2255 5.7243
3.6863 2.4265
1.8858 4.2215
3.231 4.0904
2.5971 4.6399
4.6111 2.1138
2.1723 5.3379
2.5077 5.1855
1.6719 5.4572
6.1946 4.2027
7.5843 2.8526
-0.74737 5.6026
7.3247 2.091
3.6609 4.375
2.7727 5.7423
4.2903 3.891
6.2364 2.6127
5.2996 4.4167
1.3469 6.8561
7.9669 3.839
5.3328 2.8897
2.6508 5.6978
2.4151 2.8016
2.4128 5.3592
6.7337 5.3632
2.2159 5.6447
0.33909 6.9238
1.2134 4.3193
3.8448 4.9502
8.4922 0.62174
2.1385 4.5121
0.54295 4.1937
7.0975 2.1082
-0.31397 4.1533
-0.55341 3.1628
1.7527 5.5765
4.3236 3.7895
-0.28079 6.5342
2.4464 3.4989
1.3639 6.0261
4.2726 3.2356
3.9949 4.4602
7.4755 2.6088
2.5811 5.3161
5.005 4.9799
8.308 2.0428
1.1273 5.9633
1.4359 2.8478
3.7484 5.1101
2.2541 5.2208
3.6479 4.1445
0.48846 3.9749
4.9193 3.3907
3.9825 5.0419
3.2259 4.1712
2.8732 3.2983
1.1097 6.4587
4.698 4.4443
6.0803 3.7172
3.6781 4.0904
1.7507 3.9115
3.9957 2.7774
3.2692 4.3372
1.4173 4.072
3.3054 7.2962
4.1108 5.408
5.8625 3.4174
3.6643 6.2588
2.6888 5.3252
4.1969 2.6555
0.86854 5.1216
3.5075 5.7536
4.3308 5.3884
1.0298 6.6914
6.7271 2.2343
1.1686 4.7757
4.3003 5.0556
5.0876 4.9694
4.1147 5.1308
7.2918 2.098
0.9091 5.5766
0.42927 6.0258
3.3184 5.374
8.035 3.9639
4.1295 3.971
2.0385 6.3444
3.3698 4.3187
1.4551 5.5655
1.9622 3.3327
0.97458 4.4896
0.65469 5.9864
5.4279 2.8233
8.793 4.153
-0.4982 6.1747
0.55742 5.1998
2.9653 4.4251
6.5265 4.0402
2.3312 5.0449
2.1452 3.5104
7.1282 1.6284
3.4257 5.2026
7.6656 0.78435
3.0437 5.1038
5.8991 5.2386
3.0492 4.8019
0.29532 4.9861
5.9572 3.3779
6.3042 2.5958
3.4363 2.9028
5.2804 4.6755
8.4054 4.4474
3.858 5.1089
4.3282 6.9712
2.6235 4.9687
-0.59749 3.873
4.1985 5.3806
4.4778 7.2474
5.8626 3.9767
7.3305 3.9241
2.2655 5.1445
3.4832 3.3066
5.4585 3.7379
1.1751 6.3857
0.52851 5.0545
1.7541 4.9139
6.2612 4.0002
5.1386 3.228
5.5328 4.7257
2.5996 5.0566
5.6395 3.4354
4.1698 3.892
0.559 3.6817
4.7284 4.2088
3.3895 4.7051
5.1711 3.4677
1.0716 4.8319
4.4106 4.3053
1.4191 3.5159
1.487 5.9969
0.24566 8.2158
1.0076 3.2485
5.6032 4.0059
0.066841 4.3309
-0.52745 6.0767
3.9916 4.261
3.1543 2.9313
2.4772 5.2083
3.3838 4.4681
4.3431 3.0918
5.2545 3.1
2.2568 4.1284
4.4344 2.252
2.3179 6.832
4.2472 3.0936
5.2472 3.2325
2.6992 6.9722
6.864 2.9529
1.0606 5.1339
4.033 4.779
2.7162 4.8583
0.52837 6.0686
3.6304 5.8715
3.7972 3.3983
3.8966 5.5679
4.8153 4.0267
3.2809 5.3127
