2.2313 -0.006716
-0.11041 -0.24428
2.2567 -0.13893
-0.11032 0.53941
1.8687 0.96368
0.90381 1.1809
2.5233 -0.15812
2.4948 -0.13132
1.7216 0.92416
2.2408 0.34182
-0.27774 0.25387
-0.33182 -0.085385
1.8637 0.69768
2.1763 0.24445
1.0909 1.1593
0.59278 0.79294
1.5039 0.8733
0.133 0.81324
2.1378 0.27629
2.2508 -0.065367
0.11314 0.76098
0.93701 0.95574
-0.32098 -0.27026
2.3528 -0.18991
-0.099478 0.15936
0.96564 1.1557
2.4827 -0.17952
0.91882 0.94139
1.534 1.0868
1.3196 0.89478
1.2024 0.98017
1.2242 0.89671
-0.16767 0.058921
2.3588 -0.12966
0.19673 0.88596
1.9508 0.67462
-0.05392 0.34909
-0.004951 0.38764
1.0437 1.1264
2.4002 0.01968
2.553 -0.11792
0.20519 0.49576
1.7421 0.73701
0.18021 0.64849
1.1446 1.1722
2.4613 0.18095
1.3248 1.0152
1.2201 0.95629
1.7735 0.78216
0.029054 0.67196
1.7793 0.66808
0.38004 0.92065
2.02 0.7394
2.3949 0.18471
2.4523 0.1325
1.1564 1.1604
1.0842 1.0841
0.7054 0.85821
0.469 1.0528
0.96391 1.0906
-0.14889 -0.20617
1.1871 1.1698
0.71449 0.93978
-0.18967 0.43975
1.2015 1.1067
0.63319 0.79184
2.362 -0.048417
1.6023 0.75786
1.4466 0.81897
1.3363 1.0593
0.17333 0.8678
1.8216 0.90786
0.081635 0.34015
0.25464 0.58381
1.9643 0.60745
2.5375 0.079516
0.62017 0.96668
1.1034 0.92031
1.0929 1.0859
2.0679 0.58609
2.2438 0.018672
2.5313 -0.051734
0.6948 1.0493
1.6518 0.98267
-0.15413 0.43096
0.48594 0.98916
0.22905 0.87914
0.33822 0.9429
0.2623 0.72649
0.000112 0.29977
0.47028 0.89145
2.2131 0.3229
2.2575 0.5398
1.2919 0.84261
2.4128 -0.24353
0.73901 0.90487
0.13483 0.37633
1.5985 1.0463
2.5737 -0.071679
0.38627 0.91107
1.4852 1.0196
2.3918 0.45788
2.487 0.25988
0.14546 0.8249
2.4573 0.203
-0.38251 -0.25117
1.9432 0.65427
1.54 1.0972
2.1442 0.27633
0.07247 0.50761
1.8867 0.60152
1.9451 0.90947
2.3827 0.30633
2.5016 -0.28705
0.944 0.97058
2.2799 -0.059214
-0.083077 0.34316
1.0275 1.1084
2.515 -0.017785
0.062542 0.55776
1.866 0.93042
2.217 0.27713
1.9996 0.71139
2.144 0.49684
2.4127 0.38477
0.28146 0.76712
-0.057955 0.59864
-0.044778 0.27902
1.4446 0.99608
0.35237 0.85482
1.3399 1.0763
0.78475 0.87578
-0.11372 -0.049178
1.1232 0.98891
2.3642 0.30405
2.2053 0.6286
2.2503 -0.22959
1.0783 1.0307
1.9238 0.90695
0.73655 1.0076
0.8314 0.98668
1.7918 0.90814
-0.28792 -0.22452
1.2094 1.0141
-0.29104 -0.10586
-0.2153 0.014864
2.3044 0.072602
1.129 1.0423
0.40847 0.94773
-0.18848 0.22795
2.3504 -0.18
2.3949 -0.04439
-0.057139 -0.064273
1.0258 0.97067
2.0777 0.33347
1.866 0.64702
1.5686 0.76447
1.7148 0.67862
0.67726 0.92619
0.23176 0.74026
2.4036 0.02808
1.1747 1.1861
0.58422 1.0582
-0.049945 0.51384
0.21491 0.65104
-0.14843 0.47074
0.7369 0.80068
2.5665 -0.26199
2.0831 0.72353
2.3203 0.11151
-0.11458 -0.28307
2.3781 0.33253
0.50813 1.0049
0.13054 0.53372
2.3499 -0.17682
1.8964 0.76235
0.19212 0.43675
1.3906 1.0651
-0.23735 -0.24571
0.75529 0.86058
0.96088 0.99222
-0.17722 0.42822
0.45746 0.84235
-0.052487 0.19681
0.031188 0.68877
0.15881 0.56531
2.2266 0.23846
0.50828 0.79388
0.1988 0.42195
-0.1306 0.18868
1.9223 0.86036
1.0434 0.94956
1.7784 1.0293
0.53518 0.84685
1.2024 0.85977
2.1941 0.15587
2.0079 0.8843
1.4797 1.025
2.2663 -0.27545
2.12 0.37703
1.7804 0.82828
1.9746 0.55873
1.0173 0.85172
0.92178 1.119
0.6346 1.0986
-0.030571 0.037696
2.1452 0.4846
0.028382 0.29072
0.41654 0.81005
0.51485 0.70983
2.015 0.80824
1.6509 1.0804
-0.11212 -0.2485
-0.25486 -0.23195
-0.20073 -0.29433
1.6254 1.0911
1.8883 0.62266
1.0373 1.0605
1.3304 0.93837
0.50933 0.77534
1.9775 0.63568
2.0573 0.6556
-0.33101 -0.24654
2.3128 0.16854
-0.025584 0.041192
-0.029949 0.050948
0.19045 0.55306
0.11429 0.59666
2.4603 -0.023004
2.1774 0.19178
1.2453 1.0741
1.7012 1.0569
2.407 -0.10554
1.8018 0.94956
0.94559 1.1133
2.4142 -0.15263
0.65037 1.1276
2.2201 0.61776
0.19361 0.83849
0.29739 0.68633
-0.089173 -0.12492
0.13442 0.47002
-0.066938 0.1648
2.2784 0.23747
0.20626 0.46389
2.5289 0.080544
2.403 0.01648
1.3455 0.96953
1.2796 1.0687
0.13249 0.75228
