3.2181 1.2513
4.3768 3.7513
4.0238 7.0316
4.2337 1.2491
3.5863 3.9663
3.1579 4.5302
3.0205 7.6884
2.7527 1.0704
3.0664 2.4529
4.0863 2.636
5.8904 7.2215
5.4967 6.6674
4.3853 8.0607
3.9208 -1.2966
1.449 5.4015
3.8365 7.2047
4.0265 -1.1862
4.156 4.4365
3.4188 -0.39581
1.9109 4.2773
5.702 6.9358
3.4349 5.6911
3.8013 1.2372
4.1473 6.2055
4.1567 0.03119
3.3029 5.7209
3.7525 5.3505
2.9125 7.4323
3.8829 4.9371
4.0817 5.9123
2.4871 4.4905
4.1686 3.1645
4.6565 3.7694
5.3688 8.0925
3.5913 3.5662
3.0587 8.6224
4.7073 6.3486
4.6825 8.2436
3.4343 3.0375
3.6283 3.017
3.2519 7.225
3.0359 0.86943
2.9588 2.2402
1.9567 2.5559
3.4675 5.5865
2.6029 7.6296
3.3665 5.6439
4.6057 3.6952
4.9114 3.0965
3.2089 4.4871
4.7769 3.8415
3.8423 4.2404
3.1024 6.1167
4.6927 1.9506
3.9628 5.7027
3.4938 6.0784
4.2718 4.6288
3.4388 1.1291
2.5038 12.214
1.5092 8.9267
3.775 3.9251
3.1908 2.8564
3.9184 2.0779
3.5169 1.548
2.7424 7.9727
2.8546 6.0194
4.0668 3.3194
4.1162 3.7644
4.3663 -1.0391
3.0784 4.7523
3.5563 0.91413
3.7209 7.152
3.1062 4.5402
4.4343 1.7637
4.4294 6.3689
3.6181 2.1479
4.7699 2.5213
4.7195 7.2092
3.5337 6.4325
3.2091 6.2416
3.599 3.5271
2.9221 3.515
3.5253 3.6337
3.3433 3.7013
2.6834 -0.64479
2.7616 2.8438
5.6484 2.2305
5.8241 3.6348
2.21 2.768
3.9115 7.3236
4.4512 4.9088
1.9057 -0.81243
2.9611 1.0977
3.1431 5.1715
1.3221 6.6645
2.5963 7.8569
3.6881 5.3314
2.4102 1.869
3.1054 6.429
3.2545 2.1062
6.1732 6.3021
3.7245 0.8389
2.4521 4.5593
4.0423 4.5526
4.4158 -1.5762
2.6134 7.5697
5.1137 3.4884
2.6066 5.6762
3.3057 3.616
4.2762 5.3408
2.9533 6.087
4.9969 1.466
3.5496 1.887
4.1584 6.8691
3.9182 1.5878
2.6009 5.4807
3.8927 4.6711
3.2115 8.8079
5.893 5.3182
2.103 5.5019
2.1553 5.0847
1.4151 0.083145
3.8653 5.5677
3.6153 4.8895
3.7819 5.786
4.1845 0.37506
4.5247 3.3595
2.3293 0.93411
2.801 8.5778
4.1344 3.3322
3.3247 0.64566
4.3886 2.4969
4.9117 1.9291
3.0046 4.7166
3.2845 3.5032
3.3874 3.9864
4.6641 2.5441
4.1612 6.1074
3.3469 4.619
2.8625 2.2758
2.435 9.282
3.8776 5.9914
3.638 4.0828
2.8121 2.2469
3.3788 0.58293
4.7037 1.3326
1.6113 1.8378
4.425 3.6198
3.8972 5.0078
2.9782 0.91209
5.2421 8.4216
3.5272 1.962
3.0887 3.8206
2.6683 5.1553
4.121 5.8165
4.0327 2.7135
2.8461 -0.1713
3.1685 2.4536
1.4383 3.8076
4.3486 4.7334
2.2015 5.5303
5.9322 6.3365
3.3188 3.268
3.2551 6.7412
4.1617 4.4985
5.0108 3.6254
3.0487 5.4485
3.9613 7.2096
2.232 3.7264
2.3404 4.316
1.4548 1.4387
2.0313 4.8368
4.0241 2.0326
3.5482 -0.56125
1.7066 4.8795
3.197 4.6773
3.3943 5.2897
4.6411 4.971
3.2284 -2.635
2.7528 4.993
1.644 3.9349
3.476 4.8835
3.8375 5.0452
2.8743 3.3468
3.6599 9.5064
1.8142 3.589
2.6917 -2.5741
2.5191 1.8375
2.9478 6.1199
3.4455 6.8372
2.0292 4.0761
3.633 7.6003
3.5848 2.8704
4.4738 8.8644
3.5092 4.4617
3.8551 1.1773
3.6017 6.4628
2.0702 6.206
2.8516 3.2578
3.6842 3.7996
2.2855 0.47235
2.5068 7.4062
4.5345 3.54
2.003 7.5749
3.7094 1.5326
3.9552 1.4658
3.9436 3.9795
2.6333 6.9622
3.2353 -1.3129
3.0821 6.0168
5.7778 2.3502
1.561 3.1421
3.1425 2.8086
2.2518 7.5288
5.4731 0.11573
4.8978 3.633
4.3993 2.7463
3.2611 5.7105
5.6045 2.8516
4.4192 9.2905
2.7676 3.8877
4.8142 5.6665
2.9238 7.1114
3.8871 3.8113
2.3435 4.3545
4.3893 5.1338
4.3879 4.9652
3.3249 5.2343
3.8934 7.0375
4.2524 4.8533
3.2267 3.8147
2.2327 5.3195
3.119 4.0656
1.6755 1.9893
3.2654 0.21153
3.7301 5.6078
3.3068 7.6438
3.5862 5.6617
4.3651 6.156
1.6169 5.5244
2.9131 6.2402
3.7503 3.4833
3.1664 2.6799
1.4608 4.499
2.2777 -0.24356
2.9573 5.413
3.6888 5.558
4.7732 6.5423
6.1338 8.3807
2.8634 4.6933
