2.5343 -1.5325
-1.1054 0.38722
0.47582 -1.0885
-4.1294 -0.37192
-0.15937 0.48626
0.38447 1.2106
1.6768 -1.684
0.88668 -0.27529
4.7266 -0.87613
-1.6886 -1.6053
0.7243 0.98822
-0.91242 0.73661
-1.7329 -0.76002
-1.5882 -0.50714
-4.3032 0.58124
2.5341 -0.39193
2.1784 0.25876
2.0427 -0.27068
-1.1836 0.44156
-0.14992 -1.3762
1.2007 0.30773
-5.261 0.36821
3.1187 0.83376
-1.1833 0.83392
-3.5976 0.1375
3.1746 -0.40339
-1.8894 0.78759
5.2625 -0.92653
0.56373 0.45226
5.5794 -0.87767
0.041324 -1.2052
-1.3526 0.66132
-1.8379 0.36297
4.4829 -0.27347
0.82424 1.1042
-2.7152 -0.17358
-0.76699 -1.4852
2.7144 0.64445
2.2028 -0.71594
-0.70536 -2.3521
-3.667 1.2553
1.5541 -0.47674
1.11 1.0797
2.2145 -0.67386
-2.0373 0.26751
1.8366 0.10995
0.973 0.20732
0.85226 0.62206
-2.3003 -1.131
1.6377 -0.54521
-4.7497 -0.55438
-0.19889 1.7085
1.5298 0.015216
-1.4115 1.0661
1.7971 -1.3272
0.73801 -1.332
3.8425 -0.74252
-4.3301 -0.91259
-0.15871 -0.252
-3.2088 -0.58385
1.843 0.14423
-4.3711 0.10725
0.33801 -0.17032
-2.9939 -1.9365
-1.1833 -0.84017
0.12158 -1.0667
0.082485 0.78895
-1.9468 0.036552
-4.995 -0.00040585
1.2837 -1.0073
-6.7281 1.0412
-1.1871 -0.18516
-3.7031 0.022903
-1.3871 -1.7097
-1.8242 -0.015973
2.1219 -2.2613
-0.92231 -0.89194
2.8486 0.31214
-2.343 -0.63276
-4.3286 1.3785
-1.8305 -1.4001
0.22402 0.045621
-3.7705 0.41787
4.1677 0.098656
-2.0106 1.1217
-0.74218 0.072368
1.5093 -0.30032
-1.4376 0.71042
-1.7599 0.29648
-1.1745 1.3017
2.3301 0.16689
0.24894 1.4499
0.89491 0.43589
5.3938 0.99441
3.7913 -0.38514
0.19388 -0.50351
0.20776 -0.66528
4.2672 1.601
2.7951 0.19228
1.13 1.1062
0.79469 -0.19214
-2.1839 1.0727
0.78625 -0.3039
-1.1725 -1.4788
-0.8096 -1.375
2.2517 1.9557
1.0929 0.40166
-3.3007 -1.7626
5.8552 1.1111
0.91274 0.028005
-3.6027 -0.17305
-0.3293 -0.12927
-0.64849 -2.3731
-2.0002 -2.1004
3.2191 0.47624
0.76488 -0.18922
-3.4796 -0.30526
-1.4146 0.17921
1.6197 0.65621
1.6127 0.96718
-1.6427 -0.34717
2.6449 -0.49828
-1.3199 -1.389
-3.1061 -0.31582
-0.47295 -0.46839
1.1205 -0.39917
5.6929 -0.35323
0.21137 -0.2179
3.4571 -0.57297
0.13795 -1.4639
3.424 -0.35394
-1.3391 0.64789
-1.5327 -0.4708
1.4526 -0.90959
2.0514 0.18671
2.014 1.296
-1.6849 -0.91984
-2.8329 -0.059404
-2.8676 -1.4558
-1.5594 0.078896
2.9871 1.106
-3.9053 -2.1688
-1.081 1.683
-2.3644 1.9798
-0.81712 -0.74303
0.67364 -0.23471
-1.9799 -2.888
-5.5112 0.38315
-1.8302 0.20128
-3.11 0.12979
-3.8925 -0.09093
-0.47325 1.2835
-0.15795 -0.80633
7.2606 -1.3891
-1.5616 -0.90804
-1.794 -0.24998
-2.0858 -1.2844
2.0728 0.3322
3.4578 -1.0496
1.2829 1.0335
1.6342 0.18986
-0.69051 -1.3263
0.54106 1.0827
6.5479 0.73569
3.049 1.0963
-6.0557 0.44619
-0.42934 -1.5735
-3.7803 -0.79367
1.5855 0.69625
5.1549 -0.67295
-2.2023 0.40036
5.2755 0.46313
2.8682 0.56335
2.3484 1.4837
-2.4829 2.4905
0.69046 0.52499
-0.77081 0.091101
1.9079 -0.31422
1.521 0.53746
-2.5891 -1.6592
-1.2134 0.088421
2.7932 -0.95198
6.4924 -1.5506
-0.93323 -0.17733
2.2454 0.59664
0.46069 0.33942
1.0647 -0.62336
-1.7121 1.6647
-1.6576 -0.95655
-5.3348 0.88367
-1.9516 0.034227
1.7709 0.68715
-3.2122 0.21878
2.8515 -0.79851
0.79406 0.55641
1.2896 -2.3214
-1.3293 0.37272
-1.1368 -1.4822
0.6697 -0.40016
2.9715 -0.17526
1.1608 1.3752
-4.469 -1.025
0.83834 -0.10597
-4.3929 0.15495
-4.1384 0.49499
0.77405 -0.40801
3.974 0.98458
-1.0622 -0.83571
0.82681 0.22259
-4.5463 -0.2307
0.61307 -0.41506
-1.3135 0.72698
-2.5422 1.1305
-2.4328 1.1865
2.2432 -2.4806
1.6209 -0.00059697
-1.1391 -0.58266
-5.05 -0.28266
0.61237 1.9729
-0.13354 0.95414
-2.4028 -1.087
0.31421 -0.60545
1.1333 1.4881
2.1136 -0.65873
-3.8357 -2.0621
3.3378 -0.97528
-1.3305 -0.4537
-0.19879 -1.9987
-1.8951 0.28676
-0.71268 0.71099
3.5383 -1.8641
2.2414 0.59937
-0.96944 -0.77385
2.8965 1.5283
-1.6568 -0.95884
1.8528 0.00063966
-0.73531 -0.09339
-5.6405 0.98772
2.8975 -1.5057
1.3048 -0.72933
-1.0159 -1.1698
0.96367 1.0359
-3.6741 1.5363
-1.1821 -0.49439
-2.7111 1.0457
4.4322 0.0015397
-2.6087 1.9523
4.0822 0.28641
-5.1734 0.57642
0.11797 -2.0662
