5.3095 2.9861
4.4795 3.8715
-1.0318 3.6917
2.7826 1.9871
2.5956 4.1475
5.3099 3.1002
2.0007 3.3307
1.9903 3.4698
4.6894 4.0153
-0.0081015 2.0361
1.2826 5.0068
3.3139 2.242
5.323 2.5722
2.4966 2.1104
4.6433 4.1553
3.6897 2.8518
5.5126 2.2345
6.9626 4.11
5.5576 4.6265
3.8824 2.9362
-0.056716 3.8442
4.4235 2.3592
2.7329 2.6109
8.4078 3.1662
4.4806 1.235
1.798 4.3504
3.4565 4.6242
3.322 3.7946
8.4578 1.1284
-0.31029 2.6554
6.0403 3.4112
7.2722 1.4779
2.7255 2.8208
-0.63334 2.9332
4.0268 3.7151
5.1399 3.1016
6.0704 3.3007
3.1025 2.5956
5.3757 3.3314
3.4244 3.725
2.6403 2.6011
2.9582 3.6538
3.1725 3.9637
6.9386 4.1564
4.6496 4.0814
-1.239 4.1129
4.3169 4.4396
4.7661 2.8741
4.0532 2.7158
4.295 3.8418
7.7418 4.7071
3.2246 2.9706
4.4586 3.0424
8.961 3.5389
-0.96977 2.4124
3.4058 3.8469
3.5782 4.245
6.4503 2.2033
6.0724 3.546
4.9537 3.3332
1.9167 2.9329
1.9529 4.9351
6.0848 4.4858
2.7732 4.5692
1.5092 2.2272
3.1875 3.5533
3.5713 3.5652
6.1229 4.0659
5.2143 3.3406
4.1614 3.7552
6.3714 1.1023
0.63221 4.7392
3.4334 2.2611
3.8827 4.6707
-2.0621 1.753
8.1991 4.0993
0.79487 2.3193
7.0363 3.3608
5.1394 2.7768
7.2933 4.0461
6.695 3.4932
1.3288 4.1711
0.31546 2.8723
1.4974 4.2628
3.3388 3.5762
0.36016 3.6036
4.6755 1.9298
0.88308 1.5255
7.9703 2.6365
1.3304 3.8543
6.5453 4.0055
4.7717 4.2179
2.2906 3.6037
2.5855 4.1634
4.6168 3.9471
5.1836 4.8134
3.3608 4.6684
1.924 2.9217
1.1138 1.9431
3.8532 3.976
-0.33216 4.0573
2.7338 4.2064
3.6434 2.5285
-2.5754 5.35
1.9793 3.4959
1.94 3.8006
9.7467 3.9538
3.8334 4.9742
5.7135 5.2377
4.0608 3.2349
0.22433 3.1834
5.0327 4.1089
4.8899 3.2074
5.7217 4.7818
7.3289 3.2931
4.361 2.8895
1.4859 3.863
3.2256 1.9167
0.9634 4.8915
-0.14111 4.2636
3.582 4.0206
-1.0884 2.2345
-1.1719 2.7857
12.54 4.1494
5.2571 2.5156
4.9332 4.0761
5.7227 3.5459
4.8473 2.187
-1.6917 4.8018
0.2801 3.3963
1.481 2.4707
1.8986 1.8222
7.2843 3.4815
5.0839 5.5684
2.3396 3.4062
4.6198 3.6399
2.3306 3.5301
3.9647 3.4562
0.00018067 3.5666
2.6128 2.3596
2.4042 4.5239
6.3994 1.9096
-2.4469 1.8097
5.4828 4.8653
0.10631 2.3389
0.38739 4.0918
1.2212 2.0449
6.6239 3.8586
7.5249 3.0834
3.4889 2.9388
2.8349 3.9794
6.3437 3.9302
5.801 3.371
1.6358 3.2156
6.3496 3.0266
3.5638 1.6655
4.4933 3.5335
1.3898 4.8561
3.0831 5.0659
-1.7005 3.8452
3.6363 0.48495
7.433 3.6433
7.4971 3.3709
6.1399 3.5127
5.5927 2.9402
2.6178 4.8423
6.086 3.3876
7.4737 4.3631
3.6396 4.045
-0.62956 3.1989
0.66832 4.2105
6.629 2.7348
-1.5422 4.3587
1.8139 4.2638
6.0507 4.2466
-0.68899 3.8121
3.6611 2.9866
2.4638 0.96506
0.37305 4.2223
0.77904 5.2927
1.0251 3.9655
6.0266 3.8247
2.0776 3.5922
5.3266 3.6151
-0.57557 4.5517
4.6552 4.9032
2.8077 1.7589
0.71373 3.5087
5.9768 2.6091
1.9683 3.456
5.9127 2.6932
-0.21436 3.9264
4.7206 3.3888
7.0076 3.4004
5.4615 2.8386
2.8198 5.3512
6.0153 4.8568
1.3188 2.5975
7.1474 3.2113
3.5836 4.0606
4.2395 4.602
2.8965 4.0338
0.65623 5.0843
2.2877 3.7945
3.0407 1.8382
4.015 2.6097
4.9616 3.9105
2.5716 3.2095
1.0577 3.6439
4.9222 4.148
7.2198 3.5183
2.9435 2.5353
-2.425 2.7482
3.7205 3.3931
-1.9469 2.5411
2.275 2.0918
1.8762 6.1352
8.1719 2.8462
2.84 2.1441
3.3446 3.1464
5.2614 4.8859
5.5746 2.5769
4.9792 2.4337
1.6342 3.6472
2.5133 2.6774
-1.3796 4.8547
0.099458 3.605
7.1636 4.2213
-0.88197 3.5367
0.9886 3.8679
3.8041 2.8186
5.4512 3.7986
7.4661 3.4727
3.4114 5.7404
2.1435 4.2281
5.0516 3.2098
7.6763 3.2679
-0.80732 3.1992
1.8495 3.6917
7.1826 2.6155
5.9093 4.6874
2.1198 3.119
4.2861 4.1596
8.7896 2.8324
5.4697 2.9585
3.5523 4.789
6.0558 3.1125
8.0117 2.4711
4.6082 3.4997
4.2171 3.4912
