-2.3365 -0.011573
2.0217 0.26357
1.1125 -3.6389
-0.45627 0.91861
0.23507 -0.61803
1.1035 -0.25674
-1.348 1.697
0.19768 -0.76379
0.077154 3.2696
-0.37694 -0.2679
-0.46281 1.6189
-1.9539 5.099
0.89754 1.1894
-0.42528 -0.99085
3.6967 -3.4243
-0.24033 0.02334
-0.59773 2.2202
1.2069 -3.7186
-0.017902 -1.2623
-1.418 2.0129
0.31579 -1.2539
-0.74911 -0.56722
-3.6083 5.1838
-2.7182 3.0223
1.5436 -4.661
-0.17529 -0.59187
-1.6903 -1.256
-1.7794 2.4647
-0.88907 3.039
-0.87336 2.0047
0.47395 0.39505
1.7829 -0.91428
-0.59297 -0.56503
1.2813 -1.7797
1.1539 -0.48718
-0.82347 -0.093452
0.72912 -2.208
-1.6189 3.2259
0.05578 1.1875
0.41751 0.31289
-0.63075 2.9484
0.80996 -4.762
0.6449 -0.76093
1.9085 -1.3913
-1.1233 0.81711
0.0045931 -0.6553
0.17494 -0.15839
-1.2042 -0.12205
1.9705 -1.2415
1.8469 -1.8999
0.20728 -1.2582
-1.3554 2.2776
0.31951 0.062857
-0.55697 -1.1627
-0.32322 2.449
2.5063 -1.675
0.41224 1.0609
-0.6884 4.2683
-0.90486 4.7029
-0.63893 1.2114
1.6403 -0.78149
2.4622 1.7292
-1.6338 0.61174
0.11017 3.2091
-0.32599 3.3358
1.4379 0.83343
-0.75963 -1.3031
-1.757 -0.89639
3.4574 -6.3578
-0.34059 0.016325
-1.2993 2.0593
-1.3907 0.86802
0.082667 1.8948
1.9053 -4.2185
-0.93203 -0.45251
1.1355 1.4823
0.15612 1.3773
3.1808 -4.2074
1.0694 -0.78109
1.2622 0.4767
-0.87548 1.2377
1.2147 -1.0268
1.0564 -1.9904
1.7715 -4.6677
1.0081 -2.917
-1.2601 1.9484
2.2346 -2.2497
0.95876 -2.9713
-0.38153 -3.1781
-1.2575 1.2183
-0.43573 -0.51625
-1.4236 0.6642
1.8968 -1.8736
0.21099 -1.348
0.31702 -0.021575
0.86407 -0.37474
2.8463 -3.3679
-2.0665 3.2942
-0.79016 1.6984
0.29168 1.4585
2.9288 -3.8902
-0.66247 1.3516
1.0199 -1.3999
0.20314 1.9676
-0.35903 -1.8708
-0.24497 -1.3047
1.3 -1.5931
-0.45005 1.4126
-4.1837 6.5954
-0.36143 -1.4019
0.38182 -4.903
-0.33986 -2.6493
-2.7081 -0.030533
1.8542 -1.0476
1.2483 -4.1234
-0.83896 2.4878
-1.7342 0.81394
2.3743 -4.3921
-1.6236 5.1703
-0.47792 5.7364
-3.0392 1.9148
-0.56979 4.3643
-1.1115 3.1687
1.8357 -4.8417
2.6692 -1.6905
1.4889 1.6086
1.2662 -2.7671
-2.2688 0.97638
-0.21346 1.5556
4.5681 -4.8858
0.49313 -4.2317
1.3956 0.4538
1.9511 -1.8222
0.6294 -2.0901
-0.60811 0.096803
-0.43952 0.42084
1.4558 -1.1839
-0.41787 0.49084
1.9661 -2.7001
-0.96242 -1.2471
-1.7531 0.78104
0.28266 1.9278
1.6796 0.32842
2.623 -4.6948
-0.48295 -0.28072
-1.366 -0.16561
1.913 -1.8224
-1.6305 -0.70477
-0.44791 0.62084
-0.31135 2.0168
0.80754 -2.2367
1.1322 1.3745
-0.75664 0.020317
-1.2569 4.0896
1.1864 -0.24118
-0.46482 -1.9904
-1.5294 0.33298
-0.49835 1.6409
1.2674 -1.3401
0.022131 -1.4408
-1.5629 -0.4545
-1.0564 1.4965
0.84979 1.7302
-0.39585 -1.2104
2.0986 -4.2635
-1.5279 1.0609
-2.3476 4.8549
1.5904 -1.414
0.74998 -1.8306
1.8476 0.25238
-0.1315 -1.4525
0.81905 -1.5789
0.11681 0.71999
1.3423 -3.8785
0.79282 -0.32883
1.5416 -2.6636
1.1406 -0.68045
1.5765 0.79641
0.51525 2.1597
-0.40497 -1.9547
-0.74641 0.27118
-0.36686 0.30492
0.12538 -0.42945
-1.4259 3.2557
-0.57775 0.83156
-1.1795 0.59086
-2.0606 3.2704
2.123 -6.5928
0.19463 -1.7472
0.47007 0.80466
0.39972 0.45522
-1.3874 3.5735
-0.25521 -0.084823
0.22646 0.2183
-0.21355 2.5768
1.5434 -3.9677
1.2689 0.85259
-0.5309 -0.94111
1.8568 -3.5239
0.35804 -1.6497
0.34198 -0.74277
-1.43 -1.4285
3.5651 -4.9632
0.97691 0.23446
2.3502 0.59247
-0.18147 1.4076
-2.3786 1.3539
-0.51519 1.9182
0.31368 -4.2521
-0.64931 0.78545
-2.0805 3.4981
0.90853 2.6664
-0.36335 0.95847
0.94408 -3.33
-1.2331 2.6251
-3.5227 2.7282
0.87321 -3.3575
-0.699 0.94377
-0.80774 -0.63895
-1.3495 0.67003
1.0313 -6.728
-0.2703 3.1553
-1.4467 0.57294
0.21512 0.49609
-1.3781 -0.5188
-1.5036 0.5455
-0.97366 -0.056505
1.9559 -3.1037
0.038777 -1.9622
0.17025 0.6887
-2.4424 0.47698
-1.6363 0.40368
0.93708 -3.3047
-0.84651 1.1026
-0.093719 0.27214
0.67534 -1.9324
-0.68935 -0.11029
-1.6149 2.6659
-0.28783 -0.45167
-2.584 3.0382
-1.5974 2.6026
1.4236 -1.0118
-0.44672 -1.3724
-1.925 3.7071
2.2143 -6.1788
-1.4499 0.74584
-1.1534 2.6869
0.25015 0.19927
-2.8157 5.804
1.2821 -1.9127
