-1.6072 0.029642
-0.19354 -1.9644
0.68847 -1.5344
1.4071 -0.41937
-0.69364 -1.3211
-1.4067 0.16481
1.4932 0.68293
-1.4516 0.85093
-0.93086 -1.6262
-0.5034 -1.767
1.8909 0.13173
1.5288 -1.2598
0.39389 1.5676
-0.8672 1.1137
-1.3064 -0.99948
-0.68117 -1.8153
0.14879 1.439
-1.2964 -1.1517
-0.5606 1.6879
-1.4778 -0.88009
1.1216 0.94792
1.6241 0.64079
-0.28612 1.6372
-1.5435 -1.1031
1.0465 -1.1513
-0.46924 -1.3406
1.4129 -0.64479
-1.2401 -1.068
1.4894 -0.94101
-1.3628 -0.63762
1.2006 -1.2579
-0.4357 1.4979
-0.13114 1.4234
-0.51095 1.3046
-1.7697 0.11204
-1.3263 -0.88266
-0.24928 1.6659
-1.54 -1.0165
0.91253 -1.6452
-0.98754 1.0226
1.0667 -1.6584
0.42864 -1.7853
0.31588 1.6815
-1.397 0.83277
1.4117 -0.10023
0.1116 -1.4655
1.6186 0.78607
-0.90137 1.428
-1.6798 -0.6953
0.92502 -1.1423
-1.1764 -1.0045
-0.627 -1.5022
1.4223 -0.032373
-1.4247 -0.35505
-0.23267 -1.493
-0.09068 1.4823
1.4994 -0.20156
1.5944 -0.57801
1.5648 -0.059073
1.3259 -1.4477
1.0257 1.2133
1.8222 -0.15295
-0.4316 1.8747
-1.3182 -1.0916
1.0243 -0.97813
0.091618 -1.9495
-1.3785 0.31486
-1.0163 -1.5716
0.91951 -1.1966
1.6435 0.18696
-1.464 1.323
0.11634 1.7404
-0.019129 1.9616
-0.41386 -1.5494
1.6002 0.10688
1.9965 0.063678
1.1225 0.88613
-1.733 0.30697
-0.56848 -1.8672
-1.1151 -1.4865
-0.27356 -1.6301
0.11583 1.908
-0.62779 -1.621
1.7313 -0.61763
-0.42244 -1.5064
-0.41178 1.5522
0.77274 1.3736
1.5088 0.90942
0.4106 1.7163
0.68858 -1.7314
-0.068068 1.7404
1.3885 -0.1872
0.057699 -1.7876
1.3579 0.77273
1.7145 0.92266
-1.1985 1.5472
-0.15751 1.629
1.0226 -1.4387
-0.006972 -1.5551
-1.1575 1.328
0.1882 -1.7257
-1.143 -1.1081
-0.10201 1.4805
0.87352 -1.2105
-0.045974 1.9401
1.8602 0.69747
1.1258 1.0908
-0.97732 1.3779
1.7024 0.26349
-1.1868 1.3743
-1.4279 -1.2922
-1.37 0.90316
1.0895 -1.5125
-1.1222 1.459
-1.4248 -0.54125
-1.6082 -1.0359
1.1896 -1.3136
1.7099 -0.017914
-0.50258 -1.7404
-1.7367 -0.2949
0.95746 -1.4581
0.35971 1.6764
-1.8199 0.66404
-1.5888 0.21371
0.47222 -1.863
0.29884 -1.4864
-0.73137 1.7218
-1.8624 -0.39927
1.3569 0.45571
-1.8423 0.34991
-1.5624 -0.92401
-1.1542 -1.5002
0.15568 -1.8676
-0.61868 1.5604
0.11053 1.4671
1.1193 -1.0849
1.4602 0.93016
1.9091 -0.54278
0.81405 -1.3639
1.291 -0.96731
-0.92377 1.7266
-1.7073 -0.4382
-1.6436 -0.41233
-1.5935 0.014878
0.86615 -1.1005
1.6842 0.37255
1.6128 -0.16705
1.1235 1.6491
-1.4112 -0.89144
0.1025 1.8245
0.65111 -1.7164
0.9502 1.2938
-1.2903 -1.0645
-0.73366 -1.6242
-0.16959 1.392
1.137 -0.81942
1.1557 1.4187
-1.642 0.45181
1.3894 0.95929
1.0199 1.4549
-0.93826 -1.6482
-1.7115 -0.6685
1.7829 0.79836
-0.76879 1.6028
-0.26134 1.3755
1.4692 -0.21328
-1.0443 -1.6243
1.654 0.50083
-0.27181 1.7211
1.5972 -1.0149
0.92198 -1.4405
0.66555 1.5169
1.7951 0.67645
1.6191 0.95709
-1.6413 -0.79079
-1.4302 -1.1229
-1.7823 0.56094
-0.89099 1.1866
0.75399 1.3089
-1.5624 -1.0357
-1.4054 -0.9947
0.83924 -1.6913
1.7488 0.38886
-0.92138 -1.5628
-1.4312 -1.0019
1.6381 0.048567
-1.1109 -1.058
0.91174 -1.3226
-1.6055 -0.63202
1.5793 1.0332
-1.9507 -0.34633
1.6966 0.024564
0.81288 1.6094
1.4931 1.2753
1.1465 1.2862
-0.61844 1.8733
-1.7073 0.87399
0.2285 -1.8791
-1.4107 -0.000715
-1.725 -0.95983
-1.1852 -1.516
1.6197 0.67145
0.3677 1.386
-0.34014 -1.516
-0.58241 -1.9005
0.35933 -1.8655
1.8291 -0.55854
-1.4058 1.1611
-1.6473 -0.17413
-1.7326 -0.57412
-1.6362 0.89904
-0.16212 1.7265
1.5056 0.18378
-1.4009 -1.3371
0.37766 -1.5006
-0.78885 1.1866
0.94161 1.1809
1.7145 0.46329
-1.2827 -0.729
-0.77189 -1.4465
-1.7386 -0.74802
-1.2269 1.1502
-1.5495 -0.71628
-0.71197 1.7305
-1.5771 -0.71867
1.9756 0.12152
-1.6456 -0.6816
1.5974 -0.41107
1.3998 -0.13405
-1.3841 -0.94536
0.85507 1.3022
1.6876 0.76443
-1.6871 0.57245
-1.0612 1.278
-0.073569 1.5889
-1.3436 1.2563
-0.40011 -1.5165
-1.3745 1.257
-1.8125 -0.1378
1.1743 -1.318
1.0854 -1.0924
-0.29299 -1.777
-1.191 -0.83353
-0.56596 -1.4673
-1.3765 0.54419
0.92832 -1.4267
-1.178 -1.4238
0.22593 1.3944
0.14652 -1.6045
-1.2542 -1.3248
-1.1035 -1.0453
1.0655 1.0429
-0.89943 1.624
-0.87103 -1.2623
1.3735 1.3174
-0.93025 -1.717
-1.5124 0.81875
-1.9928 0.14418
1.6177 0.060981
-0.61779 1.2913
-1.5489 -0.25204
-1.4237 1.3018
-0.50912 1.6595
0.10765 -1.5957
0.49446 -1.4308
1.7346 0.49554
-1.2667 1.3568
-0.24509 -1.5943
0.97653 1.6362
-0.52584 -1.7196
-1.3202 0.99011
-0.29395 -1.5857
0.43834 1.5108
0.76786 1.5898
0.39817 -1.3957
1.5172 1.1764
-0.8007 -1.3768
1.72 -0.9036
0.68262 -1.6182
-0.60107 1.3199
1.027 1.3296
-1.1511 -1.0318
1.7038 0.86215
1.3046 1.4846
1.36 0.77218
-0.69989 -1.5714
1.7576 0.68894
-0.24658 1.6209
1.7394 -0.64573
-0.042449 1.516
0.054396 -1.4762
1.4842 -0.46949
0.46951 -1.9378
1.0097 -1.2235
-0.94281 1.5946
0.31323 1.7008
1.6367 0.39074
-0.98656 1.5926
0.88244 -1.4754
1.3871 1.4088
