7.7032 1.7581
4.832 1.2582
-0.27557 -3.1964
1.7827 -1.9144
2.6655 -2.2697
4.9565 -2.4114
6.7754 0.55329
0.62598 -0.92537
8.7288 3.7368
1.2179 -2.1729
5.3273 -1.6444
1.8424 -0.78886
6.2524 2.7662
3.3804 -1.4718
1.6026 -2.6531
4.6109 -0.2218
3.874 -1.3542
7.5533 0.32598
6.8461 -0.32912
5.0329 0.70231
7.1444 0.27876
6.2875 2.2539
6.577 2.5246
5.2415 -1.416
6.9753 0.1575
3.8898 -1.653
6.8155 -0.096066
6.1265 0.98371
5.4656 0.77435
4.6948 -1.9191
1.951 -1.6541
5.5826 0.19075
5.3371 -0.30742
3.5466 -0.93367
6.9763 1.7246
4.8324 -2.101
1.535 -4.1634
5.8409 0.12853
3.8335 -0.66005
2.5199 -1.5605
5.1176 -2.419
7.56 3.3933
2.1713 -2.449
4.7095 0.18011
8.6747 1.9314
1.0083 -3.1985
2.716 -1.665
4.5962 0.74189
7.3804 1.6641
4.0137 -0.73008
5.1427 1.0652
5.6436 -0.96268
9.745 4.8531
5.8693 1.4822
4.3511 -1.5123
1.5726 -4.4202
4.7508 -0.52685
7.1321 1.3598
5.6807 1.3357
6.8591 1.3619
4.3798 -0.64285
4.1624 -0.69328
6.2639 1.9677
4.543 -0.27034
6.4957 0.67238
6.5212 1.959
5.3886 -0.20718
2.5992 -1.6361
5.2711 2.2145
2.8646 -1.6695
4.3958 1.9465
6.5201 -0.039609
3.1565 -3.134
9.3622 1.0795
2.8977 -2.5042
8.1003 2.428
4.9321 1.3689
1.2288 -4.7694
5.6962 2.0983
3.6695 -4.1597
5.5876 1.0499
0.88722 -4.0137
4.9056 0.066429
10.662 3.7283
4.0693 0.095511
3.2811 -1.3657
4.3962 -1.5311
4.9056 0.75958
1.5075 -3.0776
6.6505 0.82327
4.7602 1.7551
7.9633 1.9134
7.8322 3.7291
8.1832 3.4468
8.7278 2.0297
3.054 -3.1382
6.1559 1.078
3.6547 0.059024
5.7123 -1.7446
4.3857 -1.4816
5.3144 -1.4981
7.4143 4.286
8.4638 4.544
6.139 -1.1796
4.7279 -0.484
5.2334 1.1348
9.1666 1.2255
6.3703 -0.14217
4.7991 -0.48035
6.8929 0.42875
2.4018 -1.638
3.3614 -0.92766
5.2034 0.43036
6.5431 0.86578
8.5496 2.1033
7.9016 1.7151
5.7715 -0.64605
5.654 1.0533
6.6256 0.062146
3.5975 -0.60038
4.2263 -4.2982
5.839 -0.48661
3.6986 0.98135
4.9568 -1.2177
6.5779 1.871
2.9463 -2.5981
5.0086 1.4963
6.4973 -0.81619
6.8971 1.3602
3.6141 0.029439
1.4946 -0.48806
5.6139 1.0099
4.8167 -1.6999
10.029 3.4964
5.1227 -1.2135
7.092 1.3042
3.8373 -1.4773
7.0042 2.4071
6.1984 0.62991
6.2844 1.0196
1.8333 -3.0372
5.9608 0.07665
5.9304 -0.32132
2.6726 0.15001
8.682 2.546
4.5982 -0.82228
4.5267 -2.7009
2.092 -1.3997
3.4136 -0.28488
5.6454 -0.41975
6.6698 1.0549
4.8566 0.66852
6.0117 -1.1151
6.549 1.383
3.6761 -0.75811
2.2665 -0.36189
7.1137 2.0896
3.2879 0.48335
7.1321 1.7068
3.9194 -3.583
3.3519 -2.5299
2.7884 -1.3074
2.0713 -4.0208
4.3949 -0.26185
3.9419 0.493
4.1818 0.058354
2.7774 -1.2321
4.7081 -1.1303
4.1007 -2.4321
6.7127 1.6064
8.2851 1.2608
3.6365 -2.111
6.7282 1.7484
4.262 -0.12921
5.2583 0.090044
3.9163 1.1159
2.886 -1.9883
6.5928 1.9007
2.1604 -1.6231
3.4052 -1.2198
4.4068 0.64808
7.4669 1.8841
2.9308 0.21519
3.9802 -2.9985
2.8479 -2.0624
3.1115 -2.9307
4.3867 -1.0895
4.9535 -0.57017
5.2579 0.62323
2.0077 -2.1835
6.549 -0.72127
4.5242 -1.5728
5.1629 -0.34042
6.5543 -0.80354
6.3413 1.6285
5.6119 -0.40377
6.2029 3.2441
6.6179 2.222
8.0263 4.1223
4.9684 1.1412
4.3785 -1.3901
3.6174 -0.94867
4.6472 0.043799
5.9775 -0.81585
4.4705 0.50685
7.1369 1.9179
4.4266 -0.33628
5.0722 1.5937
3.7186 2.2273
5.2728 -1.3624
4.5902 -0.37394
4.0551 -1.4844
3.7065 -1
5.7638 1.0455
6.2342 0.49971
6.7835 0.56055
5.1613 1.1256
3.9036 0.085843
2.444 -1.6517
5.0437 -2.4604
7.6329 1.5936
5.0515 -2.2443
1.3226 -0.21791
5.2112 1.0495
6.3948 -0.20998
3.2343 -2.3115
3.8515 -1.5626
2.1887 -1.6774
2.0998 -1.6233
3.7673 -2.771
1.1055 -2.68
5.2144 -0.53715
6.4485 1.8954
5.1407 -0.097045
7.5555 1.4269
4.8515 1.9582
5.4426 -2.0833
8.7512 0.57928
1.0391 -2.7541
5.3507 0.85053
6.4114 2.0802
5.4998 -0.40876
5.406 -2.3563
4.8053 -0.81537
4.4384 -0.67925
2.5262 -2.1263
3.9606 1.3816
2.4866 -1.6807
4.5696 -2.4135
4.2663 -1.0002
