10 -7.2 -123.56
0.8 -8.4 -15.266
8 -5.2 -67.835
-2 3.2 -13.393
4.8 3.6 -6.4536
-8.4 -5.2 -28.668
5.2 -8.4 -52.72
-0.4 3.6 -7.8083
-1.2 5.6 -17.2
5.2 -3.6 -31.928
3.6 -0.8 -6.2408
7.2 5.2 -22.746
-7.2 6.8 -94.549
-2 -2.4 -0.57685
-2.8 0.4 -9.6191
3.2 -7.2 -29.204
-0.4 0.4 -0.78103
6.4 2.8 -13.581
2.4 7.6 -9.5462
-2 -5.2 -0.98795
-8.8 -2.4 -45.015
-4.8 2.4 -34.769
-7.6 1.6 -64.746
-4.4 -3.6 -7.8839
7.6 4 -19.557
-8 10 -138.45
1.7764e-015 4.8 -12.946
-3.2 -6 4.9343
-1.2 -3.6 -0.25126
8.8 4.4 -34.8
6.8 -0.8 -27.774
1.7764e-015 8.8 -29.015
4 -8.4 -41.196
-5.6 -4.8 -9.5323
-7.2 4.4 -73.298
-3.6 -3.2 -6.7025
-0.4 -1.2 -1.5073
-2 6 -37.129
6.8 2.8 -21.372
1.7764e-015 8 -16.901
-8.4 6 -105.03
-7.2 1.2 -52.846
-0.4 7.2 -24.6
-3.6 -2.8 1.248
-6.4 5.6 -69.579
2 2 0.8611
6.4 6 -12.902
9.6 -4.8 -92.042
4 3.6 -6.1336
-2.4 0.8 -8.7209
6 4.8 -5.2819
-0.8 -5.2 -0.6416
-3.6 2 -22.941
1.2 -8.4 -18.088
1.6 1.2 3.1528
2.4 -1.6 -9.2808
7.6 -8.8 -91.361
4.4 0.4 -13.292
5.6 7.6 -15.043
-5.6 2.4 -42.586
7.2 1.2 -27.97
0.4 -1.6 -2.3743
8.8 10 -24.173
3.2 -4.8 -10.901
-2 -7.2 -4.652
-2.4 1.6 -7.8036
-1.6 -4 -3.323
1.7764e-015 2.4 -6.1709
1.6 2.8 -5.4894
7.2 2 -31.947
0.4 -9.2 -14.275
-1.2 -1.6 0.83222
9.6 0.4 -65.596
5.2 -9.6 -63.091
-8 -4 -30.294
-4.8 8.8 -78.154
-2 1.7764e-015 -8.2529
5.6 5.6 -5.4467
-4 9.6 -77.99
5.6 1.2 -19.035
-0.4 1.6 1.1522
3.2 2.4 -4.378
-1.6 -3.6 7.1831
-3.6 -4.4 -1.9956
1.6 -2.8 -1.3456
6.8 -8.4 -75.962
7.2 6 -22.359
0.8 -8.8 -11.417
2.8 2.4 -2.9444
2.4 -4.4 -12.248
4 -2 -12.47
-5.2 -8.8 -2.705
-1.2 4 -17.4
-3.6 0.8 -15.653
-9.2 -8 -26.472
6.4 -9.6 -79.29
-5.6 0.8 -27.689
-1.6 -0.4 -0.38314
10 5.2 -42.14
0.8 -2 -0.10401
