-0.7122 -0.96626
-1.1868 -0.30989
-0.65473 -0.94835
-0.63271 -1.0212
-0.7647 -0.88866
-1.0881 -0.59798
-0.40431 -1.4026
0.94224 -0.85521
0.77193 -0.9719
1.2958 -0.27165
0.40895 -1.2713
-1.2256 -0.73086
-0.09949 -1.4003
1.4221 -0.21537
1.0016 -0.95079
-0.80185 -0.86201
-0.54812 -1.1386
0.4608 -1.3772
-0.27416 -1.3652
-0.5048 -1.2252
-0.96422 -0.64143
1.3686 -0.14847
0.56854 -1.0944
-1.2127 -0.35909
-1.1942 -0.7379
-0.51782 -1.2204
0.5105 -1.1167
0.12574 -1.3135
1.2527 -0.20247
-0.39283 -1.3432
0.79393 -0.94418
-0.2811 -1.3161
-1.2987 -0.010395
0.85387 -0.99924
-1.1533 -0.90354
1.1474 -0.57109
-1.0985 -0.36562
-0.25015 -1.4585
1.1853 -0.43877
0.93184 -1.1288
1.0658 -0.97028
1.4904 -0.021911
1.1099 -0.78114
0.53526 -1.3676
1.0056 -0.66085
-0.324 -1.2509
-0.39828 -1.4441
-0.33641 -1.4495
-1.3087 -0.53068
-1.2026 -0.02643
1.3872 -0.26196
-0.67608 -1.1978
1.4405 -0.32434
-0.72295 -1.2967
-1.4267 -0.14794
-0.89084 -1.0055
1.2131 -0.42037
0.56348 -1.1004
-0.14786 -1.2455
-0.50213 -1.3976
0.2696 -1.3822
-0.80601 -1.1625
0.37972 -1.2288
1.2967 -0.43934
-1.3115 -0.16771
-1.1283 -0.58495
-1.1772 -0.10506
-0.11486 -1.3012
-0.50562 -1.401
-1.0577 -0.8134
-0.7364 -1.1653
-0.18301 -1.1799
-0.82645 -0.86062
0.35836 -1.2211
-1.2118 -0.43172
0.4435 -1.3042
-1.2161 -0.019359
0.87162 -0.8092
-1.3952 -0.004612
-1.019 -0.88272
-0.089002 -1.2048
1.1751 -0.20364
-0.083196 -1.1496
-0.50931 -1.332
-1.0302 -0.53281
0.37557 -1.4514
0.72003 -1.2337
-0.76445 -1.1636
0.68185 -0.98031
-1.358 -0.15572
1.2353 -0.24
0.99608 -0.8809
-0.70541 -0.98603
-0.62762 -1.1028
0.56195 -1.2149
-0.49122 -1.0489
1.1048 -0.96428
0.64456 -1.0439
0.022384 -1.4657
-0.024514 -1.1908
1.3112 -0.69189
-0.9672 -1.0452
-0.57191 -1.1844
0.68884 -1.2251
-0.79786 -1.1127
-0.84245 -1.1245
-1.4951 -0.010721
-1.3314 -0.3116
-1.298 -0.1393
-1.3738 -0.005175
1.1954 -0.1386
-0.072293 -1.3537
-0.79464 -1.1203
-0.87063 -0.91681
-1.3077 -0.49906
1.0439 -0.7965
-1.2027 -0.80385
0.78425 -0.86431
-1.2952 -0.47996
0.58703 -1.1346
1.1306 -0.92185
1.3291 -0.59567
1.2186 -0.037012
0.39861 -1.1314
-1.2668 -0.28681
1.3474 -0.10799
-1.398 -0.022069
-1.1289 -0.53602
1.2747 -0.743
0.65069 -1.0874
1.0805 -0.71043
0.82225 -0.98791
1.3736 -0.25698
-0.47274 -1.3855
-1.3534 -0.091919
-0.86688 -1.111
1.3108 -0.32016
-0.94 -1.0842
1.1282 -0.27945
-1.2843 -0.16456
-1.068 -0.70739
-1.2739 -0.21111
1.0043 -0.87979
0.54671 -1.1038
0.21829 -1.1832
-1.4761 -0.26666
-1.4408 -0.16234
-1.3116 -0.57563
1.3907 -0.46775
0.5599 -1.2139
1.2249 -0.46961
-0.4765 -1.2388
-0.048294 -1.3518
-0.53484 -1.1638
0.6606 -1.3142
0.96532 -1.0132
-1.0388 -0.8954
1.1775 -0.60299
-1.0041 -0.60811
-0.57911 -1.183
1.3335 -0.19589
0.74205 -0.92039
-1.157 -0.028239
-0.095942 -1.2368
0.058642 -1.1612
-1.2557 -0.16693
-0.58718 -1.1897
-0.31456 -1.3023
-1.1962 -0.3136
-0.18587 -1.394
0.38386 -1.3711
-0.16357 -1.1644
0.48797 -1.2615
1.255 -0.54663
0.96864 -0.87773
-0.70302 -1.2346
-1.1831 -0.67375
-0.88667 -0.86952
0.99024 -0.598
-0.34885 -1.2528
-1.2691 -0.42045
0.83405 -1.21
0.45259 -1.2088
0.1624 -1.1758
-1.3771 -0.23045
0.65344 -1.3047
0.10222 -1.4453
-0.64719 -1.0372
0.92984 -1.1269
0.27267 -1.4019
-0.62062 -1.0799
0.2039 -1.4024
-1.0204 -0.95229
1.0774 -0.99053
0.54509 -1.273
-0.25722 -1.1537
-1.3283 -0.66643
0.96495 -1.0831
-0.51421 -1.096
0.84649 -1.0975
0.03618 -1.4459
-1.1243 -0.46217
1.1215 -0.73267
1.0854 -0.74895
-1.0769 -0.47408
0.16309 -1.1718
0.48928 -1.1546
1.3212 -0.64901
-0.478 -1.3502
0.57003 -1.1751
-1.4871 -0.14928
1.3722 -0.40371
-1.1137 -0.91811
-0.41374 -1.2977
-1.4509 -0.20829
-0.13215 -1.4331
-0.085276 -1.3044
0.33225 -1.1983
0.72423 -1.1277
-1.2301 -0.39418
-1.3051 -0.37643
-0.43095 -1.3932
-1.055 -0.97061
1.0846 -0.83435
-0.11868 -1.2377
1.0941 -0.57811
-0.96496 -0.76791
0.011955 -1.2971
-1.113 -0.74178
1.313 -0.57401
-0.423 -1.1943
1.0525 -0.81671
1.3098 -0.53607
-0.36923 -1.3658
0.21673 -1.3287
-0.39402 -1.2614
0.49674 -1.3186
0.76088 -1.2269
1.2339 -0.72257
-1.4442 -0.34147
-1.1751 -0.3795
-0.31339 -1.1498
-1.4304 -0.19121
-1.3712 -0.11397
1.0785 -0.84573
-0.84794 -1.1133
-0.66557 -1.3265
0.5015 -1.2608
0.82827 -1.1107
-1.3122 -0.29192
