2.4001 0.31503
2.217 0.27713
2.0777 0.33347
0.96564 1.1557
2.4347 -0.29472
1.1707 1.0267
2.3751 -0.13849
0.84774 0.92329
1.0909 1.1593
2.4317 -0.022871
1.1747 1.1861
0.17326 0.8656
0.19673 0.88596
2.0573 0.37367
-0.11032 0.53941
1.4446 0.99608
0.27583 0.81484
0.96088 0.99222
1.9508 0.67462
2.3734 0.20909
2.553 -0.11792
2.267 0.63753
-0.23362 0.20172
2.5741 -0.19267
-0.098439 0.13618
0.50813 1.0049
1.8216 0.90786
-0.31453 0.10983
2.2663 -0.27545
1.7911 0.9455
1.1564 1.1604
0.23176 0.74026
0.40178 0.74089
2.2503 -0.27944
0.21491 0.65104
1.9695 0.74154
0.46624 0.93105
1.0373 1.0605
1.2094 1.0141
1.3248 1.0152
-0.066938 0.1648
0.99351 1.1752
2.2413 0.63761
0.62917 1.0317
0.32305 0.61321
-0.17286 0.050605
1.129 1.0423
0.19361 0.83849
1.534 1.0868
2.2408 0.34182
2.403 0.01648
2.3203 0.11151
2.015 0.80824
2.2566 -0.12822
0.64035 0.96926
0.062542 0.55776
0.18021 0.64849
1.9901 0.56731
0.17333 0.8678
-0.38251 -0.25117
-0.26837 0.24707
0.5812 0.85693
2.1763 0.24445
2.4573 0.203
2.1999 0.40432
2.2327 0.66796
-0.030287 0.17771
0.90381 1.1809
2.4173 -0.14953
2.515 -0.017785
1.9627 0.85384
-0.11372 -0.049178
0.33822 0.9429
2.4372 0.24594
1.991 0.62174
2.2498 0.47689
1.9432 0.65427
0.40609 0.79662
2.2508 -0.065367
2.3528 -0.18991
2.2438 0.018672
1.061 0.88506
2.3044 0.072602
0.7369 0.80068
1.9223 0.86036
2.2195 0.44384
0.15927 0.7167
0.25464 0.58381
1.4466 0.81897
1.1232 0.98891
2.1941 0.15587
1.3998 0.9961
0.22732 0.69038
0.47028 0.89145
2.1078 0.26285
1.0275 1.1084
2.4608 0.048882
0.53518 0.84685
0.13273 0.77807
1.6513 0.76868
-0.0538 0.22233
1.7216 0.92416
-0.23771 -0.012983
1.3233 1.1449
0.009195 0.69888
1.4541 0.82798
2.144 0.49684
1.4797 1.025
-0.29104 -0.10586
0.43722 0.8646
1.0752 0.89767
-0.33101 -0.24654
2.2266 0.23846
0.13054 0.53372
0.13338 0.83138
0.6948 1.0493
1.5985 1.0463
0.043377 0.65975
0.1988 0.42195
2.3193 -0.16774
0.38627 0.91107
0.96277 1.1905
0.59278 0.79294
1.715 0.79347
2.4603 -0.023004
1.7804 0.82828
0.13553 0.6257
0.028382 0.29072
2.2685 0.18844
1.4214 1.0029
0.07247 0.50761
1.6023 0.75786
0.92112 1.0609
0.23309 0.52689
2.2799 -0.059214
2.4245 0.16483
2.1859 0.11211
2.24 0.52572
1.8771 0.96456
0.35237 0.85482
-0.057139 -0.064273
1.2024 0.85977
2.3127 0.28635
2.3642 0.30405
1.8637 0.69768
0.19045 0.55306
0.055826 0.6796
-0.049945 0.51384
2.5375 0.079516
-0.21004 0.13758
-0.16483 0.15127
0.7575 1.1271
0.75529 0.86058
2.175 0.52938
0.91882 0.94139
2.2575 0.5398
2.3827 0.30633
1.7784 1.0293
2.5737 -0.071679
0.93339 1.0095
-0.14889 -0.20617
-0.004951 0.38764
2.1706 0.56345
0.029054 0.67196
0.25013 0.8796
1.8504 0.92474
-0.33182 -0.085385
1.2024 0.98017
2.2201 0.61776
1.3891 0.93298
-0.16107 -0.23811
1.866 0.93042
-0.11458 -0.28307
1.6667 0.76017
0.21528 0.74071
1.3716 1.041
1.3251 0.93637
0.3198 0.79536
0.018634 0.51764
1.3455 0.96953
2.2053 0.6286
1.4921 1.0113
0.1376 0.3664
2.054 0.58347
0.33773 0.67876
0.65037 1.1276
2.12 0.37703
1.5634 1.1024
2.0079 0.8843
2.4613 0.18095
0.61055 0.80325
1.2511 1.181
0.78475 0.87578
1.6509 1.0804
2.0627 0.5476
-0.099478 0.15936
0.38953 0.77655
0.18856 0.65182
2.5296 0.055182
-0.21751 -0.11962
1.2977 0.98902
0.40847 0.94773
1.0783 1.0307
2.5497 -0.27461
0.80579 0.95908
-0.025584 0.041192
1.2015 1.1067
-0.052566 0.035673
-0.044778 0.27902
1.1194 0.87013
0.50933 0.77534
2.2265 0.10424
-0.12796 -0.20433
0.65085 1.1068
-0.18848 0.22795
-0.20073 -0.29433
1.5686 0.76447
2.1297 0.43353
0.73385 0.92947
0.28146 0.76712
0.87727 1.1637
2.2681 -0.085017
2.2863 0.45034
1.7012 1.0569
0.06813 0.41528
0.94559 1.1133
2.02 0.7394
2.5413 -0.27968
0.081513 0.41252
0.95225 0.90293
0.71957 1.0806
1.1125 0.90071
2.2313 -0.006716
2.2858 0.50212
1.2744 1.1295
0.55337 0.82373
1.1649 0.94959
-0.30067 -0.27696
0.98906 1.0304
1.3181 1.039
1.3363 1.0593
-0.030571 0.037696
2.2437 0.63807
1.14 0.96108
2.1644 0.34167
1.1446 1.1722
-0.36566 -0.22934
2.416 0.31593
1.7793 0.66808
0.98604 1.1619
