2.4001,0.31503,0
2.217,0.27713,0
2.0777,0.33347,0
0.96564,1.1557,0
2.4347,-0.29472,0
1.1707,1.0267,0
2.3751,-0.13849,0
0.84774,0.92329,0
1.0909,1.1593,0
2.4317,-0.022871,0
1.1747,1.1861,0
0.17326,0.8656,0
0.19673,0.88596,0
2.0573,0.37367,0
-0.11032,0.53941,0
1.4446,0.99608,0
0.27583,0.81484,0
0.96088,0.99222,0
1.9508,0.67462,0
2.3734,0.20909,0
2.553,-0.11792,0
2.267,0.63753,0
-0.23362,0.20172,0
2.5741,-0.19267,0
-0.098439,0.13618,0
0.50813,1.0049,0
1.8216,0.90786,0
-0.31453,0.10983,0
2.2663,-0.27545,0
1.7911,0.9455,0
1.1564,1.1604,0
0.23176,0.74026,0
0.40178,0.74089,0
2.2503,-0.27944,0
0.21491,0.65104,0
1.9695,0.74154,0
0.46624,0.93105,0
1.0373,1.0605,0
1.2094,1.0141,0
1.3248,1.0152,0
-0.066938,0.1648,0
0.99351,1.1752,0
2.2413,0.63761,0
0.62917,1.0317,0
0.32305,0.61321,0
-0.17286,0.050605,0
1.129,1.0423,0
0.19361,0.83849,0
1.534,1.0868,0
2.2408,0.34182,0
2.403,0.01648,0
2.3203,0.11151,0
2.015,0.80824,0
2.2566,-0.12822,0
0.64035,0.96926,0
0.062542,0.55776,0
0.18021,0.64849,0
1.9901,0.56731,0
0.17333,0.8678,0
-0.38251,-0.25117,0
-0.26837,0.24707,0
0.5812,0.85693,0
2.1763,0.24445,0
2.4573,0.203,0
2.1999,0.40432,0
2.2327,0.66796,0
-0.030287,0.17771,0
0.90381,1.1809,0
2.4173,-0.14953,0
2.515,-0.017785,0
1.9627,0.85384,0
-0.11372,-0.049178,0
0.33822,0.9429,0
2.4372,0.24594,0
1.991,0.62174,0
2.2498,0.47689,0
1.9432,0.65427,0
0.40609,0.79662,0
2.2508,-0.065367,0
2.3528,-0.18991,0
2.2438,0.018672,0
1.061,0.88506,0
2.3044,0.072602,0
0.7369,0.80068,0
1.9223,0.86036,0
2.2195,0.44384,0
0.15927,0.7167,0
0.25464,0.58381,0
1.4466,0.81897,0
1.1232,0.98891,0
2.1941,0.15587,0
1.3998,0.9961,0
0.22732,0.69038,0
0.47028,0.89145,0
2.1078,0.26285,0
1.0275,1.1084,0
2.4608,0.048882,0
0.53518,0.84685,0
0.13273,0.77807,0
1.6513,0.76868,0
-0.0538,0.22233,0
1.7216,0.92416,0
-0.23771,-0.012983,0
1.3233,1.1449,0
0.009195,0.69888,0
1.4541,0.82798,0
2.144,0.49684,0
1.4797,1.025,0
-0.29104,-0.10586,0
0.43722,0.8646,0
1.0752,0.89767,0
-0.33101,-0.24654,0
2.2266,0.23846,0
0.13054,0.53372,0
0.13338,0.83138,0
0.6948,1.0493,0
1.5985,1.0463,0
0.043377,0.65975,0
0.1988,0.42195,0
2.3193,-0.16774,0
0.38627,0.91107,0
0.96277,1.1905,0
0.59278,0.79294,0
1.715,0.79347,0
2.4603,-0.023004,0
1.7804,0.82828,0
0.13553,0.6257,0
0.028382,0.29072,0
2.2685,0.18844,0
1.4214,1.0029,0
0.07247,0.50761,0
1.6023,0.75786,0
0.92112,1.0609,0
0.23309,0.52689,0
2.2799,-0.059214,0
2.4245,0.16483,0
2.1859,0.11211,0
2.24,0.52572,0
1.8771,0.96456,0
0.35237,0.85482,0
-0.057139,-0.064273,0
1.2024,0.85977,0
2.3127,0.28635,0
2.3642,0.30405,0
1.8637,0.69768,0
0.19045,0.55306,0
0.055826,0.6796,0
-0.049945,0.51384,0
2.5375,0.079516,0
-0.21004,0.13758,0
-0.16483,0.15127,0
0.7575,1.1271,0
0.75529,0.86058,0
2.175,0.52938,0
0.91882,0.94139,0
2.2575,0.5398,0
2.3827,0.30633,0
1.7784,1.0293,0
2.5737,-0.071679,0
0.93339,1.0095,0
-0.14889,-0.20617,0
-0.004951,0.38764,0
2.1706,0.56345,0
0.029054,0.67196,0
0.25013,0.8796,0
1.8504,0.92474,0
-0.33182,-0.085385,0
1.2024,0.98017,0
2.2201,0.61776,0
1.3891,0.93298,0
-0.16107,-0.23811,0
1.866,0.93042,0
-0.11458,-0.28307,0
1.6667,0.76017,0
0.21528,0.74071,0
1.3716,1.041,0
1.3251,0.93637,0
0.3198,0.79536,0
0.018634,0.51764,0
1.3455,0.96953,0
2.2053,0.6286,0
1.4921,1.0113,0
0.1376,0.3664,0
2.054,0.58347,0
0.33773,0.67876,0
0.65037,1.1276,0
2.12,0.37703,0
1.5634,1.1024,0
2.0079,0.8843,0
2.4613,0.18095,0
0.61055,0.80325,0
1.2511,1.181,0
0.78475,0.87578,0
1.6509,1.0804,0
2.0627,0.5476,0
-0.099478,0.15936,0
0.38953,0.77655,0
0.18856,0.65182,0
2.5296,0.055182,0
-0.21751,-0.11962,0
1.2977,0.98902,0
0.40847,0.94773,0
1.0783,1.0307,0
2.5497,-0.27461,0
0.80579,0.95908,0
-0.025584,0.041192,0
1.2015,1.1067,0
-0.052566,0.035673,0
-0.044778,0.27902,0
1.1194,0.87013,0
0.50933,0.77534,0
2.2265,0.10424,0
-0.12796,-0.20433,0
0.65085,1.1068,0
-0.18848,0.22795,0
-0.20073,-0.29433,0
1.5686,0.76447,0
2.1297,0.43353,0
0.73385,0.92947,0
0.28146,0.76712,0
0.87727,1.1637,0
2.2681,-0.085017,0
2.2863,0.45034,0
1.7012,1.0569,0
0.06813,0.41528,0
0.94559,1.1133,0
2.02,0.7394,0
2.5413,-0.27968,0
0.081513,0.41252,0
0.95225,0.90293,0
0.71957,1.0806,0
1.1125,0.90071,0
2.2313,-0.006716,0
2.2858,0.50212,0
1.2744,1.1295,0
0.55337,0.82373,0
1.1649,0.94959,0
-0.30067,-0.27696,0
0.98906,1.0304,0
1.3181,1.039,0
1.3363,1.0593,0
-0.030571,0.037696,0
2.2437,0.63807,0
1.14,0.96108,0
2.1644,0.34167,0
1.1446,1.1722,0
-0.36566,-0.22934,0
2.416,0.31593,0
1.7793,0.66808,0
0.98604,1.1619,0
-0.7122,-0.96626,1
-1.1868,-0.30989,1
-0.65473,-0.94835,1
-0.63271,-1.0212,1
-0.7647,-0.88866,1
-1.0881,-0.59798,1
-0.40431,-1.4026,1
0.94224,-0.85521,1
0.77193,-0.9719,1
1.2958,-0.27165,1
0.40895,-1.2713,1
-1.2256,-0.73086,1
-0.09949,-1.4003,1
1.4221,-0.21537,1
1.0016,-0.95079,1
-0.80185,-0.86201,1
-0.54812,-1.1386,1
0.4608,-1.3772,1
-0.27416,-1.3652,1
-0.5048,-1.2252,1
-0.96422,-0.64143,1
1.3686,-0.14847,1
0.56854,-1.0944,1
-1.2127,-0.35909,1
-1.1942,-0.7379,1
-0.51782,-1.2204,1
0.5105,-1.1167,1
0.12574,-1.3135,1
1.2527,-0.20247,1
-0.39283,-1.3432,1
0.79393,-0.94418,1
-0.2811,-1.3161,1
-1.2987,-0.010395,1
0.85387,-0.99924,1
-1.1533,-0.90354,1
1.1474,-0.57109,1
-1.0985,-0.36562,1
-0.25015,-1.4585,1
1.1853,-0.43877,1
0.93184,-1.1288,1
1.0658,-0.97028,1
1.4904,-0.021911,1
1.1099,-0.78114,1
0.53526,-1.3676,1
1.0056,-0.66085,1
-0.324,-1.2509,1
-0.39828,-1.4441,1
-0.33641,-1.4495,1
-1.3087,-0.53068,1
-1.2026,-0.02643,1
1.3872,-0.26196,1
-0.67608,-1.1978,1
1.4405,-0.32434,1
-0.72295,-1.2967,1
-1.4267,-0.14794,1
-0.89084,-1.0055,1
1.2131,-0.42037,1
0.56348,-1.1004,1
-0.14786,-1.2455,1
-0.50213,-1.3976,1
0.2696,-1.3822,1
-0.80601,-1.1625,1
0.37972,-1.2288,1
1.2967,-0.43934,1
-1.3115,-0.16771,1
-1.1283,-0.58495,1
-1.1772,-0.10506,1
-0.11486,-1.3012,1
-0.50562,-1.401,1
-1.0577,-0.8134,1
-0.7364,-1.1653,1
-0.18301,-1.1799,1
-0.82645,-0.86062,1
0.35836,-1.2211,1
-1.2118,-0.43172,1
0.4435,-1.3042,1
-1.2161,-0.019359,1
0.87162,-0.8092,1
-1.3952,-0.004612,1
-1.019,-0.88272,1
-0.089002,-1.2048,1
1.1751,-0.20364,1
-0.083196,-1.1496,1
-0.50931,-1.332,1
-1.0302,-0.53281,1
0.37557,-1.4514,1
0.72003,-1.2337,1
-0.76445,-1.1636,1
0.68185,-0.98031,1
-1.358,-0.15572,1
1.2353,-0.24,1
0.99608,-0.8809,1
-0.70541,-0.98603,1
-0.62762,-1.1028,1
0.56195,-1.2149,1
-0.49122,-1.0489,1
1.1048,-0.96428,1
0.64456,-1.0439,1
0.022384,-1.4657,1
-0.024514,-1.1908,1
1.3112,-0.69189,1
-0.9672,-1.0452,1
-0.57191,-1.1844,1
0.68884,-1.2251,1
-0.79786,-1.1127,1
-0.84245,-1.1245,1
-1.4951,-0.010721,1
-1.3314,-0.3116,1
-1.298,-0.1393,1
-1.3738,-0.005175,1
1.1954,-0.1386,1
-0.072293,-1.3537,1
-0.79464,-1.1203,1
-0.87063,-0.91681,1
-1.3077,-0.49906,1
1.0439,-0.7965,1
-1.2027,-0.80385,1
0.78425,-0.86431,1
-1.2952,-0.47996,1
0.58703,-1.1346,1
1.1306,-0.92185,1
1.3291,-0.59567,1
1.2186,-0.037012,1
0.39861,-1.1314,1
-1.2668,-0.28681,1
1.3474,-0.10799,1
-1.398,-0.022069,1
-1.1289,-0.53602,1
1.2747,-0.743,1
0.65069,-1.0874,1
1.0805,-0.71043,1
0.82225,-0.98791,1
1.3736,-0.25698,1
-0.47274,-1.3855,1
-1.3534,-0.091919,1
-0.86688,-1.111,1
1.3108,-0.32016,1
-0.94,-1.0842,1
1.1282,-0.27945,1
-1.2843,-0.16456,1
-1.068,-0.70739,1
-1.2739,-0.21111,1
1.0043,-0.87979,1
0.54671,-1.1038,1
0.21829,-1.1832,1
-1.4761,-0.26666,1
-1.4408,-0.16234,1
-1.3116,-0.57563,1
1.3907,-0.46775,1
0.5599,-1.2139,1
1.2249,-0.46961,1
-0.4765,-1.2388,1
-0.048294,-1.3518,1
-0.53484,-1.1638,1
0.6606,-1.3142,1
0.96532,-1.0132,1
-1.0388,-0.8954,1
1.1775,-0.60299,1
-1.0041,-0.60811,1
-0.57911,-1.183,1
1.3335,-0.19589,1
0.74205,-0.92039,1
-1.157,-0.028239,1
-0.095942,-1.2368,1
0.058642,-1.1612,1
-1.2557,-0.16693,1
-0.58718,-1.1897,1
-0.31456,-1.3023,1
-1.1962,-0.3136,1
-0.18587,-1.394,1
0.38386,-1.3711,1
-0.16357,-1.1644,1
0.48797,-1.2615,1
1.255,-0.54663,1
0.96864,-0.87773,1
-0.70302,-1.2346,1
-1.1831,-0.67375,1
-0.88667,-0.86952,1
0.99024,-0.598,1
-0.34885,-1.2528,1
-1.2691,-0.42045,1
0.83405,-1.21,1
0.45259,-1.2088,1
0.1624,-1.1758,1
-1.3771,-0.23045,1
0.65344,-1.3047,1
0.10222,-1.4453,1
-0.64719,-1.0372,1
0.92984,-1.1269,1
0.27267,-1.4019,1
-0.62062,-1.0799,1
0.2039,-1.4024,1
-1.0204,-0.95229,1
1.0774,-0.99053,1
0.54509,-1.273,1
-0.25722,-1.1537,1
-1.3283,-0.66643,1
0.96495,-1.0831,1
-0.51421,-1.096,1
0.84649,-1.0975,1
0.03618,-1.4459,1
-1.1243,-0.46217,1
1.1215,-0.73267,1
1.0854,-0.74895,1
-1.0769,-0.47408,1
0.16309,-1.1718,1
0.48928,-1.1546,1
1.3212,-0.64901,1
-0.478,-1.3502,1
0.57003,-1.1751,1
-1.4871,-0.14928,1
1.3722,-0.40371,1
-1.1137,-0.91811,1
-0.41374,-1.2977,1
-1.4509,-0.20829,1
-0.13215,-1.4331,1
-0.085276,-1.3044,1
0.33225,-1.1983,1
0.72423,-1.1277,1
-1.2301,-0.39418,1
-1.3051,-0.37643,1
-0.43095,-1.3932,1
-1.055,-0.97061,1
1.0846,-0.83435,1
-0.11868,-1.2377,1
1.0941,-0.57811,1
-0.96496,-0.76791,1
0.011955,-1.2971,1
-1.113,-0.74178,1
1.313,-0.57401,1
-0.423,-1.1943,1
1.0525,-0.81671,1
1.3098,-0.53607,1
-0.36923,-1.3658,1
0.21673,-1.3287,1
-0.39402,-1.2614,1
0.49674,-1.3186,1
0.76088,-1.2269,1
1.2339,-0.72257,1
-1.4442,-0.34147,1
-1.1751,-0.3795,1
-0.31339,-1.1498,1
-1.4304,-0.19121,1
-1.3712,-0.11397,1
1.0785,-0.84573,1
-0.84794,-1.1133,1
-0.66557,-1.3265,1
0.5015,-1.2608,1
0.82827,-1.1107,1
-1.3122,-0.29192,1
