2.7294 -5.1622
4.2299 -0.14217
3.9711 -0.53637
3.9536 -3.5502
3.8385 -6.4606
3.038 -1.4555
4.9021 -1.1289
3.606 -2.2032
5.4376 -5.0466
3.6627 -2.472
4.1972 -2.5775
3.3715 -2.2996
4.0746 -5.4305
3.6124 -3.0669
5.7045 -2.1727
4.1725 3.298
4.0851 -0.73472
4.0988 -5.0537
3.5108 -5.4824
4.1993 -2.9287
4.3873 2.3455
2.5878 -2.0441
5.5575 -5.1764
4.9704 -6.9317
5.5591 2.4144
4.5816 -5.239
3.3583 -2.3602
3.1415 -2.8948
4.3987 -2.4084
2.7681 -2.3534
4.9458 -0.69585
3.6272 -3.6787
3.5807 -5.6374
2.8586 -8.1466
4.4046 -5.7561
5.4666 -4.264
3.1973 -3.2491
4.5458 -1.2354
3.9404 -1.4218
3.4442 -2.4997
2.8953 -2.7614
4.6381 -0.83305
3.5252 -4.042
3.3581 -1.4748
4.2467 -5.573
3.1095 -1.0367
3.3925 -5.4775
4.2664 -4.8015
1.3844 -3.9041
2.6364 -3.2749
1.0724 -5.6572
3.8634 -1.6153
4.3514 -5.3026
4.4641 -3.9098
4.2642 -0.64096
2.7552 -2.2271
4.8728 -3.7206
3.3869 -4.1165
3.7846 -0.85197
4.1901 -6.3101
4.0311 -7.0941
2.6616 -6.2408
2.9911 -4.1974
5.9518 -4.0119
6.7301 -1.8186
6.2506 1.5753
5.5617 -4.5644
5.7635 2.0353
4.3779 -7.3132
4.6439 -3.1161
4.3782 -0.28703
4.2932 -3.38
4.6076 -6.3402
4.3516 -2.2415
3.981 -7.6978
3.5086 -0.6808
1.9412 -1.9837
4.1595 -4.266
3.3893 -3.9452
2.9995 -0.48982
5.146 -5.6075
4.1873 0.12819
3.1313 -3.8429
2.664 0.58539
3.5295 -6.2337
4.1369 0.8882
3.3825 -4.999
5.7394 -4.6365
3.7879 -4.4866
4.0743 -2.3945
5.5037 -2.4878
2.4226 -3.4707
1.6543 -1.7435
4.7384 -0.76747
4.0124 -2.0271
4.9358 -0.35886
4.1507 -10.086
3.5129 -5.6427
3.5338 -3.3183
5.0059 -4.5506
4.321 -3.4174
3.9379 -7.4725
2.6141 -2.6862
5.7957 -2.735
3.6736 1.3801
3.7763 -4.8219
5.0277 -7.4684
2.4694 -4.0775
3.9106 0.99606
4.2393 -1.4666
0.86186 -3.8953
5.0055 1.5101
4.7174 0.015309
5.543 -4.1181
3.5451 -5.6709
3.4888 -1.8613
3.4101 -6.2348
4.0675 0.85398
3.5849 -2.5487
3.9774 -7.138
3.0143 -5.5869
3.4381 -7.7365
4.8601 2.5522
4.0201 -1.0786
4.1298 -1.4591
2.8052 -0.051791
5.5067 -7.0023
4.5254 2.1489
3.5407 -4.7799
4.5186 -3.7537
2.5496 -0.71196
3.9552 -1.2904
4.8952 -3.5646
4.1671 -3.1795
3.4159 -4.847
5.8754 1.6844
4.3637 -2.3045
3.8722 -4.7916
5.847 -2.7779
3.5651 -3.6208
3.6045 -1.0551
4.4078 -5.0462
3.8423 -5.701
3.9614 -2.2129
3.084 -4.1495
3.4442 -6.2483
3.9717 -2.1774
3.1747 -2.1745
5.2896 -4.6603
4.6265 -5.6416
2.8533 -3.9203
2.8801 -5.2049
4.5166 -5.4041
3.144 -1.9508
4.8143 -1.9176
3.909 -4.7428
4.0822 -2.7576
3.7814 -7.4132
3.9079 -1.5325
3.4254 -5.545
3.5549 -5.4866
3.4846 -0.11529
5.171 -4.0234
3.6003 -6.4722
3.4524 -6.3303
4.7815 -2.1255
4.7415 0.11668
4.5836 -7.5893
2.5953 -6.6079
4.2252 -3.7217
4.3154 -9.7952
3.547 -0.66977
5.0185 -4.1149
5.7606 -6.3824
4.3038 -4.7218
3.979 1.6708
3.6652 -5.8478
3.9595 -1.649
4.044 -4.1019
1.6479 -5.8558
5.7507 -2.2015
4.2664 -1.3471
5.4242 -4.4012
4.8532 -6.7772
1.513 -1.8018
4.6049 -6.1567
4.7336 -4.9421
3.3585 -0.31285
2.8715 -4.5108
3.8835 -3.1425
2.6936 0.2775
3.3425 0.65035
2.6531 -5.2173
5.1163 -3.6899
5.3616 -5.9116
4.6551 0.27479
3.3901 1.0823
5.6083 0.059114
2.6747 -4.7422
3.3186 -3.8599
4.6425 -2.1196
3.7913 -1.8217
4.5785 -2.745
4.6783 -5.101
6.2696 -0.00088606
4.0061 -5.7408
4.7814 0.020696
3.3818 -4.6532
3.94 -3.7984
5.239 -1.3047
3.5431 0.97232
3.7359 0.48214
4.2087 1.7125
4.598 0.25296
4.5777 -3.7616
3.8664 -4.4794
5.0833 -3.6619
3.4964 -4.1162
5.1276 -0.15717
1.9587 2.2681
6.0679 0.82352
3.573 -5.9954
4.5835 -5.9528
5.1586 -2.2818
4.1888 -1.9064
4.86 -2.0643
4.9309 -1.6018
4.6007 -1.4958
3.3031 -7.3486
2.7907 -1.3497
5.8984 -2.0651
1.9619 -3.2008
4.1558 1.3946
4.3091 -3.0105
3.8627 -6.1706
6.5975 -5.281
3.9883 -3.7068
4.4428 -0.83437
2.5543 -2.3311
4.2721 -0.42496
3.9442 1.3797
2.5028 -8.3964
3.0493 -1.1859
4.228 0.85381
2.0616 -5.9115
4.7469 -3.2485
4.2281 -2.9362
3.8644 -1.9295
3.6021 -1.5384
6.4033 2.4908
