1.3553 -1.8941
2.1337 -0.95588
0.76321 -1.7063
0.52259 -1.6834
2.8283 -1.6845
0.018897 0.37829
2.2098 -0.2353
-4.3721 1.5089
-5.0264 1.907
0.65007 -1.3287
1.7174 -1.1383
-2.0735 -0.093747
-1.1581 -0.61958
0.23363 -2.6096
0.55659 -2.2295
-1.3581 0.2382
-1.1093 0.20088
1.3326 -0.78301
-2.1162 2.2635
0.28998 -0.90015
-1.2819 0.10961
1.1185 0.44635
-3.3213 1.0567
-1.2049 0.65169
2.2609 -1.1464
-2.1454 -0.16974
-1.4596 0.3095
2.615 -1.6851
1.8536 -0.55525
-2.8388 0.58133
5.0994 -2.406
-0.34042 -0.062047
-0.42661 1.5748
-2.8579 1.7547
-1.157 0.053406
2.3715 -1.8228
0.11589 -0.082567
-3.1738 2.3138
0.90475 -0.76189
-2.7036 0.55113
-1.2092 1.1348
-1.0083 0.66076
-0.14727 2.7124
0.76033 -1.0501
-0.29838 -0.57502
-1.2659 0.46998
0.2408 -0.11368
0.34441 0.30457
2.53 -2.2324
-0.050055 -3.7087
-1.6377 -0.70615
-0.83562 1.2216
-0.26652 0.79366
0.16824 -1.2368
0.72664 -1.0582
3.934 -2.6023
-2.1817 1.6479
-0.25172 2.5612
0.43669 1.291
1.3716 -1.9602
-0.55673 0.053277
0.95563 -1.3455
0.22566 -1.5855
1.5041 -2.7571
2.9409 -1.178
-1.9795 2.3001
0.51806 2.5483
-2.5842 2.0967
-2.6381 -0.0065383
3.8627 1.3103
0.56857 -0.75709
-0.016189 0.7241
-0.92397 -0.045796
2.2023 -0.83452
-0.084717 -0.02929
-0.62802 -1.6744
-1.0411 0.85007
-1.4638 1.8593
-0.0062749 -2.6457
1.2936 -0.33096
1.0434 1.5701
3.0247 -3.1606
4.0867 -3.1257
6.6258 -2.7934
0.68849 2.0478
-0.32573 0.91401
-0.97973 -0.046549
-3.2087 2.6664
1.2326 -1.9354
1.4341 -1.4111
1.8158 -0.33606
-1.476 1.6277
-0.22691 -0.22664
2.9521 -3.1181
0.80924 -0.071909
-1.0763 -0.59113
-0.9881 0.71857
0.68532 0.070298
-0.127 0.90882
2.6049 -0.7792
5.1159 -3.1707
3.1976 -1.2626
-0.77938 0.66501
-3.2967 2.3828
-1.1407 -0.25872
-3.2746 2.4436
-0.51628 0.59683
-2.5999 2.2156
-3.3287 1.2332
3.7425 -1.4145
-1.2242 -0.80947
2.8303 -0.83156
-0.57384 1.2054
0.96633 -1.6929
-2.1217 0.17088
-0.21861 0.21393
1.4918 0.51873
-1.1589 -0.60859
-1.9228 0.42743
0.37913 1.5477
1.6986 -0.043245
0.88657 -2.2713
-0.76247 2.0085
-1.0603 1.4385
2.9303 -0.64651
-4.026 1.1318
-0.58076 -0.040832
0.21957 -1.1458
-1.1915 0.86386
1.437 -1.3034
-0.63987 1.7666
-3.3168 0.9182
1.9951 -1.5589
-1.3462 1.9092
-0.54368 -0.63534
3.1801 -3.2284
2.3381 -1.1005
-3.3419 1.0131
-0.2328 -1.1355
2.2755 -0.90367
-3.8105 2.8214
-1.4012 0.73143
1.8032 -0.60566
2.1156 -0.81773
-2.7482 0.86637
-1.9256 2.7516
-2.5213 1.8687
1.5693 -0.99653
1.6481 -1.1356
0.89405 -0.33841
2.2029 -1.7299
-0.25106 0.36476
-0.080023 0.20136
0.6545 -1.4273
-1.637 0.37083
-1.3202 2.0031
-0.31175 0.56737
-0.3112 1.4856
-0.14738 -1.5711
-1.4271 1.2203
0.91203 0.28846
1.5623 -1.8222
-3.6208 2.6905
1.7962 -3.2396
-2.6008 2.905
1.2879 0.071645
0.78831 0.53252
-0.60199 0.89644
-0.66689 -0.56723
1.6486 0.57858
3.9058 -1.304
1.4296 -0.046764
1.2897 0.25779
0.62612 -0.56697
-0.042703 0.29243
1.1692 -1.2024
-1.1035 1.1645
-2.0956 1.1072
0.60011 -0.44334
-0.95937 0.80326
2.0243 -0.4188
-2.4164 0.84937
-0.36673 0.51459
0.31593 -0.97938
1.7887 -0.60191
-3.0842 1.5408
-0.66873 -0.33994
0.23991 1.2389
0.18689 0.93606
0.23881 0.88569
2.9133 0.56281
-1.4496 1.5834
-0.098831 0.24809
-2.0232 1.5542
-0.93854 -1.5054
-3.039 1.2509
1.2478 0.20679
-2.0405 1.3988
0.37898 0.99203
1.1749 -2.6536
1.9198 -2.5971
1.4197 -0.92706
-2.5463 0.94079
0.64255 0.11474
0.32118 -1.2894
1.4592 -0.86244
1.14 -2.6202
0.64904 0.39712
-2.5679 1.118
1.8183 -1.7531
1.263 0.080857
-0.8591 1.0475
0.048488 1.0039
2.5161 -1.6142
-1.5436 -0.10377
-1.2057 -0.071771
1.1089 0.035763
0.307 -0.89348
-2.2051 0.9822
3.1162 -1.0796
3.0876 -1.9144
1.4735 -1.054
-0.51826 2.4112
3.2154 -0.1651
0.10686 1.1404
3.5967 -1.4288
-1.7127 -1.548
2.0427 -0.50478
0.7443 -2.4881
-0.15387 -1.5022
2.2879 -0.83002
1.87 0.46349
0.22921 -1.5169
-1.3822 0.58789
-0.68355 1.8425
-2.5987 1.0539
-5.6623 3.2912
-0.2164 -0.33898
-3.7928 0.094856
3.2526 -2.0915
0.93522 -1.461
-1.7322 -0.1443
-0.1092 -2.0872
1.2365 -2.2388
4.255 -1.9223
0.83059 0.23006
-4.0594 3.1255
1.7739 -1.5214
1.0745 -0.63215
2.8435 -2.2234
