2.471 -5.5983
4.2535 1.0121
6.2851 -0.21925
3.8468 -0.24839
1.5014 -3.7989
4.946 1.2642
5.1975 2.2068
2.1263 -3.4305
4.1824 -1.1304
2.4042 -1.0772
4.0483 -3.2011
1.9348 -4.3695
2.7425 -2.0216
3.6895 0.15171
3.8336 0.78585
3.7157 -0.68208
5.7036 3.3964
4.3691 0.1252
3.0535 -3.332
2.028 -1.2048
3.1168 -2.9298
4.5735 -0.88337
4.5099 -0.382
4.7496 -0.71106
6.6569 0.56858
6.3958 1.8256
2.6977 -1.1507
3.5203 -2.8665
2.7577 -1.7115
2.6983 -0.064794
4.8849 0.47789
5.3582 1.4275
5.7585 0.30453
4.4367 -1.1523
-0.22103 -5.4103
4.4117 -1.25
3.3693 -3.8438
3.9773 -1.7448
1.2705 -3.1068
3.3811 -2.0142
4.7214 0.14964
1.5364 -5.0542
3.7825 -1.6089
4.0355 -4.3105
2.4445 -0.49477
7.4585 5.2147
4.5327 -0.94257
5.4772 -0.37029
5.4963 3.5266
1.2303 -4.8777
2.9907 -3.5897
6.9455 -1.0711
5.9417 0.0072802
1.4425 -4.6591
4.9092 -1.1374
2.6013 -2.6309
8.0603 2.3845
2.8382 -2.7092
7.1084 0.85035
0.97799 -4.5831
3.9122 -0.71423
1.8435 -3.3416
4.3602 -0.39559
5.5117 -1.6366
2.2699 -4.8116
6.648 0.61019
5.6839 3.479
3.6922 -0.26152
3.2652 -1.0437
3.8273 -1.1722
2.8707 -1.9443
2.5325 -3.0678
0.96206 -4.7264
4.5837 -0.98534
2.6072 -1.9076
4.3933 0.57853
4.4815 1.1719
3.6733 0.83277
4.6476 -1.0149
2.7758 -2.3463
5.9383 2.207
1.8737 -2.8177
2.7607 -4.1078
3.2142 -2.5162
5.1344 0.12279
5.382 -0.28984
1.6038 -4.5929
4.1254 -2.5641
3.1908 -3.0017
5.8468 1.1639
0.7329 -3.4302
6.2612 -1.4643
5.2606 -1.8593
2.5141 -2.6257
7.2925 2.7425
4.5241 0.85958
4.708 -1.3851
4.7703 -1.6163
3.4096 -1.5225
3.8426 -0.68362
3.9613 -0.38818
5.2618 -2.9409
3.19 2.7453
5.1963 2.123
7.2486 -1.177
1.9503 -3.9237
5.5149 -1.9706
6.6671 3.804
3.9572 -0.28908
2.2631 -2.293
4.8528 0.74184
3.8101 -0.45937
4.4802 -2.8444
3.4357 -3.5792
2.921 -3.0779
5.4616 -0.88733
4.546 -1.5523
5.6689 -2.5152
7.0678 4.5535
4.8799 1.4502
7.3333 2.7314
4.4445 -4.0442
7.5391 3.0348
3.6793 1.6199
5.2039 -0.12852
2.3462 -2.6892
3.0815 -2.1499
2.5187 -2.8855
3.1643 -2.0793
1.9102 -2.9899
5.8403 -1.4033
4.4396 2.0528
5.3444 -0.071264
2.1644 -5.0327
4.5955 1.314
4.5281 -3.2552
4.0213 -1.129
3.4328 -2.9904
2.3111 -2.1049
5.4267 1.8478
2.8123 -4.2094
3.8233 -0.3048
5.288 -0.49602
3.9891 -2.9308
5.1211 0.70455
1.2532 -4.3248
2.679 -3.5568
1.0006 -3.7025
3.2752 -3.2936
4.1869 -2.4433
5.6916 3.7094
9.3737 2.3247
-0.036061 -5.1749
4.2375 -2.3018
4.0349 1.6446
2.6237 -4.8511
4.1174 -0.71739
4.5761 -0.74322
2.2097 -0.11165
4.5839 0.97815
5.7144 -0.76762
5.062 -3.7747
5.333 -1.7144
3.5785 -4.3003
3.3539 -3.2289
0.8121 -3.3271
4.5161 -0.41764
2.8465 -0.25868
3.5297 -1.6397
1.4653 -3.1297
6.5392 1.9802
2.9964 -3.1908
1.4564 -1.2263
4.1238 -2.2186
4.4589 2.2011
1.3807 -5.7149
5.0826 1.8326
3.5698 -0.080728
2.5646 -1.4623
2.2806 -3.0055
4.6126 0.35851
3.9765 -0.43654
2.8923 -0.11981
2.7634 -3.9575
4.8659 -0.48243
4.3538 -0.25725
1.385 -6.4139
2.7387 -1.66
5.7691 2.0282
3.7782 -1.3597
5.549 0.63561
2.3918 -1.6237
3.8269 -0.32893
3.2428 -1.7912
0.14887 -5.7457
4.0334 -2.1806
6.72 2.1908
2.2117 -0.87681
2.2837 -2.0611
6.5229 4.4786
3.0317 -1.8844
2.8395 -3.4094
1.4594 -5.1838
5.3841 1.2586
7.1536 1.6004
2.8569 -2.2312
2.1999 -4.6291
5.2042 0.06595
8.1023 2.0689
5.8271 2.65
0.96049 -3.7824
3.6758 0.54586
2.8168 -0.55993
3.8398 -0.5875
4.005 -2.9966
2.1555 -3.7606
0.46587 -5.0345
5.8338 -0.039399
2.1975 -4.3024
4.1167 3.9156
3.7817 -1.5452
5.2336 0.60427
5.5562 0.059656
6.0133 -0.46538
5.2494 2.8434
2.4124 -4.2538
3.0434 -0.038452
5.4104 -0.73666
6.8048 2.4254
4.7376 -2.484
4.0237 -1.7829
1.8868 -3.2498
3.9433 -1.6383
2.0424 -2.0004
3.7509 0.57469
4.8857 0.13601
5.1755 -2.5037
4.232 -3.3847
4.5987 1.4539
3.9879 -5.0162
3.3608 -1.8475
3.4335 -2.7443
3.863 1.1339
3.0165 0.036717
6.0946 0.22964
4.6566 0.14112
2.0418 -3.3942
0.47071 -4.4102
2.6421 -1.3788
4.7397 -2.1963
