9.4 4.8 -13.581
5.4 9.6 -9.5462
1 -3.2 -0.98795
13 -5.2 -123.56
3.8 -6.4 -15.266
11 -3.2 -67.835
1 5.2 -13.393
7.8 5.6 -6.4536
-5.4 -3.2 -28.668
8.2 -6.4 -52.72
2.6 5.6 -7.8083
1.8 7.6 -17.2
8.2 -1.6 -31.928
6.6 1.2 -6.2408
10.2 7.2 -22.746
-4.2 8.8 -94.549
1 -0.4 -0.57685
0.2 2.4 -9.6191
6.2 -5.2 -29.204
2.6 2.4 -0.78103
9.4 4.8 -13.581
5.4 9.6 -9.5462
1 -3.2 -0.98795
-5.8 -0.4 -45.015
-1.8 4.4 -34.769
-4.6 3.6 -64.746
-1.4 -1.6 -7.8839
10.6 6 -19.557
-5 12 -138.45
3 6.8 -12.946
-0.2 -4 4.9343
1.8 -1.6 -0.25126
11.8 6.4 -34.8
9.8 1.2 -27.774
3 10.8 -29.015
7 -6.4 -41.196
-2.6 -2.8 -9.5323
-4.2 6.4 -73.298
-0.6 -1.2 -6.7025
2.6 0.8 -1.5073
1 8 -37.129
9.8 4.8 -21.372
3 10 -16.901
-5.4 8 -105.03
-4.2 3.2 -52.846
2.6 9.2 -24.6
-0.6 -0.8 1.248
-3.4 7.6 -69.579
5 4 0.8611
9.4 8 -12.902
12.6 -2.8 -92.042
7 5.6 -6.1336
0.6 2.8 -8.7209
9 6.8 -5.2819
2.2 -3.2 -0.6416
-0.6 4 -22.941
4.2 -6.4 -18.088
4.6 3.2 3.1528
5.4 0.4 -9.2808
10.6 -6.8 -91.361
7.4 2.4 -13.292
8.6 9.6 -15.043
-2.6 4.4 -42.586
10.2 3.2 -27.97
3.4 0.4 -2.3743
11.8 12 -24.173
6.2 -2.8 -10.901
1 -5.2 -4.652
0.6 3.6 -7.8036
1.4 -2 -3.323
3 4.4 -6.1709
4.6 4.8 -5.4894
10.2 4 -31.947
3.4 -7.2 -14.275
1.8 0.4 0.83222
12.6 2.4 -65.596
8.2 -7.6 -63.091
-5 -2 -30.294
-1.8 10.8 -78.154
1 2 -8.2529
8.6 7.6 -5.4467
-1 11.6 -77.99
8.6 3.2 -19.035
2.6 3.6 1.1522
6.2 4.4 -4.378
1.4 -1.6 7.1831
-0.6 -2.4 -1.9956
4.6 -0.8 -1.3456
9.8 -6.4 -75.962
10.2 8 -22.359
3.8 -6.8 -11.417
5.8 4.4 -2.9444
5.4 -2.4 -12.248
7 0 -12.47
-2.2 -6.8 -2.705
1.8 6 -17.4
-0.6 2.8 -15.653
-6.2 -6 -26.472
9.4 -7.6 -79.29
-2.6 2.8 -27.689
