10 -7.2 -67.763
0.8 -8.4 -9.1227
8 -5.2 -42.435
-2 3.2 -2.4308
4.8 3.6 0.55982
-8.4 -5.2 -18.376
5.2 -8.4 -38.381
-0.4 3.6 -0.66492
-1.2 5.6 -9.84
5.2 -3.6 -20.031
3.6 -0.8 -4.0786
7.2 5.2 2.6789
-7.2 6.8 -44.214
-2 -2.4 -5.0196
-2.8 0.4 -0.096771
3.2 -7.2 -20.625
-0.4 0.4 3.6198
6.4 2.8 -4.4721
2.4 7.6 -9.1422
-2 -5.2 0.92284
-8.8 -2.4 -25.78
-4.8 2.4 -13.114
-7.6 1.6 -30.467
-4.4 -3.6 -6.003
7.6 4 -4.9384
-8 10 -68.748
1.7764e-015 4.8 -4.0369
-3.2 -6 -3.0947
-1.2 -3.6 0.74209
8.8 4.4 -16.59
6.8 -0.8 -21.817
1.7764e-015 8.8 -13.814
4 -8.4 -24.965
-5.6 -4.8 -7.4513
-7.2 4.4 -32.631
-3.6 -3.2 -2.2712
-0.4 -1.2 -6.4153
-2 6 -10.529
6.8 2.8 -9.712
1.7764e-015 8 -8.3611
-8.4 6 -49.557
-7.2 1.2 -24.002
-0.4 7.2 -6.7467
-3.6 -2.8 -2.8245
-6.4 5.6 -38.239
2 2 -0.52558
6.4 6 2.1619
9.6 -4.8 -51.007
4 3.6 -0.96699
-2.4 0.8 -6.2359
6 4.8 -0.30502
-0.8 -5.2 0.54865
-3.6 2 -9.8463
1.2 -8.4 -14.479
1.6 1.2 0.60433
2.4 -1.6 3.9149
7.6 -8.8 -58.242
4.4 0.4 -7.6707
5.6 7.6 -1.8454
-5.6 2.4 -16.567
7.2 1.2 -9.1307
0.4 -1.6 0.27705
8.8 10 2.3072
3.2 -4.8 -12.193
-2 -7.2 -4.2499
-2.4 1.6 -3.2586
-1.6 -4 -12.994
1.7764e-015 2.4 -3.004
1.6 2.8 -6.0971
7.2 2 -9.7093
0.4 -9.2 -10.108
-1.2 -1.6 -2.1285
9.6 0.4 -29.416
5.2 -9.6 -37.967
-8 -4 -12.508
-4.8 8.8 -29.819
-2 1.7764e-015 0.52173
5.6 5.6 -10.211
-4 9.6 -30.323
5.6 1.2 -9.7171
-0.4 1.6 -5.9482
3.2 2.4 -5.1413
-1.6 -3.6 -0.66636
-3.6 -4.4 0.22857
1.6 -2.8 -2.0079
6.8 -8.4 -49.995
7.2 6 -9.8567
0.8 -8.8 -9.3834
2.8 2.4 4.5653
2.4 -4.4 -9.9492
4 -2 -12.015
-5.2 -8.8 -5.1886
-1.2 4 -8.0846
-3.6 0.8 -10.422
-9.2 -8 -10.71
6.4 -9.6 -53.015
-5.6 0.8 -15.603
-1.6 -0.4 -1.5558
10 5.2 -12.899
0.8 -2 -7.5138
-4.8 2 -12.645
-3.2 10 -27.676
-2 -4.8 -0.95729
6 -4.8 -29.103
-8.4 1.6 -34.575
7.2 -4.4 -34.955
7.2 -5.2 -33.743
-8.8 1.7764e-015 -33.336
-6 -5.2 -7.8743
-3.6 4 -17.314
-2.8 1.7764e-015 -0.83413
-3.6 -4.8 -2.0937
7.2 -2 -24.416
-2 -3.2 1.43
3.6 -2.8 -9.56
5.6 -0.4 -10.676
4.8 -6.4 -23.957
5.2 -0.4 -7.8638
4.4 1.2 -2.9449
-6.4 -0.8 -15.303
-4.4 10 -25.182
-5.2 -8.4 -1.3977
6.8 -5.6 -35.605
-7.6 -6.4 -10.206
-5.2 -2 -8.0619
2 1.7764e-015 -8.4313
3.2 6.8 -0.13297
1.2 1.6 4.8854
-5.2 0.4 -11.996
1.7764e-015 9.6 -6.1777
6.8 3.2 -11.502
9.6 -6.8 -58.578
8.4 -1.2 -26.092
4.4 -5.2 -24.124
-0.8 -3.2 -5.3803
-2.8 -1.2 -1.9987
9.6 -1.6 -40.008
-3.6 8.8 -25.524
5.2 -8.8 -39.832
4 -8 -31.575
-4 4.8 -17.333
8.4 8 -7.5114
-4 2 -10.885
-4.8 2.8 -15.27
-7.2 -8.4 -9.8779
-6.8 8.4 -47.256
2.8 5.2 -1.8897
-4.8 9.6 -37.464
-7.6 2 -30.396
8.4 4.4 -10.91
0.4 10 -8.971
2 1.2 1.0734
-3.2 -5.6 -0.5376
1.6 2 0.74716
7.2 10 -0.11799
-4.4 2 -16.201
-1.2 -6 -3.69
2 4.4 -4.1477
-4.4 9.6 -28.081
-9.2 1.2 -41.621
-9.6 1.2 -45.096
-9.2 -2 -24.673
4.8 6.4 -0.25212
4.8 -0.4 -12.45
10 6.8 -5.9715
-7.6 7.6 -49.8
4.4 -7.2 -22.048
-8.8 6 -55.733
1.7764e-015 -8.4 -12.042
-2 7.6 -10.425
1.7764e-015 10 -16.81
4 1.2 -4.2694
5.2 5.2 -1.0802
-6.4 -3.2 -16.445
-8.4 2.4 -35.886
6.8 -8.8 -47.197
3.2 -2.4 -10.134
-9.2 -9.6 -15.256
6 -5.2 -21.368
2 4 -6.1282
-5.6 -6.8 -2.4999
7.6 -4 -27.466
8.8 -5.6 -55.755
9.6 2 -28.557
-8.8 -1.2 -33.658
-2.4 2.4 -7.6646
-3.6 -2 5.6366
1.6 -9.6 -19.065
-4 -4 -3.271
-8.8 9.6 -66.925
-2.8 -4.8 -2.7764
2.8 6.8 1.7723
2.8 6.4 8.2685
-7.6 -3.2 -18.355
-6.4 8 -42.277
-7.2 10 -56.852
-1.6 8.4 -10.378
-2 2.8 -7.2897
-8.8 2.8 -42.11
-4 3.2 -17.276
-6.4 -7.6 -9.6785
8.4 -3.6 -33.7
-6.4 3.6 -35.39
8.4 6 -1.2779
-6.8 -6.4 -4.7923
-6.4 -5.6 -11.068
4 -4.8 -12.791
-4.8 -3.6 -3.4628
7.2 -4 -35.907
5.2 6.4 -1.2884
0.4 -3.6 -2.9942
-9.6 -6 -20.582
-1.6 -2 -2.9389
8.4 4.8 -15.366
-4.4 1.2 -12.16
-0.8 2.4 -5.8262
8.8 -4 -47.36
5.6 3.6 -2.8726
4 6.4 1.1226
8.4 1.6 -20.688
-8 -1.6 -26.26
-6.8 1.2 -23.745
-6.4 -1.6 -16.566
-3.6 -6.4 -5.1645
3.6 -0.4 -3.6968
-6.8 -7.6 -1.7493
0.4 -5.2 -3.8864
8 6 0.0085554
-4.4 1.7764e-015 -10.192
6 2.8 -3.2669
-7.2 -2.4 -19.384
3.6 2 4.3399
-5.6 -1.6 -7.1582
3.2 0.4 -1.4481
0.8 5.6 5.7486
-1.2 4.4 -5.4841
-5.6 -1.2 -7.861
-9.6 4 -49.434
3.6 1.7764e-015 -7.4105
-3.2 7.2 -17.88
5.6 4.4 0.02976
6.8 6.8 -2.0593
-2.8 -0.4 -0.92459
-7.2 -8.8 -5.2351
9.6 5.2 -14.802
3.6 6 -7.8011
-5.2 -1.2 -7.8614
-0.4 -7.6 -4.6126
-8 3.2 -43.806
-5.6 -0.8 -16.516
-1.6 0.8 -7.933
9.6 6 -12.507
-6.8 6.8 -46.396
10 -6.8 -70.054
-2.4 -5.2 -1.8984
4 -6.4 -24.855
-2.8 3.6 -6.9712
-9.2 -1.2 -28.859
5.6 -2.8 -18.265
-6 9.2 -46.675
-9.2 -3.2 -30.911
-1.6 0.4 -3.9747
6.8 -4.4 -27.939
-7.2 -9.2 -7.2918
0.4 0.8 0.98925
0.4 -6.4 -3.4153
-4.4 -7.2 -5.371
2 6 4.4972
6.4 2 -5.6849
-0.4 -5.2 -2.773
-8 9.2 -64.041
-1.2 2 -2.3201
4.4 8 5.8794
-4.4 -4.8 -4.14
3.6 -9.6 -29.729
0.4 0.4 1.9384
3.2 1.7764e-015 -7.6731
-5.2 10 -33.664
4.4 4.8 3.5527
-4 8.4 -30.63
-6 6 -37.022
-3.2 3.2 -4.4495
-3.6 1.2 -3.8625
7.6 6.4 -1.4282
6 3.6 -5.3839
1.2 -1.6 -4.0793
-6.4 -8.4 -10.062
2.4 7.2 1.4008
5.2 -2.4 -10.44
7.6 -3.6 -34.14
9.6 -8.8 -75.876
-9.6 10 -85.828
5.6 -6.8 -32.661
8.4 2.8 -14.048
9.2 -4.4 -44.726
-2.4 -4 1.7414
2 -2 -4.6082
8.8 -5.2 -47.504
9.2 0.4 -23.305
-0.8 3.6 -2.0557
1.2 8.8 -1.1001
6.8 8 3.8382
4.4 6.4 0.7432
-1.6 -2.4 -3.6662
-2.4 -9.6 -2.0737
0.4 -6.8 -7.4144
5.6 -6 -28.444
-7.2 3.2 -37.775
-3.2 -4.4 -4.972
6 8.4 3.0112
7.2 1.7764e-015 -21.991
1.7764e-015 7.2 -8.5304
1.2 3.2 -2.8648
-0.4 8 -4.7186
3.2 -5.6 -16.767
2.4 4 -0.76964
-6.8 -2.8 -11.428
4.8 6 -9.9903
4.8 -4.4 -18.895
7.6 -2 -27.385
1.6 -4.8 -12.271
3.6 -2 -5.1561
-9.6 -3.2 -22.429
9.6 -2.8 -43.779
5.2 -4.8 -28.174
-1.2 7.2 -6.1383
3.2 -4.4 -11.732
5.6 -1.6 -22.486
7.6 0.4 -18.089
6.8 4 -7.3683
-5.6 5.2 -30.13
-4.4 9.2 -34.225
-9.2 -0.4 -32.3
-3.6 9.6 -29.885
2.4 -7.2 -11.666
-6 -8.4 -5.7706
-4.8 -0.8 -21.776
0.8 1.2 1.3445
7.2 -0.4 -24.242
8 -6.4 -47.761
4.8 -1.6 -14.663
-4.4 -8 -0.48155
-9.2 4.4 -49.774
-0.8 8.4 -11.283
6.8 0.8 -16.995
-2.8 5.2 -19.535
-2.4 -2.4 -6.6808
-6 -6.4 -10.183
-9.2 -8.8 -16.946
-2.8 -8.8 -11.153
-1.2 1.6 -1.0212
1.6 5.6 2.1638
-4 -2 -2.7438
-3.2 -7.2 2.7565
-1.2 6.4 -11.595
-6.8 2 -24.743
3.6 8.4 0.58741
8.8 -4.8 -45.983
-8.8 -8.8 -8.9312
-9.2 4 -48.448
-6 9.6 -44.151
7.2 7.2 -3.0783
3.2 -9.2 -21.256
-0.8 -7.2 -4.5955
-8 -5.2 -14.643
-8.4 -4.4 -20.624
-2 -7.6 -1.7543
-2.4 4.4 -11.319
10 -5.2 -55.912
2 -2.4 -2.0108
8 -3.6 -36.79
-9.2 -5.2 -25.034
2 6.4 -0.10245
-7.6 3.6 -34.99
-8.4 -2 -30.229
1.2 -0.8 -4.6847
9.2 2.4 -20.367
-3.6 1.7764e-015 -9.2399
-8.4 0.8 -32.207
8.8 3.2 -17.343
-2.8 -2.4 -3.8506
8.8 -6 -49.248
-9.6 -4.8 -26.919
2.8 -4.4 -12.221
-6.8 -0.8 -20.498
6 4 -9.304
1.7764e-015 -2 1.1516
0.4 6 -9.1454
-2.8 0.8 -7.0256
-0.8 6.8 -3.3847
-5.6 -5.2 -2.873
-2.4 3.6 -11.472
-8.8 0.4 -35.028
-6.8 9.6 -53.328
10 -1.6 -44.889
-9.6 9.6 -84.923
8.8 8.4 -5.8779
-3.2 -6.4 -3.0874
-5.2 -8 -5.6157
3.2 -3.6 -12.703
-0.8 -9.6 -15.427
10 -0.4 -33.788
-6.8 8.8 -47.839
0.4 -8.8 -11.521
-8.4 1.7764e-015 -31.724
-5.6 -4 -15.287
-4.8 6 -27.456
-3.6 3.6 -15.055
-8.4 -4 -19.074
2 3.6 0.59717
8.4 -5.6 -46.512
8.4 -2 -29.14
-5.2 -5.6 -1.859
3.6 -6.8 -20.01
-3.6 1.6 -2.4257
0.4 3.6 2.2243
2.4 -0.8 -0.7056
-6 -6.8 -4.5133
0.4 1.7764e-015 4.7964
-8.4 6.4 -52.03
-9.2 7.2 -67.481
8.4 -4 -36.366
-4.4 8 -28.233
-7.2 2 -34.389
6 -0.4 -13.529
6 1.6 -8.1555
1.6 -9.2 -15.168
-2 4 -10.971
2.4 0.4 -4.6277
-1.6 -1.6 -0.73523
1.2 -6.8 -5.8315
-9.2 1.7764e-015 -37.537
-3.6 -6.8 -1.1733
-4 10 -25.204
-2.4 8 -12.674
3.6 -8.4 -24.646
-6 7.2 -38.554
-4 -8.4 -1.1212
-4.4 2.8 -8.4088
5.2 8.8 2.8754
2.8 8.4 -0.68392
-8.8 -2.8 -25.334
3.6 -1.6 -6.9136
7.6 9.6 -5.9258
-9.6 -2.4 -27.61
-5.2 4.4 -22.533
10 6 -12.588
-2 -6 -5.8873
-7.6 10 -65.637
8.8 8.8 -5.9683
2 3.2 -4.3737
-8.4 -3.6 -19.775
-2.4 -1.2 2.4113
-7.6 8.4 -56.073
-1.6 -8.8 -8.4159
-4 1.6 -7.2234
9.6 3.2 -16.15
8.8 -0.4 -25.807
3.2 -6.8 -20.57
6 8.8 -5.2413
3.6 -4 -19.286
9.6 -1.2 -37.377
1.2 6 2.5773
-9.6 -2 -29.395
2 -1.6 -1.5417
-7.2 -0.8 -16.332
4 1.6 1.2838
-2.8 -1.6 -3.3305
6 -3.2 -18.865
-7.6 6 -48.969
7.2 -9.2 -57.307
9.6 -8.4 -72.275
-3.6 5.2 -16.344
-8.4 -8.8 -9.1678
-5.6 2 -19.201
7.2 -6 -39.564
-7.2 -9.6 -1.8159
3.6 -5.6 -21.911
-8.8 2.4 -41.355
6.4 10 -0.85181
-4.4 -6 -2.9555
-2.4 -7.2 -10.222
-4 5.6 -21.47
8 -0.8 -26.879
-9.6 -3.6 -25.494
8 2 -12.698
1.2 7.6 2.2574
-6.4 -9.2 -4.7393
7.2 0.8 -15.308
-7.2 2.8 -30.685
8 5.6 -7.2656
-2.4 4.8 -17.236
-7.2 -7.2 -9.7331
-8.8 2 -39.473
-6 0.8 -18.522
-2 0.4 -4.3057
-8.4 -6 -14.666
-4.8 4.4 -21.454
-6 3.6 -24.014
-6 -5.6 -8.6418
8 -7.2 -48.272
-5.6 -2.4 -9.9189
-2 8.8 -21.027
9.2 1.6 -27.041
-9.6 2.8 -55.495
-7.2 3.6 -36.666
9.2 -9.2 -72.853
-3.2 4 -12.214
10 -2.4 -50.18
9.2 -1.2 -35.605
-8.4 -4.8 -17.031
6.4 6.8 -5.1171
-8 -6.4 -12.577
8 9.2 -7.9341
-0.8 -7.6 -11.104
0.8 3.6 0.26674
1.2 10 -4.8616
1.6 1.6 6.1895
-8 -8.4 -12.966
8 7.2 -0.73953
6.8 -5.2 -34.39
6 -8.8 -40.627
-5.2 1.7764e-015 -15.363
6.8 6 -3.3123
7.2 2.8 -12.939
-9.6 6.4 -66.008
3.6 9.6 2.6668
-2 -5.6 0.124
-9.2 6.4 -62.36
1.6 4.8 0.88149
7.6 4.8 -9.9609
9.2 4.8 -10.286
-9.2 -6.4 -21.129
8 -8.4 -56.331
-1.2 -9.2 -8.739
1.7764e-015 2 -1.9359
6.4 4.8 -3.2267
9.6 8.4 -10.014
-1.6 -8 -8.9519
0.8 6.8 1.392
-3.2 7.6 -13.562
6.8 -9.2 -47.879
-2.8 2.8 -10.407
-5.2 -6.8 -2.2082
8.4 -2.8 -35.388
-1.6 -4.4 0.66192
-2 3.6 -3.0469
2 -4.4 -12.236
-5.2 -7.6 -3.6374
-2.4 -4.8 -0.25843
-4 4.4 -15.654
-6 6.4 -32.165
-9.6 -9.6 -15.823
-4 -6.4 -5.1823
1.6 -1.6 -1.5818
1.6 4.4 1.3152
7.6 -6.8 -46.509
3.6 -6 -18.39
5.2 2.8 -0.2759
2.4 5.2 -2.3196
-4 5.2 -15.492
6 6 -3.1733
-6 -1.2 -12.899
-2.4 -6.4 1.0663
-2 0.8 -2.1981
0.4 2.8 -2.2544
-7.6 -4.4 -11.49
-4.8 0.8 -10.416
8 -2.8 -29.217
-9.6 3.2 -56.275
6.4 8.8 -4.9742
-9.6 6 -55.88
1.2 -9.6 -15.302
-8.8 1.6 -34.489
3.6 -8.8 -26.149
10 4.8 -17.292
2 -5.6 -13.275
-7.2 8.8 -53.509
10 9.6 0.65538
7.2 3.6 -8.3827
6.4 -7.2 -40.21
3.2 -0.8 -13.988
1.2 -3.6 -2.3699
7.2 -7.2 -42.858
3.2 6.4 3.4466
4.4 -2.4 -15.462
-4.8 8.4 -31.782
1.7764e-015 6.4 -9.7761
-8.8 7.2 -65.962
2.8 10 0.66732
-6 7.6 -37.768
-8.4 6.8 -58.761
-4 -1.6 0.69024
-0.4 -8.4 -7.117
-4.4 -6.8 2.274
4.8 -3.6 -14.806
3.6 0.4 -5.6287
-3.2 8 -24.073
3.2 0.8 0.41176
9.6 -3.6 -47.79
-9.6 -8 -9.723
1.7764e-015 -8 -7.4116
2 0.8 3.6823
-8.8 -1.6 -24.247
3.2 -9.6 -26.346
10 2.8 -30.183
-0.8 0.4 2.4598
-2.4 9.2 -17.271
7.6 10 2.3405
-9.6 -6.8 -21.651
0.4 -2 0.3861
7.6 5.2 -10.527
6.8 -9.6 -53.591
-4.4 -2.8 -3.2781
9.6 -9.2 -74.065
5.2 -6.8 -32.107
-5.6 -3.6 -8.5502
-1.6 -3.2 -5.5663
1.2 -9.2 -17.527
-5.2 2.8 -22.097
8.8 6.8 -8.5343
-3.2 4.8 -8.5401
-5.2 -4 -7.6814
10 -2 -40.946
-2 5.2 -13.02
0.4 9.2 -10.416
-9.2 8.4 -72.183
-1.6 -6.4 -11.568
-8 4 -45.702
-6.8 2.8 -33.547
-5.6 9.2 -39.06
-8.8 -4.8 -16.25
-2.8 -8.4 -3.0643
-8.4 -9.6 -9.9664
4.4 5.2 -4.8394
7.6 -2.4 -29.041
7.2 -6.4 -43.433
-0.4 5.2 -1.8527
7.6 2 -19.171
1.6 -8.4 -9.3876
-5.2 8 -36.77
4.4 4 -1.2608
1.7764e-015 -0.8 -5.2096
-4.4 -0.4 -13.002
-5.2 1.2 -20.247
1.7764e-015 -6 -9.706
-6.4 -4.4 -5.7856
6.8 -3.2 -21.536
2.4 10 4.8857
5.2 0.4 -6.7556
6.8 5.2 -5.2236
-1.2 -1.2 -9.7877
9.2 -8.8 -63.495
2.4 -6.4 -18.717
2.8 4.4 3.0988
8.8 2.8 -16.956
1.7764e-015 -1.2 1.7709
3.2 -8.8 -23.974
-4.4 -8.4 -6.4676
0.8 -6 -5.5485
-8 -3.2 -17.137
-7.2 -4 -17.701
-0.8 10 -11.492
-6 -1.6 -15.239
-8.4 1.2 -32.036
8.8 5.6 -7.251
8 -6.8 -48.619
0.8 1.6 -1.3316
-9.2 5.2 -56.015
-0.8 -0.8 0.5757
-6 -7.2 1.5087
0.8 -9.2 -19.608
10 -8.4 -75.77
8 -2.4 -30.433
-4 -5.2 -2.745
3.2 -4 -3.8289
-7.6 -5.6 -7.8362
-0.8 8.8 -8.8914
4.4 -9.2 -31.342
6.4 -6.4 -36.187
9.2 -6.8 -59.175
-7.2 -8 -8.1969
-3.6 9.2 -27.704
-6.8 6.4 -38.356
5.2 1.2 -3.4395
6 7.6 6.6544
-5.2 6.4 -29.54
-1.2 -0.8 7.368
-9.6 0.8 -36.994
7.6 2.4 -10.123
-0.4 -0.4 -6.2224
8.8 -8 -59.968
-0.8 9.6 -13.334
5.2 8.4 2.7371
-2.8 -5.2 -7.5958
8.4 -9.6 -59.717
8.4 3.6 -13.566
4 2.8 -7.1759
0.4 2 3.7991
-4.4 8.4 -31.622
-3.2 6.8 -21.421
0.8 8 -4.2952
2 -4.8 -9.7984
-5.6 -8.4 -1.3251
-2 6.4 -8.632
-5.6 8.4 -38.423
8.4 10 0.56276
10 -4.8 -55.663
4.8 -5.2 -17.186
-0.8 -1.6 -4.6466
5.2 -4.4 -24.56
-6 0.4 -20.801
2.8 -6.8 -14.856
3.6 0.8 -1.4651
1.7764e-015 0.8 0.69404
-6.8 0.8 -25.858
9.2 4 -19.825
0.4 -9.6 -15.954
-9.6 -4 -24.637
7.6 1.7764e-015 -22.73
-9.6 -1.6 -32.898
-5.2 5.6 -31.917
1.2 -2.4 -1.1499
4.4 -0.4 -5.5737
-6 -2.4 -9.6056
1.6 3.2 -4.6612
-0.4 -3.6 -1.1121
2 -3.6 -8.66
1.6 -0.8 2.256
-6 3.2 -28.931
-2.4 1.2 -5.6615
10 1.2 -30.866
-6 -4.8 -10.773
1.6 7.2 -3.4225
7.6 -4.4 -39.581
-0.4 6.4 -4.2825
-2.8 2.4 -9.0725
5.6 2.4 -8.1166
1.2 -8.8 -13.356
6.8 -4 -31.256
4.8 9.6 1.7159
4.8 -7.2 -20.648
-1.2 -9.6 -10.053
10 6.4 -11.076
6.4 4 -5.1968
-4 -5.6 -2.7778
-4.4 7.6 -27.422
0.4 -7.6 -9.6588
-8 4.4 -43.12
3.6 -1.2 -3.8331
-2.4 -8.8 -1.0389
6.8 8.4 1.0198
5.6 -3.6 -17.504
-9.2 -7.2 -12.011
2 2.4 -1.131
8 5.2 -4.7715
-2 7.2 -13.893
6 2 -8.1147
8.4 -8.4 -60.574
-5.6 1.2 -17.197
-6.8 -8.4 -2.2795
-8.4 -1.6 -25.601
-6.4 0.4 -19.704
-8.8 -0.4 -31.321
-1.6 -1.2 -2.3715
-4 1.7764e-015 -3.2929
-4 8 -24.19
7.6 -2.8 -29.354
6 -6.4 -26.797
0.8 6 -5.7259
-8.4 -2.8 -25.546
1.2 -7.6 -12.69
-8.8 -5.6 -15.87
-3.2 -7.6 -0.49089
6.4 -5.6 -34.913
-0.8 1.2 -3.9035
-8.8 4.8 -49.404
3.2 -2.8 -12.485
4.4 7.2 -3.3513
-5.6 7.6 -35.438
1.6 7.6 -4.4042
-9.6 7.6 -73.171
-1.2 1.7764e-015 -0.54711
8.8 0.8 -23.997
-2.4 6.8 -14.362
0.8 4.8 -2.9963
-1.6 3.6 -9.6051
1.7764e-015 -7.2 -8.6655
0.4 -3.2 -4.7401
-2.4 7.2 -18.033
-8.8 -7.2 -18.884
-7.2 7.2 -44.986
9.2 10 -0.25462
4 9.2 1.8824
-9.2 9.6 -77.519
1.6 -3.6 -3.0334
-5.6 4.8 -22.644
4 2 -0.4362
-1.6 -4.8 -5.4901
-9.6 1.7764e-015 -39.575
8.4 -6.4 -51.936
4.8 -9.2 -39.121
-7.2 -1.6 -21.118
4.4 -8 -26.639
1.6 3.6 -0.93434
4 2.4 -1.8936
-8.4 -0.4 -25.736
-3.2 3.6 -2.8691
-7.6 6.8 -49.805
-1.6 7.2 -8.1455
1.2 1.7764e-015 -2.1719
5.6 3.2 2.7021
4 0.4 -4.0702
-0.8 -3.6 -2.0247
-4.8 -7.2 -3.7994
-0.4 -3.2 -2.0862
-8 -2 -18.722
2.4 -6.8 -15.481
5.6 9.6 -0.20884
10 7.6 -0.58645
5.6 -7.2 -38.133
-6.8 -2.4 -12.528
3.2 4.8 1.6924
1.6 -4.4 -5.6673
0.4 8.4 -6.3249
2.8 -0.4 2.4023
-7.6 -0.4 -18.225
10 -7.6 -68.225
0.8 2.4 -0.099333
6.8 4.4 2.8276
3.6 3.6 -1.224
-6.8 7.2 -47.589
2.4 -4.8 -7.945
5.6 -5.2 -27.798
-8 0.4 -27.996
7.2 9.2 5.9987
-8.4 2.8 -43.458
4.4 3.6 8.1286
-2.8 8.8 -21.692
-6.4 -6 -11.671
-5.6 -7.6 -2.4055
4.8 -0.8 -8.5101
-8.4 9.2 -66.142
-6 -7.6 -6.9488
4 5.6 -0.64105
-6.4 9.6 -50.871
7.2 -8.8 -50.947
4.8 10 4.6791
9.2 -0.4 -25.28
6 -6 -25.731
-0.8 4 5.5195
1.6 -7.2 -8.3246
-8 7.6 -58.929
-8.4 3.2 -39.141
1.7764e-015 -4.8 -6.6232
-2 2 -13.475
-7.6 -2.8 -19.004
2 -0.8 -8.2337
-6.4 -6.8 -2.5304
-5.2 1.6 -13.012
-8 -6 -12.068
4 9.6 1.7611
7.6 3.6 -13.251
-0.4 2.8 -2.6161
2.8 -5.2 -12.025
-6 1.2 -20.686
-7.2 1.7764e-015 -19.114
-0.8 -4 -0.12049
9.6 -4.4 -53.664
8 -2 -27.626
-0.8 1.7764e-015 3.3605
5.2 6.8 0.072761
7.6 8.8 2.8416
6.4 -6.8 -38.614
-2.8 1.2 -0.9983
-4.4 3.2 -23.452
-6.8 -7.2 -4.815
4 0.8 -0.055279
5.6 -1.2 -11.727
-3.6 7.6 -22
5.6 0.8 -11.144
0.4 -2.8 -1.0355
-6.8 8 -42.798
-4.4 -2 -8.654
4.4 -6 -21.801
-4.8 -1.2 -8.891
-9.6 2.4 -46.157
2.4 -3.6 -7.6991
8 8 -3.9903
3.2 4.4 -0.0373
-8.8 10 -79.704
2.4 8.8 -4.7071
-9.6 -7.6 -20.666
-5.2 -6 -4.9743
-1.2 -6.8 -0.86667
8.4 -3.2 -33.505
-2.4 -0.4 1.0981
-8 -2.4 -20.544
10 -9.6 -81.217
7.6 7.6 -12.11
-6.4 9.2 -49.668
-4.8 10 -40.958
3.2 10 -4.8093
2.4 2 7.5397
-4.8 1.2 -11.269
8.4 1.2 -20.219
0.8 -2.8 -0.65271
-8.8 1.2 -38.985
8.8 -4.4 -44.525
8 8.8 -2.5205
0.4 7.6 -7.278
4.8 -6 -28.708
3.2 1.2 -0.64603
-0.4 -6 -7.4304
7.2 6.8 2.708
2.8 -4 -5.7264
7.2 -3.2 -29.625
-8.8 8.4 -71.62
5.6 -7.6 -38.949
-6.8 -4 -12.832
6.8 7.2 -2.3554
7.6 -0.8 -24.417
-1.6 2.8 -3.7554
2.4 -9.6 -23.237
-9.6 6.8 -66.115
6.8 -6.4 -38.392
-4 3.6 -19.435
-8 -3.6 -15.674
6 5.2 -0.46125
4.8 -8.8 -34.537
7.6 -7.6 -49.075
6.8 1.2 -8.867
4.4 -4.4 -16.871
4.4 -8.8 -32.151
8.8 7.2 -3.6204
-8.8 0.8 -38.482
-2 9.2 -21.896
1.2 -3.2 -6.8792
7.6 7.2 -1.07
2.8 -4.8 -13.777
9.2 5.6 -14.391
8.8 4 -10.708
0.4 1.2 2.3812
-8.4 -5.6 -15.559
-9.2 3.6 -53.358
-9.6 2 -45.42
-0.4 -5.6 -2.4099
-2.4 1.7764e-015 -8.7379
7.2 1.6 -14.682
4 -4 -13.21
-8.8 -8.4 -14.385
8 -8.8 -53.336
7.6 -1.6 -27.584
-9.2 -4.8 -17.987
6.8 -1.2 -14.32
7.2 6.4 -2.8723
3.2 -2 -3.4674
-3.6 -9.6 -4.0725
6.4 -4.4 -26.002
-1.6 -5.6 -5.1091
-6.8 -4.4 -5.6728
-3.6 -9.2 -7.2447
1.7764e-015 1.2 -1.5582
2 -8 -14.584
-5.2 -3.2 -1.8159
4.4 -0.8 -11.224
-5.2 -0.8 -15.604
-0.4 -2.4 -2.2622
-9.2 6 -57.088
-5.6 10 -45.197
-8 5.6 -40.397
-8 5.2 -41.077
0.8 4.4 0.71827
6 -0.8 -6.8734
-1.2 5.2 -9.8795
-2 -8 1.4973
2 -7.6 -16.444
-6.4 1.6 -25.037
-1.6 -7.2 -2.2614
-8.4 -0.8 -24.776
10 7.2 -17.525
1.2 0.8 -2.9112
-1.2 3.6 -5.4214
-5.2 -2.8 -7.8039
9.2 0.8 -27.534
-4.8 -0.4 -15.956
-7.6 -8.4 -12.606
-5.6 6 -28.565
-1.6 -9.6 -6.0387
-6.4 4 -34.124
-8.8 9.2 -79.041
-2 -2.8 -3.9505
-4 0.4 -10.089
-2.4 8.4 -17.121
-2.4 -5.6 -0.80465
5.2 1.6 -4.8816
-2.4 -4.4 -6.3064
-1.2 8.8 -11.723
7.6 -6 -44.451
2.4 8.4 -2.0624
-9.6 8 -72.45
6.8 -6 -36.679
-3.2 -6.8 -3.1102
-8.8 -7.6 -7.7582
2.8 3.6 9.443
4.4 -6.4 -21.273
-6.8 -6 -2.3845
3.6 -4.8 -11.603
-2.8 9.6 -25.723
8.8 -0.8 -29.661
-3.6 -8.4 -7.797
-3.6 6.4 -15.111
0.8 4 -1.6453
4 8.4 -0.54752
8.8 -7.6 -59.468
-9.2 0.4 -33.834
8 2.8 -13.624
1.7764e-015 -8.8 -9.3473
0.8 7.2 -2.0225
2.8 0.8 -3.737
8.4 -9.2 -63.874
-7.2 4.8 -38.986
-3.2 -4 -2.3262
-7.2 5.2 -36.676
-6.8 1.6 -27.597
4 -6.8 -16.266
9.6 -5.2 -51.937
5.2 3.6 -1.2746
-9.6 7.2 -66.057
2.8 6 0.72467
1.7764e-015 7.6 -6.9196
2.4 9.6 0.58548
-4.4 -9.2 -3.7887
-2.8 -9.6 3.4896
-0.8 7.2 -9.3427
4.8 3.2 -0.27723
8.4 3.2 -20.004
6.8 2.4 -8.9903
7.2 5.6 -2.5176
1.2 4.8 -0.56362
6 7.2 4.8874
-7.2 -4.8 -6.6922
4.8 5.6 6.2114
-1.6 8.8 -12.76
0.8 -4.4 -9.4141
5.6 6.4 -2.0399
-4.8 -7.6 -2.2564
4 4.4 -1.4058
4.8 9.2 4.108
8 -5.6 -42.809
5.6 0.4 -3.2528
4 7.2 3.1847
5.6 -4.8 -27.401
-0.4 -0.8 1.5495
-9.6 5.2 -60.097
-4 6.8 -24.503
-9.6 -7.2 -13.338
-8 -2.8 -15.456
1.2 5.6 3.0901
1.6 9.2 -1.1289
-2 10 -19.233
5.2 -1.6 -15.32
1.6 -0.4 -7.7075
-9.2 10 -82.559
-3.6 -0.4 -9.6395
3.2 -1.2 -5.8234
0.4 -4 -2.4167
1.2 4 -2.3008
1.6 -6.4 -10.524
2 -6.4 -10.5
-2.8 6.4 -17.792
4.8 7.2 -3.8725
-0.4 1.7764e-015 -2.6415
-8 -8.8 -8.0406
0.4 -7.2 -3.2057
8.8 -1.2 -34.23
-6.4 4.4 -30.632
0.8 1.7764e-015 3.7606
-4 4 -8.2511
4 -9.2 -32.414
0.8 9.6 -9.602
-5.6 4 -23.701
0.8 -1.6 -2.8027
-2 2.4 -6.2705
-6 -8 -3.1271
6.4 -3.6 -19.346
9.2 -6 -51.737
6.4 -6 -26.926
6.8 2 -12.042
4.8 -8 -26.807
-4.4 -4 -11.531
3.6 9.2 -2.068
-6.8 -3.2 -10.247
6.8 8.8 3.623
5.2 -5.6 -22.986
5.6 8.4 -1.2398
-9.6 1.6 -46.188
-0.8 -6 -7.3057
8.4 1.7764e-015 -26.351
6.4 6.4 -3.5168
-8.4 8 -58.715
-5.2 6 -27.726
6.4 5.6 -0.9293
4.8 -9.6 -37.236
-6.4 6.8 -46.536
-8.4 5.2 -50.691
8 -9.6 -58.807
-9.2 -2.4 -24.51
4.4 1.6 -6.6592
-5.2 8.8 -34.278
-5.2 -0.4 -14.979
-5.2 2 -16.565
-5.6 -8 -5.8671
-6.4 -2.8 -6.4113
8 1.2 -18.745
3.2 5.6 3.9172
0.4 -8.4 -8.597
-1.2 -5.2 -4.3219
4.4 4.4 4.2047
-5.2 4.8 -27.468
7.6 -5.6 -45.753
-0.4 -9.2 -8.3815
1.7764e-015 -2.8 0.91081
-3.6 -7.6 -3.1445
6.4 4.4 1.4764
10 1.7764e-015 -33.431
-4.8 3.6 -20.128
7.6 -8.4 -49.821
-4.8 0.4 -15.022
4 -5.6 -16.272
6 -6.8 -34.442
-1.6 9.6 -14.315
6.4 9.2 6.0082
2.4 9.2 -5.1459
0.8 -2.4 1.205
-4.4 1.6 -16.489
4.4 1.7764e-015 -7.625
4 4 2.3386
3.2 -0.4 -7.9284
-4 -3.2 -0.20787
1.6 -4 -5.4269
0.8 -0.8 -0.84507
-8.4 -6.4 -8.6253
5.6 6.8 -1.3506
8 1.6 -12.666
1.2 -5.6 -5.8443
6.4 1.7764e-015 -12.385
-8 1.2 -34.815
0.8 -5.6 -8.2305
9.6 5.6 -16.029
-9.6 9.2 -81.387
6.8 3.6 -5.4106
1.2 4.4 -2.6841
-9.6 -4.4 -28.816
-9.2 -4 -20.243
8 -4 -31.717
8 3.6 -5.4626
-1.6 7.6 -10.796
6 9.6 2.3555
9.2 7.6 -10.938
-9.2 -4.4 -22.955
-7.2 -3.6 -12.844
4.4 -9.6 -30.566
3.2 9.2 2.404
-4 7.2 -33.723
-4.4 0.8 -10.56
5.2 -5.2 -19.968
4.4 6.8 2.0899
-4 -3.6 -2.8658
-9.2 5.6 -56.528
5.6 9.2 1.9939
8.8 9.6 2.8146
-7.6 -9.2 -11.682
-1.6 -7.6 -4.8237
8.4 4 -12.469
5.2 6 0.74552
6 2.4 -12.738
1.7764e-015 -6.4 -0.84796
2 6.8 -4.1666
8.4 0.4 -26.443
-6 -2 -9.2225
-4 -4.4 -4.2081
10 8.4 -6.5534
-4.4 -6.4 -1.2666
1.7764e-015 6.8 -3.6119
-5.2 -5.2 2.8966
1.6 -3.2 -1.5316
0.8 -7.2 -7.2101
-4 -8 -6.7129
1.2 -0.4 -2.9726
-8 -4.8 -9.4421
8.4 0.8 -21.814
-6.4 8.4 -45.809
4.4 5.6 -6.7644
-7.6 4.4 -41.253
-7.6 -4 -19.63
5.6 4.8 0.72996
7.6 -3.2 -27.694
1.7764e-015 -1.6 -2.3955
-2.4 -7.6 -1.9461
-6 8.4 -33.41
-3.6 -0.8 -8.9024
-6.4 -2 -11.081
-3.2 -8 -8.0456
-6.8 0.4 -16.477
-5.2 2.4 -21.637
2 -6 -15.787
0.8 0.8 -4.5486
-2 5.6 -7.1065
8.8 -3.2 -38.447
5.6 -5.6 -30.824
-0.4 -4.4 1.4486
6.4 2.4 -8.3837
-4.4 6 -19.262
3.6 4.8 0.10945
-0.8 4.8 -2.0992
-7.6 5.2 -41.063
-1.2 4.8 -5.8753
0.8 8.4 -4.0741
-7.2 9.6 -60.649
-5.2 -6.4 -3.301
2.4 -8 -12.822
-6.8 -4.8 -10.021
-6.8 3.6 -32.207
2.4 1.6 -5.6088
6.8 -2.4 -24.33
9.2 4.4 -16.429
10 0.8 -33.664
-3.6 2.4 -5.8264
-6.4 3.2 -27.605
5.2 7.6 3.9701
-0.4 0.8 0.48648
-0.8 -4.4 -0.22392
-7.6 6.4 -38.741
-5.2 -4.8 -6.7276
4.4 9.2 1.4735
5.6 -2 -12.717
8 0.4 -24.126
-5.6 -4.4 -8.3324
-3.2 1.7764e-015 -5.0583
-3.2 -2 -6.0202
-6.4 7.2 -43.381
-2 -6.4 -4.2559
3.2 4 6.2816
2.8 7.2 3.6313
-8.8 -6.4 -10.833
-2 8 -22.891
4.4 -3.6 -11.591
-4 -6.8 -3.0679
-3.6 5.6 -20.247
-5.6 0.4 -12.585
4.8 7.6 3.4244
6 -8.4 -40.86
2 -9.6 -21.315
2 9.2 4.3806
-2 -1.6 0.047181
-6.8 -8.8 -2.1411
9.6 -5.6 -54.315
1.7764e-015 3.2 3.9578
2 8 -2.9453
-3.6 0.4 -9.3091
2.8 5.6 1.1632
8.4 5.2 -8.9095
0.4 9.6 -10.475
-9.6 -0.8 -33.207
5.2 4.8 -2.1978
0.4 -0.8 -5.2999
-6.4 -0.4 -16.742
-8.4 -7.6 -6.1499
9.6 2.4 -22.318
-5.6 3.6 -21.889
2.4 6 1.8386
5.6 -9.6 -43.213
-5.2 -1.6 -10.144
6.8 9.6 -1.3211
-5.2 3.6 -18.36
9.6 4.4 -16.011
4.4 0.8 -6.6774
-6.4 2.8 -28.016
1.6 6.4 0.45407
-9.2 3.2 -48.094
9.6 4 -15.17
7.2 -1.6 -24.848
-2.4 9.6 -22.382
4.8 8 -0.36902
5.6 2.8 -1.6471
9.2 3.2 -19.94
-1.6 4.4 -5.9463
-0.8 -8.4 -0.98072
-5.6 -9.2 -2.3669
-3.6 6 -21.1
7.6 3.2 -9.6672
-6 -4.4 -2.9483
8.4 -7.2 -54.024
3.6 -3.2 -15.695
-9.2 8.8 -69.113
-9.2 -3.6 -26.961
-4.8 -6 -11.276
-1.6 5.2 -2.7231
-7.2 1.6 -31.813
-8.8 7.6 -61.066
6.4 8.4 3.278
2 -5.2 -8.5461
-9.2 9.2 -77.502
-7.6 -6.8 -14.082
5.6 -8 -34.324
9.6 1.2 -28.555
-6.8 4 -30.485
7.2 -5.6 -40.614
-3.2 8.8 -28.544
4 -0.8 -2.3035
-1.2 -8.4 -5.531
3.2 -6.4 -15.91
1.7764e-015 5.6 -6.9218
6.4 -4.8 -26.871
7.6 -9.2 -55.524
1.2 -4.8 -5.574
6 6.4 0.18431
1.7764e-015 9.2 -7.2
-1.6 4 -2.1771
-0.4 10 -10.957
-6.4 -5.2 -10.029
2.8 2.8 0.2448
-9.2 -0.8 -25.419
-2.8 -7.6 -7.8097
9.2 -2 -34.553
-1.2 -2.4 -2.8073
3.2 6 3.9034
-2.4 -6.8 -3.3309
4.8 -3.2 -21.603
-3.2 -1.2 -5.1111
-2.8 5.6 -14.283
-9.2 -5.6 -15.487
-2.8 -7.2 -1.1794
2.8 1.2 -2.0957
-8.8 5.2 -51.699
-7.6 0.8 -27.452
-5.6 2.8 -18.989
3.6 2.8 7.1714
6.4 -2.4 -21.603
0.8 3.2 2.7431
2 0.4 1.7742
-1.2 -4.8 -4.4017
10 -0.8 -39.688
2 9.6 -6.835
8.8 6 -9.8677
4.4 2.4 1.5126
-8 -4.4 -15.405
5.2 2.4 3.9339
6 -9.2 -41.284
8.8 -8.4 -65.654
-9.6 -5.2 -31.896
6 -1.6 -11.241
8 3.2 -21.037
-6 8.8 -36.472
-0.8 7.6 -9.8664
-0.4 9.2 -12.464
9.2 -4 -46.684
-2 9.6 -10.384
9.6 -0.8 -31.981
2.8 -6 -18.158
-5.6 -2 -10.852
-6 10 -53.65
-6.4 -4.8 -6.3289
-2.8 3.2 -5.73
-7.6 2.8 -30.986
-3.6 2.8 -12.507
9.6 7.6 -5.8861
1.2 -5.2 -1.8902
7.6 2.8 -14.382
2.8 -3.2 -15.68
6.8 -8 -45.232
6 -5.6 -33.378
4.4 -4 -18.436
-9.2 2 -43.42
2.8 -6.4 -10.916
-0.4 8.4 -10.072
-7.6 9.6 -63.975
-2.8 10 -16.025
0.4 3.2 -1.7634
-4.8 5.2 -17.785
6.8 7.6 6.1428
-3.2 6 -15.461
-4.8 -6.4 -7.0534
-3.6 -6 3.0002
1.6 0.8 -7.2808
0.8 -7.6 -13.789
-8 6 -48.065
3.6 -2.4 -12.809
4.4 -8.4 -40.237
6.4 -0.8 -19.592
2 4.8 -0.11758
-4.8 -5.6 -2.5285
-8.8 -9.6 -7.4906
-6.4 2.4 -23.836
-1.2 1.2 -1.0303
-2 8.4 -15.99
5.2 -9.2 -33.954
-4.4 4 -19.396
-6.8 -0.4 -18.224
0.4 -8 -5.8698
0.4 4.4 3.5647
-9.6 -8.8 -17.783
-2 -0.8 -2.2546
8.4 7.6 0.14538
-8.8 4.4 -46.627
-7.6 -7.2 -0.88601
6.8 9.2 1.5265
-8 9.6 -69.412
5.2 5.6 -3.7154
-1.6 8 -10.993
2.4 5.6 -2.1848
-7.2 -5.6 -9.5497
-0.4 -4.8 -7.5282
1.6 -5.2 -2.2318
4 -1.6 -9.1231
-8.4 8.8 -64.93
0.4 5.2 0.45189
-4.8 -8.4 -3.138
8 4.8 -9.9543
3.2 -8 -21.789
-7.6 0.4 -30.57
-0.8 5.6 -5.1694
-2.8 9.2 -23.055
-3.6 10 -31.081
4.8 -2 -7.194
-3.6 -5.2 -4.9007
0.8 8.8 -9.0257
6 -7.6 -43.795
-8.4 7.2 -58.205
6 1.2 -4.9812
2.4 -8.4 -20.145
-7.2 7.6 -54.474
6 -4.4 -30.839
5.6 -4.4 -25.151
-8 -9.2 -2.4737
8 9.6 1.8122
-8.8 5.6 -52.719
-9.6 8.8 -76.749
3.2 8 2.4958
9.2 8.8 -3.2155
8.8 1.6 -16.63
4.4 3.2 1.0443
-5.6 4.4 -25.196
-3.6 4.8 -14.008
-5.2 -2.4 -3.8627
5.6 -3.2 -17.477
-8.4 -8.4 -8.5964
2.8 -9.2 -33.378
-2.8 4.8 -10.932
7.2 0.4 -17.92
-0.4 -2 1.9315
-6.4 2 -22.813
1.6 -6.8 -10.285
8 -4.4 -34.089
4.8 -2.8 -15.124
8.8 5.2 -4.0453
-1.2 -4 -4.3663
-0.4 2.4 -2.126
7.2 -0.8 -18.975
1.6 0.4 2.6938
0.8 10 -4.2216
3.2 -8.4 -19.775
2.8 3.2 -2.7017
2.4 6.4 1.33
-8.4 2 -37.815
-4.8 -1.6 -9.5569
10 0.4 -33.568
-1.2 8 -8.7724
2 7.6 -5.3992
6.8 -7.2 -43.626
-5.6 3.2 -15.534
9.2 -3.6 -43.316
-3.2 -2.4 -0.12299
8.4 -4.4 -38.808
1.7764e-015 -5.2 -9.1453
-1.2 10 -17.145
4 -6 -15.751
-1.2 -5.6 -0.20019
-2.8 -3.2 -5.9293
4 7.6 0.23347
8.4 -8 -59.131
8.4 9.6 -0.55405
10 -5.6 -60.221
2.4 -1.2 2.9225
-1.6 -6 -7.6252
-3.2 5.6 -18.438
-3.6 -8.8 -5.8691
1.6 8.8 -3.4851
5.6 8 -0.87318
6.4 8 3.0184
-6.8 -9.6 -7.8647
1.6 -8.8 -16.174
-6 2.8 -20.606
9.6 6.8 -7.3826
6.8 -3.6 -28.135
-6.4 -7.2 -5.9839
-3.6 7.2 -20.644
1.6 -5.6 -0.71378
-2 -3.6 -2.6027
9.6 -0.4 -32.557
-2.8 -6.8 0.46843
-3.6 -1.2 -4.4185
9.2 -7.6 -65.606
8.8 -2.8 -40.146
-1.6 10 -19.248
-4.4 -0.8 -9.1228
-8 6.8 -55.08
8.8 1.2 -26.756
7.2 8.8 -0.94282
4.8 4.4 -0.053128
-2.8 -4 3.7952
7.2 -2.4 -25.931
7.6 -7.2 -46.793
7.6 8.4 1.0532
2.4 0.8 -1.1859
-0.4 -2.8 -2.4057
-7.6 -1.6 -19.962
4.8 6.8 4.9708
-5.6 1.6 -21.818
0.4 2.4 -1.3693
6.4 -5.2 -31.324
1.6 9.6 -3.1885
-1.2 8.4 -9.2159
9.6 8 -4.3908
-0.4 6 -4.3146
6 -1.2 -14.319
-5.6 -6 -8.208
8.8 2.4 -18.12
-9.6 -1.2 -24.972
9.2 -2.8 -39.415
0.4 1.6 -5.8796
6.4 7.2 0.92865
1.2 0.4 -7.1218
4.8 4 6.1778
1.2 5.2 1.3434
4 10 -1.9311
-8 3.6 -36.676
-2.8 -5.6 -5.7002
-8.8 -9.2 -10.449
9.2 -7.2 -64.742
3.2 7.6 7.4358
-3.2 -9.6 -5.8458
6 -2 -12.889
7.6 0.8 -17.48
2 5.6 1.5781
-3.2 -9.2 -4.7498
-4 -1.2 -11.066
2 -8.8 -22.546
-6.4 -2.4 -12.753
-8 -0.4 -22.925
2.8 8.8 4.9268
6.8 -4.8 -34.107
-2.8 4 -5.9521
10 3.6 -15.758
-6.4 7.6 -41.755
3.2 -5.2 -18.61
0.8 7.6 -6.1123
2.8 7.6 1.4942
10 1.6 -23.763
-2.4 -8 -8.3248
8.4 -0.4 -22.986
-1.6 -0.8 -7.9274
-6.4 4.8 -31.992
-1.6 2 -3.8627
-2.4 3.2 -8.1545
6 8 -2.3269
9.2 -0.8 -28.407
-8.4 10 -68.667
2.8 -5.6 -14.546
-6 6.8 -40.362
9.6 9.6 -5.4238
-8.4 -2.4 -27.939
-6.4 6.4 -36.288
7.2 -7.6 -45.835
7.2 -6.8 -37.974
-5.2 -9.6 3.4107
-1.2 2.4 -1.0365
-1.6 6.4 -8.1454
1.2 -6.4 -16.488
-4.8 -2.8 -7.9907
5.6 -9.2 -39.425
4.4 6 4.3329
-7.6 3.2 -32.762
-2 -0.4 -0.20571
-6 4 -25.571
-0.8 -2.4 0.80594
10 -9.2 -81.095
-4.4 -4.4 -3.3353
9.6 7.2 -12.828
-1.6 1.2 1.0384
-6 -3.6 -12.388
-1.2 -8 -4.5968
5.2 -2 -7.1289
4.4 9.6 0.73086
2.8 -8 -14.47
8 -1.6 -28.535
-6 -2.8 -12.542
-4.8 4 -22.501
-0.8 4.4 -2.9381
-6.8 6 -36.037
-7.6 4.8 -42.698
-4 2.4 -12.064
8.4 -6.8 -56.243
-0.4 7.6 -4.1457
8.4 2.4 -13.259
-6.8 7.6 -51.367
9.6 -6 -56.972
-0.4 4.8 0.93649
1.2 -8 -13.337
-9.2 -8.4 -11.958
6.8 -2.8 -24.56
-5.6 -2.8 -12.683
-6.8 5.2 -36.498
2.4 1.7764e-015 -2.2589
-4.8 -8 -4.2102
2.8 -2.8 -5.4555
4.8 2 -7.5983
-4.4 -2.4 -0.9837
-6.4 -9.6 -4.9646
9.6 3.6 -19.75
9.2 7.2 -5.3322
0.8 -6.4 -11.913
3.6 1.6 0.060046
2.8 -2.4 -3.9092
-6.4 -8 -6.8692
-2.8 -2.8 -3.6935
8.4 7.2 -3.8425
5.6 -0.8 -12.485
1.6 10 -5.9068
-0.8 -6.4 -4.3392
-6.8 -1.2 -19.051
5.6 -2.4 -17.424
-0.8 -9.2 -3.3913
1.6 4 -3.843
-4 7.6 -26.495
-8 -8 -13.436
7.6 8 -7.1415
8.4 9.2 -6.2402
2.4 -9.2 -18.034
0.4 -5.6 -8.8518
-7.6 -7.6 -8.0718
6.8 1.6 -14.506
10 8.8 -2.7234
2 10 -0.63509
8.8 -6.8 -54.728
8.4 8.8 -0.60887
9.6 -2 -37.074
2.4 -5.6 -14.1
-2.4 -9.2 -3.9976
0.8 -8 -12.833
-9.6 -0.4 -41.122
-0.8 -0.4 0.89532
-8.4 9.6 -70.968
4 -2.4 -7.8745
3.6 8 3.1511
-9.2 2.8 -47.768
2.8 -0.8 -4.7789
8.8 -9.6 -76.91
7.2 8.4 0.4701
4.8 -7.6 -26.633
9.2 -6.4 -53.818
3.6 -8 -24.184
-0.8 -2.8 0.63186
9.6 4.8 -15.161
-8.8 -6.8 -12.144
8.4 6.4 -3.3906
-4.8 1.7764e-015 -6.0518
-9.6 0.4 -36.599
0.4 6.8 0.26216
-8.8 -8 -11.957
8.8 7.6 -3.8802
4.8 2.8 -4.0743
4 -3.2 -7.7935
-1.2 -6.4 -3.2011
-7.2 -5.2 -8.1239
-8 2 -36.553
2.4 -2.8 -2.8299
8 -6 -45.826
5.6 -8.8 -40.295
2 -2.8 -7.5706
5.2 -3.2 -20.936
6.4 -1.6 -15.248
-1.6 2.4 -4.7435
-7.6 -9.6 -13.14
1.7764e-015 1.7764e-015 4.1171
10 -3.6 -50.574
7.6 6.8 2.2748
-4.4 0.4 -11.659
-8.4 0.4 -29.912
9.2 8.4 -5.8022
3.6 3.2 5.8423
-6.8 -2 -15.578
7.6 -4.8 -35.728
-0.8 -5.6 1.8896
9.2 -9.6 -76.344
1.7764e-015 2.8 2.2227
-4 -0.4 -9.1085
-7.6 8 -55.888
4 5.2 -2.6868
1.7764e-015 -3.6 -8.0986
9.2 8 -6.7379
9.6 -7.6 -63.039
2 -1.2 -6.8932
-6 5.6 -35.229
4.4 8.8 2.977
-0.8 8 -8.7921
-3.2 8.4 -21.612
5.2 -8 -33.136
-4.8 5.6 -22.751
2.8 4 1.4736
-6.4 10 -51.615
-8.4 3.6 -38.894
-4.8 -5.2 -3.5429
-6 4.4 -28.869
2.4 -7.6 -17.448
-7.2 -1.2 -20.174
9.6 1.6 -19.218
-0.8 1.6 -7.0394
-3.2 -8.8 -4.4469
-4 -4.8 -3.3413
-1.2 -8.8 -6.3843
5.6 6 0.55476
3.6 7.6 -1.3435
-8 -1.2 -25.274
6.4 7.6 -5.6536
6 6.8 -0.95302
6.8 -7.6 -48.647
2.4 1.2 1.7896
4.8 -1.2 -8.6237
4 -9.6 -37.383
2.8 -7.6 -25.278
-4 -2.4 -4.7009
10 -2.8 -44.726
-7.6 -0.8 -15.586
5.2 -0.8 -4.6165
-2 -4.4 -8.1829
-7.2 -0.4 -19.063
-3.6 8.4 -27.053
6 0.4 -10.095
5.2 0.8 -7.9995
-1.6 9.2 -14.625
1.7764e-015 -2.4 2.2157
1.2 2.4 -3.6081
-5.2 5.2 -25.17
-9.6 5.6 -62.057
-7.2 0.4 -28.407
-1.6 4.8 -6.7055
-2 4.8 -11.352
4 -8.8 -24.749
-9.2 -1.6 -32.353
-1.2 -4.4 -2.9727
0.8 -9.6 -20.581
-0.4 -8.8 -3.8162
-4 -2.8 -6.0778
2.4 2.4 0.60592
-2.8 -3.6 1.7136
-2 -9.2 -4.9273
4 8.8 1.3942
1.7764e-015 -4 0.58823
8.4 6.8 -8.8665
1.7764e-015 5.2 -0.3648
6 0.8 -9.3641
-6 2 -22.571
2.4 -4 -10.06
-8 -5.6 -18.261
-2 -6.8 -0.98365
0.8 -5.2 -3.7912
-6.4 1.2 -23.757
-9.2 0.8 -40.871
0.8 -3.2 -4.8388
-3.6 -2.4 -6.0735
-4 -8.8 -2.7226
3.2 8.8 3.2199
7.2 -9.6 -57.485
-8.8 -4.4 -19.3
-0.8 2 -6.8667
9.2 2.8 -21.414
1.2 2 -2.281
-5.6 -3.2 -11.413
0.4 -4.8 -5.0314
-2 -1.2 -2.6101
0.4 5.6 -3.5118
4.4 -4.8 -17.175
8.8 8 -7.403
2.8 -1.6 -3.0844
2.4 6.8 6.3786
-0.8 5.2 -6.9466
-2.8 4.4 -9.2024
-0.4 2 -5.0009
5.2 -1.2 -13.303
0.4 8 -10.265
-8.4 7.6 -58.887
8.8 -3.6 -41.392
-4.4 5.6 -22.824
5.2 9.2 5.5362
-5.6 1.7764e-015 -15.904
0.4 -1.2 0.0015061
-8.4 -8 -10.029
-4.8 -4 -1.789
6.4 0.8 -16.132
-1.6 -2.8 2.2396
5.6 1.6 -5.0608
-0.4 -1.6 -1.5762
8.4 -2.4 -37.573
-2 -4 -10.217
-2.4 -1.6 -3.6241
-0.8 -6.8 -4.1174
1.6 6.8 0.99197
5.2 8 -2.6611
-4 -0.8 -3.2932
-8 8 -57.153
-4 0.8 -2.7716
4.4 -6.8 -25.366
-5.2 4 -26.796
-7.2 -6 -12.449
4.8 1.2 -1.9331
6.4 -3.2 -19.467
-2.8 -9.2 -10.403
-4.4 3.6 -22.406
7.6 6 -5.041
-6 -0.4 -9.5189
4.8 -2.4 -19.173
2 8.4 1.8987
-3.6 4.4 -18.685
3.6 10 2.3589
-4.8 8 -36.426
8.8 -9.2 -65.25
5.2 10 -4.4395
-5.2 9.2 -42.451
-6 -3.2 -11.297
1.7764e-015 -7.6 -7.9663
-7.6 -2.4 -21.089
-7.2 8.4 -57.778
-6 -9.2 -2.5856
-7.2 -2 -16.28
3.6 1.2 2.8292
4.8 8.4 5.0419
1.6 -6 -10.345
-9.6 4.8 -56.671
-7.2 6 -43.177
-5.6 -5.6 -11.325
8.8 2 -17.133
6 -2.4 -19.434
-9.2 6.8 -64.601
2 -6.8 -15.697
8 0.8 -23.933
-5.2 0.8 -18.952
-2 1.2 -6.3681
7.6 -0.4 -22.152
3.2 7.2 4.8127
5.6 2 -3.3544
3.6 -3.6 -10.028
-8 -0.8 -23.276
-2.4 2 -7.3266
-5.2 -3.6 -6.3696
4.4 -5.6 -17.353
-1.6 5.6 -10.806
-8.4 4 -43.16
9.6 -2.4 -41.95
1.7764e-015 0.4 -0.55457
-5.2 8.4 -27.688
-6.8 1.7764e-015 -25.946
5.2 4.4 -2.1023
-0.4 -4 -2.7652
-6.8 4.8 -36.942
3.2 5.2 -4.3274
-2.8 -6.4 -9.6835
7.2 -2.8 -27.224
-4.8 3.2 -19.261
-8 2.4 -41.476
-4.8 -6.8 -2.0123
6.4 -8.8 -45.161
-7.2 -6.8 -4.6888
-4.4 -7.6 0.32903
-0.8 -1.2 -2.0105
9.6 6.4 -10.089
-8.8 -3.6 -24.426
4.4 10 1.6084
8.4 8.4 0.6775
8 6.8 -2.1143
9.2 1.7764e-015 -40.277
5.6 10 -2.34
-4 -9.6 -8.0622
-9.2 7.6 -68.877
9.6 -7.2 -71.329
3.2 9.6 -0.48154
-8 -6.8 -12.616
10 -8.8 -81.729
4 6.8 -2.3403
9.2 6 -8.7631
-4.8 -9.6 -4.4476
0.4 4 -3.224
-9.2 1.6 -36.537
3.6 6.4 -0.061975
1.6 5.2 4.2111
-2.4 2.8 -3.5095
-4 -7.6 -5.9517
-2.8 8.4 -22.97
1.2 9.2 -0.16741
-8.4 8.4 -65.388
10 5.6 -15.258
-6.8 4.4 -32.1
3.6 2.4 -3.6356
-1.2 6 -6.2001
5.2 1.7764e-015 -10.788
7.2 -8 -46.704
2.8 9.2 0.91539
1.2 -4 -2.2855
-4.8 7.2 -29.718
9.2 6.4 -4.9725
-6.8 2.4 -33.937
3.6 4.4 -1.6715
6 -4 -20.457
4.4 2 -2.8534
-4.4 6.8 -33.863
-6.8 3.2 -32.022
-3.6 6.8 -21.551
-6.8 -9.2 -4.9617
-7.6 -8 -7.4137
-0.8 6.4 -6.9199
-4.8 -4.8 -5.1584
1.2 8.4 3.0854
-0.4 4.4 3.3372
-6.8 -3.6 -10.681
-1.2 3.2 -5.5515
-8 1.7764e-015 -23.75
-2.4 5.6 -9.7969
4.4 2.8 4.3585
0.8 0.4 -1.4501
-8.4 -7.2 -13.685
4.4 -1.2 -9.4371
8.4 -5.2 -46.655
-7.6 -3.6 -15.3
8.4 5.6 -6.0824
4.4 -2.8 -16.559
-7.6 1.7764e-015 -20.087
4 6 -1.0435
6.4 3.2 -6.6838
7.6 5.6 -6.8911
-8 8.8 -56.89
10 -6.4 -66.605
-1.6 -6.8 -7.0481
-6 -8.8 -4.753
8.8 -6.4 -50.892
-8.8 8 -70.341
-7.6 7.2 -49.148
6.4 -9.2 -48.271
-8.4 4.8 -50.458
10 8 -12.528
3.6 5.6 4.6061
5.2 -6 -20.183
-4.4 -3.2 -5.0703
6.8 -1.6 -27.993
6.4 -8.4 -38.466
-4.8 -4.4 -7.579
-1.2 2.8 -6.8947
1.6 -2.4 -6.109
6.4 -2.8 -23.092
2.8 -8.8 -25.043
3.6 -7.6 -24.407
2.8 4.8 0.52298
1.7764e-015 -9.2 -15.508
8.8 -7.2 -58.086
1.6 -1.2 -2.0776
-5.6 -9.6 -4.6801
-6.4 0.8 -19.701
-8 8.4 -60.13
-5.6 -6.4 -6.6607
1.2 3.6 -0.40005
4.8 -8.4 -20.868
-7.2 -7.6 -5.1937
-6.4 6 -31.197
7.2 -8.4 -50.515
2 -4 -3.4833
-2.4 -0.8 -0.46023
0.8 2.8 1.7205
1.2 2.8 0.7881
7.2 7.6 0.82765
9.2 6.8 -8.5958
-0.4 5.6 -1.0609
-2.4 -3.2 -7.2308
8 1.7764e-015 -17.225
3.2 -7.6 -16.367
6.8 5.6 -4.2275
1.7764e-015 1.6 0.71976
2.8 9.6 4.3943
-6.8 -1.6 -22.775
4 1.7764e-015 -0.43477
-2.4 8.8 -26.094
-3.2 4.4 -10.945
9.6 -8 -72.783
-4.8 6.8 -22.568
2.4 4.8 -2.266
-6 1.6 -23.585
-6 4.8 -28.851
8 -1.2 -28.129
7.6 -9.6 -58.654
9.2 2 -18.644
3.6 -6.4 -21.104
