10.517 -9.7862
12.734 -10.411
12.148 -10.687
14.577 -9.7891
11.498 -9.101
12.716 -8.4229
11.395 -11.07
10.287 -7.4811
8.8619 -10.895
11.077 -10.313
12.458 -8.3891
14.361 -9.3546
14.133 -11.612
14.399 -10.834
15.072 -9.9743
12.949 -9.5373
12.774 -8.7958
13.968 -6.9106
12.877 -10.435
13.821 -7.7083
11.039 -7.692
10.904 -9.1001
11.514 -7.9061
12.765 -10.001
15.909 -11.205
16.498 -8.9481
13.907 -10.541
13.375 -8.0741
13.394 -9.056
14.219 -7.7775
13.588 -8.0083
13.043 -12.331
11.882 -9.7514
16.687 -7.2173
11.284 -9.2399
14.687 -8.0988
12.879 -10.456
11.416 -7.6013
16.599 -8.6273
17.793 -8.7478
14.348 -7.6421
11.735 -8.4928
12.148 -11.496
11.037 -8.022
14.212 -10.095
15.965 -9.4514
14.376 -9.9647
14.226 -11.375
10.582 -8.3723
11.314 -6.654
12.114 -6.4767
14.584 -9.242
13.656 -9.642
9.7612 -8.5334
12.569 -8.2522
12.569 -6.9734
12.969 -11.694
13.205 -8.5423
13.882 -9.3571
12.911 -8.2099
15.454 -8.962
13.706 -9.9219
14.049 -10.411
8.9107 -7.3453
15.714 -10.223
13.678 -6.9379
16.385 -9.4956
13.563 -8.2979
14.843 -10.081
14.469 -11.778
12.786 -9.6352
12.871 -9.6338
10.24 -7.6657
15.322 -6.7017
10.766 -8.7283
9.1534 -6.9112
15.092 -8.9533
10.705 -8.4786
9.9107 -7.8798
14.296 -10.398
13.218 -9.8797
11.423 -7.4678
11.591 -10.182
12.296 -9.4092
10.542 -10.542
10.962 -11.22
14.757 -10.088
14.554 -10.914
9.4329 -6.8887
12.622 -7.8857
14.771 -8.7687
13.09 -10.317
12.356 -7.745
11.315 -12.037
14.016 -8.514
8.2447 -5.5723
13.776 -8.4165
16.149 -7.5857
10.566 -6.9414
11.512 -8.1892
11.798 -10.117
13.843 -6.2168
11.801 -12.511
12.441 -12.588
11.894 -9.0838
13.433 -7.8642
14.085 -5.9258
12.61 -8.9237
14.776 -10.549
14.741 -10.911
9.9865 -6.7357
13.884 -9.353
13.518 -5.7367
9.6107 -8.8778
13.003 -10.073
13.467 -8.642
12.843 -5.9592
12.039 -8.8485
15.935 -9.2299
11.751 -6.9311
16.201 -8.7666
15.575 -8.7237
13.313 -9.2693
14.439 -10.147
13.82 -10.158
17.098 -10.042
14.498 -9.1291
13.921 -6.4327
11.56 -10.497
10.468 -9.4506
13.485 -10.239
12.792 -9.5468
11.667 -7.9078
12.341 -9.0301
11.125 -8.8626
13.727 -8.431
10.363 -7.8096
9.2866 -6.7684
13.289 -9.5422
13.183 -10.09
11.607 -8.61
13.039 -11.266
13.295 -8.7862
12.273 -3.4061
13.608 -8.9282
15.071 -7.7463
11.513 -11.134
12.51 -9.9657
13.703 -7.7542
16.204 -11.106
14.868 -8.8199
16.8 -8.4482
13.26 -10.332
14.369 -10.804
14.48 -11.32
15.461 -9.7351
10.183 -10.234
11.083 -12.093
11.622 -7.2552
12.642 -9.4516
10.464 -10.422
13.017 -6.4039
13.871 -9.8002
8.4376 -11.561
13.376 -9.8442
10.349 -8.6933
13.701 -6.9326
15.246 -10.002
14.106 -9.0604
12.835 -9.9722
15.12 -9.4104
13.895 -10.97
12.504 -10.248
12.665 -9.0054
15.082 -8.466
14.329 -9.7139
14.482 -10.626
11.885 -8.7914
10.362 -11.507
11.307 -10.228
13.497 -10.155
14.915 -6.56
13.576 -9.451
9.8191 -10.123
13.191 -11.09
13.37 -8.2278
12.76 -7.3384
11.98 -8.8727
14.313 -9.023
12.724 -9.4884
9.8304 -10.108
15.122 -6.8258
14.836 -8.7109
15.046 -8.8699
15.395 -8.5615
14.784 -8.9865
12.344 -9.7502
13.266 -8.3333
14.574 -8.2564
15.397 -11.461
8.5387 -8.9918
12.504 -6.1142
14.373 -9.5882
14.009 -10.755
13.823 -11.672
11.869 -8.5065
11.899 -9.2419
14.334 -10.006
13.049 -8.92
11.973 -7.981
11.232 -8.4523
13.539 -6.7647
13.909 -8.997
10.369 -7.4429
9.2905 -7.8844
14.319 -12.132
16.963 -11.464
11.24 -13.135
15.178 -10.057
11.489 -10.268
11.558 -7.4288
15.354 -6.6004
13.535 -10.564
9.0384 -8.5347
11.955 -7.8561
13.88 -7.9518
14.656 -9.2499
12.773 -7.6194
10.783 -7.9745
10.834 -10.09
12.128 -9.6715
11.742 -7.9855
14.077 -9.3755
9.4943 -7.8584
10.274 -7.9135
12.045 -12.123
10.825 -8.5351
13.712 -9.5108
10.131 -12.476
13.249 -9.9921
10.56 -8.1465
12.504 -8.2371
14.267 -8.905
12.215 -7.5984
13.178 -7.4387
15.313 -10.435
13.831 -8.7803
14.539 -8.7396
14.424 -11.814
10.213 -6.8861
