14.989 11.768
12.705 11.251
12.157 15.105
11.848 13.204
12.088 11.623
11.823 12.022
17.693 12.349
13.601 10.704
12.388 14.395
13.582 14.101
10.148 12.077
11.817 13.381
14.713 13.245
13.797 14.602
16.279 12.037
7.2718 11.523
12.221 12.651
11.139 11.683
13.977 12.653
13.173 11.552
8.6502 11.426
9.9002 12.116
9.1018 8.282
14.603 13.269
12.521 12.089
12.847 13.288
15.379 12.495
9.8899 14.19
9.6123 12.208
13.722 11.149
13.32 13.076
14.505 13.013
12.546 11.726
14.557 9.6694
15.671 13.608
11.613 11.353
11.086 10.598
16.868 12.656
13.87 14.476
11.134 11.724
13.266 15.828
17.215 13.441
14.59 12.66
9.9678 11.625
9.4958 13.099
10.107 12.147
16.428 11.87
12.847 15.94
10.965 12.315
6.0378 8.8342
13.954 13.132
10.973 13.714
16.713 12.651
8.5573 13.003
14.261 11.564
12.522 9.1484
10.846 9.5089
11.628 11.157
11.469 13.51
12.142 10.97
11.597 11.623
12.815 11.069
11.298 12.982
14.647 10.483
12.556 11.265
13.716 9.3851
8.2694 11.405
16.583 13.94
11.448 13.649
12.043 10.306
10.955 11.297
11.384 13.801
14.563 13.792
11.653 12.837
9.9617 10.559
12.838 17.74
9.1797 9.9074
12.594 10.721
9.8454 14.759
11.902 15.083
13.098 14.586
13.003 12.551
14.011 13.822
11.545 12.04
11.617 12.002
12.284 13.909
9.8847 13.285
11.142 13.496
6.8018 12.762
11.175 8.5585
11.487 11.251
10.419 11.294
13.442 13.78
14.908 11.994
11.152 13.112
9.9621 13.235
13.969 11.679
13.561 13.658
7.8856 10.194
12.701 8.4792
11.826 13.088
11.892 14.964
14.227 11.877
11.165 10.482
14.755 13.255
12.672 10.687
16.108 15.252
12.435 12.652
11.302 14.182
12.897 12.002
11.182 13.566
9.8636 10.141
11.015 13.782
15.726 12.638
12.988 12.292
10.249 16.472
12.916 13.877
11.016 13.459
13.803 11.813
11.578 11.309
13.084 12.279
11.179 13.352
12.435 11.008
13.869 12.867
10.55 11.381
13.969 13.452
10.667 12.36
12.746 11.862
13.597 15.696
11.424 12.468
15.257 12.152
14.652 15.312
13.311 13.466
15.857 10.958
13.256 14.557
12.955 13.444
15.038 14.428
14.995 13.008
11.054 12.226
10.847 12.885
12.245 11.628
12.093 13.537
10.416 12.998
10.67 13.39
14.878 15.137
10.452 11.292
11.733 11.524
13.378 13.099
11.211 11.84
15.412 10.913
11.733 13.808
11.044 12.145
10.437 11.613
11.653 12.269
12.717 10.224
11.183 11.553
12.756 11.008
11.951 13.716
14.326 11.66
13.012 8.496
12.304 11.532
12.27 15.1
12.32 13.07
14.357 14.712
10.283 9.3663
13.068 13.36
12.976 10.552
13.71 10.856
13.899 13.199
12.84 12.515
11.769 11.581
11.385 10.231
11.3 13.925
12.722 13.981
14.218 13.139
14.024 14.906
14.193 11.174
11.11 11.694
11.306 12.801
11.203 15.867
10.762 12.385
11.107 11.842
13.355 12.296
14.313 11.311
12.634 14.157
14.073 12.011
13.904 11.591
11.322 13.228
16.602 13.289
11.904 13.082
9.512 12.966
11.014 10.872
11.02 11.988
16.701 13.378
11.615 14.73
13.492 11.548
11.047 13.898
11.957 13.231
14.599 14.268
13.736 15.948
8.6901 12.728
12.309 10.832
11.752 15.172
12.189 16.025
12.218 16.2
13.821 12.856
10.218 11.522
12.928 14.623
10.808 13.09
12.828 15.663
13.274 14.694
13.791 12.662
15.704 14.779
12.263 10.818
11.815 14.78
9.726 9.1247
11.372 11.181
12.51 14.568
13.104 12.724
13.472 15.559
10.764 11.458
11.198 12.225
11.488 15.051
10.613 11.274
8.7336 10.758
9.7474 10.485
13.398 13.238
11.645 9.0187
13.88 13.338
7.1245 12.18
13.033 13.404
10.088 10.57
16.273 11.212
14.487 13.579
14.305 13.531
8.402 10.803
11.709 10.376
13.214 16.446
11.399 10.272
12.661 13.727
11.492 13.536
12.638 12.548
12.106 13.031
15.889 11.148
14.462 14.504
15.795 15.262
12.754 12.476
10.556 14.037
13.541 11.867
15.242 14.091
