13.209 8.3034
7.4075 11.903
13.927 9.8971
9.9745 11.383
14.3 6.8189
13.497 11.458
11.763 8.7973
11.61 8.8583
10.499 11.388
13.016 9.9802
11.284 9.3668
10.254 12.369
9.9632 8.5059
10.265 11.016
7.8981 11.573
11.464 10.34
9.5634 10.187
10.363 10.751
13.495 6.6267
10.106 9.6062
8.8103 13.61
11.985 9.9429
10.065 9.8052
11.656 9.591
10.663 11.911
9.3439 11.062
12.597 9.0006
9.0625 11.299
14.581 7.5778
12.27 9.3615
12.888 6.4085
10.294 9.5201
10.989 8.905
12.76 8.8275
11.791 10.947
12.36 6.7248
8.584 11.886
8.5588 14.155
9.6119 11.576
8.4339 11.038
10.191 8.6284
13.065 5.4715
11.444 10.086
12.212 7.6435
8.2071 12.495
11.78 10.656
10.207 11.527
11.981 9.0292
12.294 10.873
10.114 9.9971
12.161 9.5695
10.961 10.234
8.2175 13.893
8.5322 13.459
9.0901 12.453
9.247 11.619
12.936 10.925
8.5419 12.134
11.747 8.1773
12.742 8.6048
7.7567 10.968
11.986 8.0392
9.6329 9.8775
7.6731 10.266
12.979 8.5431
12.906 9.7844
9.9249 11.205
9.365 11.204
12.998 10.783
12.889 10.105
11.24 11.514
9.7764 9.8434
13.36 9.2884
13.665 8.0361
9.8916 11.613
8.7762 10.852
8.9158 11.804
11.555 8.139
9.5703 11.572
10.877 10.455
9.8071 14.013
10.183 9.1763
12.31 8.2207
9.0137 10.842
6.5162 10.904
11.268 9.3832
11.238 9.5281
11.795 10.064
12.481 9.1248
13.395 8.8307
10.556 10.855
11.044 9.1666
10.057 13.382
8.2826 13.265
6.4174 16.151
9.8952 12.127
12.397 11.909
8.8018 12.551
8.5701 10.517
11.188 11.492
7.8095 10.771
7.7281 10.867
10.23 11.922
8.85 12.693
12.219 10.513
8.1877 12.73
8.2871 13.726
10.74 10.587
8.8351 11.111
12.134 9.5157
13.497 11.166
10.565 11.056
7.6214 12.917
9.0229 11.513
10.558 10.423
8.1835 12.82
13.58 7.5411
12.539 10.793
12.817 8.4832
6.7158 15.016
12.061 8.7919
10.62 13.721
14.834 7.3397
12.334 8.9721
11.674 9.0138
9.4277 9.2766
9.8925 7.8847
6.801 12.419
9.5235 11.938
8.8083 11.898
6.7991 13.175
11.598 10.506
7.5034 11.454
10.272 10.429
11.2 10.553
9.8491 10.204
13.296 8.3368
11.736 8.9119
13.884 10.768
9.9362 11.454
9.123 11.687
11.345 11.746
10.541 9.2526
11.247 9.6129
8.0901 11.43
10.333 11.566
13.621 7.5709
7.3417 12.442
9.6392 11.754
8.3269 13.313
11.651 8.6593
13.384 7.0952
11.85 7.62
10.494 9.5545
11.432 10.489
8.6119 11.163
3.7975 15.774
10.585 11.799
9.4488 9.3286
9.6069 10.188
8.0341 13.221
7.4334 13.654
11.413 10.8
11.615 6.5372
10.935 9.2465
11.409 7.4886
12.916 8.5346
12.126 9.8991
14.772 7.0501
10.785 10.475
10.889 13.208
10.791 11.105
10.925 12.539
7.7872 13.9
13.2 8.7114
10.472 12.124
12.57 9.6673
14.386 9.7156
10.517 11.778
7.364 13.938
7.5432 12.951
7.9938 12.819
9.5233 12.592
9.2839 14.067
8.6533 10.486
12.55 10.349
12.119 8.4787
12.146 8.1627
11.286 9.1879
12.799 11.641
8.6438 12.685
11.509 9.4967
10.077 9.1744
9.7599 10.837
9.5841 11.895
10.86 9.5479
8.4743 12.691
11.447 9.703
10.365 8.5668
9.8821 12.482
10.817 12.298
13.202 8.6763
11.66 11.116
13.501 9.3534
9.2463 11.683
9.0218 13.19
13.209 8.1471
7.1341 10.368
8.8873 12.573
10.222 10.079
11.211 7.2604
10.355 8.5881
11.26 10.347
13.07 7.5957
10.822 10.515
8.5537 12.017
10.042 9.7136
8.6092 11.18
14.787 9.0492
12.131 7.4819
10.879 8.7856
8.2843 11.787
7.0151 13.28
10.328 12.216
4.0797 15.799
12.964 9.1384
9.3115 11.342
10.451 8.7264
10.583 11.41
8.9612 14.451
10.682 10.901
7.683 12.48
11.607 11.689
12.657 8.6901
9.5057 11.192
12.401 9.8195
7.9053 11.442
11.533 8.6684
8.7772 11.805
11.778 8.1249
10.876 9.0517
10.801 12.143
9.4947 11.16
11.269 10.506
12.431 8.3353
10.532 8.9939
9.4142 11.112
12.444 7.5319
9.726 11.977
10.251 10.547
