13.962 -4.1477
8.8312 -10.244
9.8519 -8.8567
9.076 -8.5628
10.33 -7.7541
12.73 -4.0717
10.335 -8.8331
10.556 -9.5154
11.359 -6.7303
11.392 -7.564
13.232 -4.9548
11.328 -6.1439
9.2416 -8.6474
11.6 -7.7138
13.456 -4.7548
10.127 -12.738
11.161 -8.9984
10.648 -7.2305
11.883 -8.4818
9.9244 -6.8682
11.8 -7.7369
11.522 -7.7132
10.44 -8.5962
11.151 -9.4658
10.378 -8.7731
9.3014 -9.4691
9.7983 -12.363
11.142 -10.032
10.614 -6.4679
10.217 -9.6974
9.7154 -8.3187
10.274 -9.668
8.6843 -9.9692
7.9669 -14.618
10.477 -6.7783
12.391 -3.1632
8.2399 -13.957
12.822 -9.0583
10.042 -5.785
8.2435 -10.493
8.4782 -10.039
14.942 -2.9715
15.768 -2.5917
13.195 -5.4695
12.539 -9.5096
11.329 -6.7791
12.451 -5.329
11.656 -4.7779
8.8999 -9.0724
10.275 -6.9233
9.3202 -8.8872
9.1366 -11.798
9.5436 -11.051
10.084 -7.0885
10.974 -8.9822
11.17 -8.4441
13.89 -7.321
13.244 -5.9151
10.518 -5.695
9.2764 -7.9279
11.806 -5.8752
11.862 -6.9476
13.201 -5.9608
8.757 -9.7634
11.282 -7.3395
11.322 -7.5317
11.046 -6.6202
9.5182 -9.2527
10.69 -8.6009
11.024 -9.6118
13.487 -5.4443
9.5208 -6.9703
10.089 -7.1433
12.049 -7.1983
10.139 -8.0752
11.319 -9.3828
10.096 -9.6455
11.898 -6.3374
8.6004 -6.5507
10.72 -7.0765
8.1644 -11.201
12.143 -10.418
14.89 -4.5741
12.131 -7.5551
11.956 -10.309
11.049 -10.766
10.889 -6.9307
9.6256 -4.669
12.28 -7.2784
11.415 -6.9983
10.792 -7.6205
9.2069 -11.321
11.006 -7.4888
12.715 -5.5159
12.341 -6.8802
12.892 -7.3357
12.702 -6.5419
12.092 -4.7027
9.309 -9.4443
10.528 -9.8716
10.009 -10.004
7.0994 -7.9898
11.351 -7.8127
12.469 -3.4426
12.637 -8.3902
13.828 -5.118
10.317 -8.2099
10.543 -5.5154
9.8525 -10.983
9.5652 -10.162
11.977 -6.9573
14.934 -2.3627
12.485 -7.9571
9.8061 -8.3978
13.986 -3.1102
11.313 -7.6112
8.4929 -8.3239
12.492 -7.6859
12.133 -6.296
13.072 -10.289
10.793 -8.0804
14.453 -4.346
10.433 -6.737
11.436 -8.6752
7.9034 -9.7022
10.419 -8.3148
11.316 -4.8333
10.374 -7.7669
9.4731 -8.7139
13.347 -3.9418
12.394 -5.6627
10.108 -10.433
11.414 -6.5193
10.724 -8.5695
12.5 -6.837
13.791 -6.0084
12.432 -8.507
13.118 -2.5402
10.367 -8.9348
9.3209 -7.2481
11.306 -6.7077
11.06 -9.6372
12.281 -3.8612
11.169 -8.7958
10.602 -8.5847
11.615 -9.2948
12.973 -8.9019
9.7623 -8.1442
10.142 -6.8585
8.6382 -9.4086
11.765 -10.132
11.19 -7.9395
11.562 -9.1282
7.7007 -12.218
10.815 -9.0777
9.2934 -9.7572
10.215 -10.134
11.821 -8.9423
10.455 -11.142
10.392 -9.8594
10.765 -12.792
12.76 -7.6179
8.4129 -9.8856
9.091 -12.291
8.6172 -11.55
11.227 -9.1951
11.601 -8.2274
13.131 -6.5425
9.9249 -4.2424
11.524 -8.9482
11.069 -9.0913
10.672 -7.435
11.387 -5.942
11.287 -8.4464
9.8881 -8.6343
10.291 -7.8585
11.321 -5.2827
10.996 -8.2266
11.84 -3.7833
11.865 -5.412
11.031 -11.831
8.9686 -8.724
15.109 -3.0323
12.096 -8.0396
10.056 -8.6425
10.623 -7.4973
12.926 -4.4938
13.387 -6.8027
12.23 -3.6399
10.74 -13.199
11.303 -7.6545
9.6583 -11.362
12.05 -5.4602
11.056 -7.4702
12.798 -6.5626
10.381 -7.9661
8.3282 -12.151
8.6718 -9.0876
10.195 -7.9144
12.574 -8.1961
12.927 -5.6474
10.308 -10.809
6.7689 -8.4136
11.89 -7.6842
12.295 -5.5325
12.74 -6.7913
10.912 -5.4723
9.1052 -11.351
11.008 -5.5804
8.9499 -9.6071
12.343 -8.1753
11.379 -8.8458
11.335 -6.7312
11.042 -2.8846
10.732 -10.906
10.179 -5.7789
13.47 -5.1211
10.035 -8.0041
12.348 -4.8904
13.102 -3.0202
13.423 -5.411
13.153 -8.0082
12.034 -6.7546
10.622 -9.7049
12.968 -4.5443
10.278 -8.8579
11.257 -9.5186
10.476 -6.3199
12.462 -4.6128
10.761 -8.5072
12.122 -9.6885
10.938 -5.7711
9.7929 -7.4686
10.968 -8.4212
10.622 -7.0969
7.4103 -10.178
12.06 -4.588
11.062 -7.231
9.7553 -6.2427
11.716 -3.59
11.03 -5.1772
10.111 -7.9387
11.877 -5.2604
9.7117 -10.753
10.927 -7.4774
11.698 -6.6106
11.225 -8.5979
9.6602 -11.341
12.315 -6.9022
10.411 -9.5623
