0.38876 2.708
-0.19215 0.93059
1.0229 -0.94538
-0.27838 -0.42055
-3.0925 1.4029
0.74029 1.014
1.8262 -1.5297
1.6344 -0.98429
-0.39449 -0.89379
-2.8943 1.9459
2.0703 -0.83273
0.046969 -2.9793
0.023013 -1.3165
-0.22829 -0.071031
1.3589 1.3477
-1.836 -1.0111
-2.381 0.98565
1.1154 -3.9628
1.1439 -1.4575
-2.0676 2.2589
0.32245 0.015172
-0.027594 1.6242
1.2361 -1.5881
-2.9299 1.1251
-2.8909 1.1436
1.4857 -2.4608
-2.2825 3.3928
0.59354 -2.1979
-1.253 1.1191
1.6461 -2.3373
1.1336 -1.3452
0.35981 -0.95206
-0.45649 0.13832
-2.2929 1.9952
1.3499 -2.88
0.064547 0.55595
-1.1778 1.5202
2.4791 -1.9569
0.68087 -0.38691
-0.86711 -0.62248
2.4978 0.28343
-2.2947 1.5875
2.7004 -1.7886
3.3837 0.26838
-0.39115 3.0941
3.137 -2.1072
0.54407 -1.3334
2.1245 -1.4746
1.6264 -0.60093
0.81022 -0.49393
-1.135 0.70402
0.37618 -1.4483
1.2906 0.44668
-0.60755 -2.6153
2.4362 0.42463
-0.81334 0.21367
-0.13669 0.25058
2.997 0.66616
2.4999 1.1113
-0.42267 -1.3256
2.3875 -4.0915
-1.9463 1.5169
0.46608 0.66387
-0.65897 0.02153
1.055 -2.361
1.1561 -0.90896
1.3759 -1.9753
4.2868 -1.4508
0.13225 -0.24681
3.1374 -3.9176
-0.97665 2.0921
2.3887 -0.39486
-1.0512 -1.1714
-4.5611 2.4359
2.1166 -1.01
1.563 -0.75276
-0.91084 -3.2735
-0.13511 -1.9332
0.23455 1.2346
2.3636 -0.70851
1.2246 1.001
-0.049244 -1.7736
0.040836 -1.2474
-1.6452 1.3249
0.1824 0.40058
3.1654 -2.4639
1.8095 -2.2793
-0.60482 1.6274
0.31136 -1.4641
0.45246 0.63809
-1.6649 0.61076
1.2683 -0.85355
0.70816 -1.933
-6.4203 5.2994
-0.9997 2.3601
1.1279 -1.0681
0.96367 -0.1604
0.031972 -1.5061
3.4266 -0.60292
-0.19858 1.4943
1.2629 -1.7027
-2.2746 4.559
-1.4863 0.34178
2.7962 -2.1632
1.1599 0.61553
0.28475 -0.024619
-4.0432 2.2982
2.702 -1.8237
0.7676 -1.1168
-0.24635 1.8692
-2.1133 2.4365
-1.2537 1.1831
-0.84247 2.2435
1.141 -0.82647
1.7841 -3.1531
3.3832 -2.0485
-0.16688 1.0663
2.4109 -4.3173
-3.1583 1.9425
-3.0159 1.6298
0.12011 3.2213
-1.0723 -1.2234
-0.90248 -1.2758
0.93244 -0.011388
1.661 -0.93053
2.3463 -2.9447
-2.0661 0.53762
0.27547 -0.19031
-0.58668 0.22308
-1.6917 1.3983
3.514 -5.1815
1.4875 -2.5933
-0.66392 3.1989
0.8131 0.36592
4.2246 -1.8343
1.2313 -0.52755
-1.5779 2.2327
-0.52551 0.88293
-3.923 3.0373
-0.55277 0.093162
0.32773 0.5213
-3.3659 -0.13224
1.5614 -1.7081
1.9437 -2.9681
-2.4472 2.6339
3.3695 -4.2487
-4.0587 4.3484
-2.4187 2.0228
2.995 -3.8733
4.2719 -3.4499
2.6669 -2.507
-0.46562 -0.18464
-0.44251 0.68265
-4.0826 5.651
3.6972 -0.027031
1.1077 -1.9089
-3.0825 5.6523
0.056076 0.35544
2.2425 -1.8952
2.9965 0.95786
-0.38599 -0.50293
-1.4994 1.2735
2.9315 -2.6541
0.60984 0.99783
0.084689 1.2986
2.5158 -0.51984
-0.29261 1.0271
2.4155 -1.9654
4.5089 -0.42829
2.5708 -3.4162
-2.9682 1.3386
-2.9392 3.7703
1.2784 -2.3751
0.24023 0.086733
1.5154 -0.56837
-0.47325 -0.61055
-0.93662 -0.31266
1.6195 -2.0213
0.85304 0.71812
-0.58079 -0.02779
0.55245 -0.72554
-1.6127 2.0725
0.2914 0.60468
1.931 -2.2569
-2.4099 0.93024
-1.8908 0.6805
-2.7433 0.46819
-0.080657 -0.24195
1.6243 0.60335
-0.72358 -0.65657
-2.4659 2.7213
-0.99903 1.4161
0.71148 -3.2396
-0.55231 0.25272
-1.018 1.452
2.7747 -5.4491
0.3174 1.7982
-0.020743 -0.43648
-3.2242 3.1155
-4.8835 5.0968
2.0386 0.29284
1.7118 -2.8565
0.14611 -1.2512
0.30243 2.3043
-1.7098 2.9841
-2.1964 3.5008
2.2911 -3.4803
-2.3165 2.32
0.27543 0.0093434
-0.63918 3.4232
-2.7128 3.3998
-2.7926 1.6502
-1.9299 0.016893
1.1515 -1.8407
0.73781 -0.97192
-1.1461 2.5974
-2.2174 2.7651
-2.6019 1.0727
-0.65089 -0.29627
-2.9717 0.76287
2.907 -1.8555
2.6061 -1.2622
3.1873 -1.8996
-0.76198 0.4368
0.42915 -1.3906
1.8974 1.4094
-2.8269 -0.23445
-0.69287 3.5127
2.2195 -3.5562
1.0077 1.3014
-0.019079 -0.71343
-1.3601 0.60033
0.058014 -0.076753
-3.0666 3.1545
2.6587 -1.9595
2.7093 -2.3529
-0.9186 1.7265
-0.5951 -0.78426
-0.76952 2.3721
0.40637 3.001
2.5482 0.56396
-0.52643 1.7962
2.8751 -0.61763
4.3341 -3.1603
-0.53683 -1.9941
-1.7314 -0.73131
-0.10353 -0.26101
-1.4752 2.5718
0.46131 -0.26643
1.484 -4.105
