1.4958 -0.96311
-0.7492 -0.66918
2.4597 -2.1167
3.5332 -2.715
-1.9483 3.7485
0.9734 -0.54459
-0.34178 1.0095
-3.5718 1.0934
-0.41677 0.71238
2.3492 -3.0669
1.2136 0.61001
-0.27828 1.6763
-0.44497 -1.0328
-1.8287 1.8202
0.45563 -0.95632
-2.1608 0.33109
0.60506 -0.73583
-0.85809 -0.31362
-0.64802 2.4204
-0.12951 -1.2328
1.4156 -1.7743
3.9115 -4.9731
0.53612 -1.6086
-0.44274 0.65536
1.2441 -0.71464
-1.5405 1.3547
-3.8058 2.3986
-3.1626 3.6822
1.4719 -0.26042
2.1391 -2.8183
0.39573 -1.7849
-0.6146 -0.53727
3.0447 -2.5912
1.6093 -2.1163
-3.1036 0.59417
0.5102 -1.2348
0.70405 1.5644
-4.0187 5.4811
2.7658 0.19559
1.227 -1.0929
1.9685 0.55805
2.6825 -0.97017
-2.8508 1.9386
2.4547 -3.0662
1.0995 -1.7295
4.8298 -4.5195
3.0334 -4.0221
-1.4147 0.35675
-3.0895 4.8822
-1.0255 -0.16539
0.90948 -1.3775
-1.4172 1.6044
-0.4871 0.097872
0.0022477 -0.023235
0.70806 1.4152
-0.1708 -2.1256
1.6179 -2.0272
-0.25873 2.6078
-0.70268 1.6132
0.00053835 -0.29346
-1.8681 2.7367
0.15824 -0.48859
-1.4514 1.6248
0.18285 1.4466
3.8758 -2.8409
-1.3254 0.53261
-0.57219 0.98836
-2.4694 1.4293
3.3792 -2.1455
-2.8839 2.0511
-1.1557 0.25289
-1.0106 -0.20852
1.3267 -0.48283
2.9632 -1.2228
1.8491 0.39354
1.11 -0.17001
0.2246 0.10425
0.30374 -1.5096
0.73387 -1.93
-0.27181 2.6175
3.4167 -2.0384
5.1449 -3.226
-0.16407 0.55364
1.6744 -2.3971
-0.99668 -1.9261
-0.30777 -0.18588
-0.5873 0.68145
3.4197 -2.3702
1.332 -1.0394
1.375 -3.1684
3.5443 -2.4668
2.1331 -2.5052
-0.10793 -1.7451
1.5877 -0.81347
0.81794 -1.7257
-0.11117 -0.72859
0.25023 -0.98077
-1.8834 2.2032
-2.8905 3.0629
-4.9332 3.7574
0.020454 0.35079
-0.31412 -1.7474
4.0778 -3.7438
-0.66317 -0.23289
-4.0734 2.6459
1.075 -0.011258
-0.26754 1.5807
-0.78429 -2.1622
-0.13675 -0.35624
0.93993 0.23807
-0.86387 0.73979
1.7145 -1.106
-2.3349 1.7172
-1.7172 -0.010462
1.2623 -0.6079
-1.1108 0.70153
0.98463 0.36685
1.4203 -4.0358
0.29453 0.18762
0.45461 -1.9076
4.944 -0.92357
5.3189 -2.7507
-0.82534 -0.8415
-4.5151 4.1901
-3.9509 3.5624
-1.1148 0.89348
2.4076 -1.7023
0.96835 -1.3404
0.32048 0.39847
0.56592 -2.2788
-1.801 0.82523
-2.6387 2.8626
-0.56663 0.318
-1.7113 3.6583
2.0014 -2.7041
-1.2241 1.928
-2.1701 2.3095
1.2359 -0.22559
-1.6825 3.4153
3.6005 -3.471
-0.55157 -0.67009
-0.29516 -1.2466
-4.7256 4.0801
1.8107 0.016083
-4.6769 3.4448
0.5925 3.2071
-3.2928 4.4101
-1.7884 2.8267
-0.70284 0.10862
-0.46037 0.89752
2.8063 -0.87212
0.7278 -1.8844
2.6531 -1.4666
-0.80843 -0.82172
-2.9251 -0.33225
4.2119 -2.8948
-0.97265 3.9408
1.8545 -1.8581
0.71896 -1.1363
2.8355 -2.6425
4.0135 -3.7631
-0.57399 1.7896
-1.7301 -1.5519
-0.84699 1.237
0.99727 -1.9999
1.1681 -0.81425
-1.2179 3.323
0.45743 -3.3821
0.3151 1.6146
-3.7053 4.1133
-4.4384 4.5012
-0.053212 0.20606
-2.5325 1.5125
0.51129 -0.53992
-0.43694 0.94919
2.6068 -2.4241
2.8399 -2.3342
-1.7555 4.2999
-0.40386 0.33544
0.68282 -1.3144
0.28467 1.0844
0.79221 0.43074
-2.9941 2.6799
0.91929 -0.97537
3.5891 -2.1002
-0.45498 -0.93975
-1.6673 2.8004
-0.47438 1.7537
-1.2531 0.010876
3.371 -2.8334
-3.1291 2.3356
-1.4553 -1.5202
-1.4637 -0.29716
-2.1883 4.4187
0.18898 -1.4774
-0.41068 0.33322
2.0005 1.8368
-0.64319 0.61041
-0.52616 0.10923
-5.4617 3.4751
-0.92283 1.7353
-0.29016 1.4054
-0.19036 1.2087
-0.26611 0.58994
-2.5175 -0.88189
1.2841 -0.66493
-1.5931 1.83
-2.1775 2.5057
-0.13185 1.3202
-0.4646 0.7931
-0.25845 -1.2113
-4.8824 3.1728
-1.6598 2.3912
1.4677 -2.2632
-0.58165 -0.87426
-0.17596 3.1859
4.21 -4.0532
-0.93922 1.1704
-1.85 2.9339
-5.9493 4.2713
1.9509 -0.19906
0.19849 1.6121
0.99777 0.60434
2.9239 -4.2367
0.51629 -0.10331
-1.432 0.30508
-0.81765 1.873
-0.71299 0.642
-0.55364 0.27402
-1.9981 0.55252
1.8667 -2.7706
1.048 -1.334
0.65636 0.79151
1.3369 0.59645
0.52647 1.3562
0.82353 2.3306
0.77619 -0.53054
-0.10734 1.8788
1.2737 0.30938
-2.0528 0.87672
2.4461 -2.3512
-1.8718 1.1931
-1.6456 3.3504
-2.8411 5.4977
2.5347 -2.3143
-1.9307 3.3352
-1.806 0.27117
0.48142 0.23313
1.1294 -0.70877
-2.0037 2.0867
