10 -7.2 117.26
0.8 -8.4 55.851
8 -5.2 54.247
-2 3.2 5.1657
4.8 3.6 -1.9407
-8.4 -5.2 14.435
5.2 -8.4 89.604
-0.4 3.6 -1.2442
-1.2 5.6 18.013
5.2 -3.6 38.337
3.6 -0.8 -0.33684
7.2 5.2 -7.608
-7.2 6.8 76.376
-2 -2.4 5.0272
-2.8 0.4 -3.6972
3.2 -7.2 71.775
-0.4 0.4 3.4979
6.4 2.8 -7.2619
2.4 7.6 24.206
-2 -5.2 13.759
-8.8 -2.4 20.384
-4.8 2.4 24.82
-7.6 1.6 21.492
-4.4 -3.6 13.07
7.6 4 -5.5212
-8 10 136.79
1.7764e-015 4.8 12.48
-3.2 -6 9.1373
-1.2 -3.6 11.287
8.8 4.4 -4.7875
6.8 -0.8 18.944
1.7764e-015 8.8 46.262
4 -8.4 84.165
-5.6 -4.8 12.657
-7.2 4.4 49.813
-3.6 -3.2 -3.8714
-0.4 -1.2 -3.623
-2 6 32.126
6.8 2.8 -6.7038
1.7764e-015 8 30.573
-8.4 6 77.386
-7.2 1.2 29.798
-0.4 7.2 26.306
-3.6 -2.8 -5.193
-6.4 5.6 57.049
2 2 -9.9749
6.4 6 -2.3776
9.6 -4.8 72.38
4 3.6 -9.8991
-2.4 0.8 4.3031
6 4.8 -4.5571
-0.8 -5.2 17.204
-3.6 2 12.993
1.2 -8.4 51.695
1.6 1.2 -9.1281
2.4 -1.6 -1.8539
7.6 -8.8 112.43
4.4 0.4 -2.5558
5.6 7.6 0.50569
-5.6 2.4 34.016
7.2 1.2 -2.7706
0.4 -1.6 5.7508
8.8 10 6.1956
3.2 -4.8 36.774
-2 -7.2 26.177
-2.4 1.6 -2.9603
-1.6 -4 17.206
1.7764e-015 2.4 -7.9435
1.6 2.8 -1.0569
7.2 2 -4.3928
0.4 -9.2 64.882
-1.2 -1.6 7.1652
9.6 0.4 19.823
5.2 -9.6 103.11
-8 -4 19.101
-4.8 8.8 89.489
-2 1.7764e-015 -1.6718
5.6 5.6 6.5867
-4 9.6 85.518
5.6 1.2 -4.5996
-0.4 1.6 1.5751
3.2 2.4 -11.146
-1.6 -3.6 10.732
-3.6 -4.4 -1.1766
1.6 -2.8 14.575
6.8 -8.4 98.574
7.2 6 -19.311
0.8 -8.8 62.713
2.8 2.4 -10.197
2.4 -4.4 19.843
4 -2 26.695
-5.2 -8.8 30.399
-1.2 4 13.707
-3.6 0.8 9.4793
-9.2 -8 23.196
6.4 -9.6 115.87
-5.6 0.8 20.256
-1.6 -0.4 2.1661
10 5.2 -5.955
0.8 -2 4.9612
-4.8 2 11.647
-3.2 10 90.33
-2 -4.8 12.473
6 -4.8 43.045
-8.4 1.6 24.36
7.2 -4.4 42.88
7.2 -5.2 62.803
-8.8 1.7764e-015 21.167
-6 -5.2 3.6509
-3.6 4 17.73
-2.8 1.7764e-015 8.1637
-3.6 -4.8 -5.0143
7.2 -2 22.277
-2 -3.2 8.8393
3.6 -2.8 14.123
5.6 -0.4 12.236
4.8 -6.4 61.063
5.2 -0.4 5.6778
4.4 1.2 -3.7766
-6.4 -0.8 13.965
-4.4 10 95.445
-5.2 -8.4 14.951
6.8 -5.6 58.923
-7.6 -6.4 17.271
-5.2 -2 14.087
2 1.7764e-015 3.7474
3.2 6.8 3.2646
1.2 1.6 -1.6062
-5.2 0.4 19.232
1.7764e-015 9.6 53.411
6.8 3.2 6.0804
9.6 -6.8 107.23
8.4 -1.2 25.721
4.4 -5.2 35.91
-0.8 -3.2 2.6742
-2.8 -1.2 3.7314
9.6 -1.6 23.74
-3.6 8.8 80.212
5.2 -8.8 103.08
4 -8 74.641
-4 4.8 43.57
8.4 8 11.561
-4 2 17.493
-4.8 2.8 17.476
-7.2 -8.4 19.264
-6.8 8.4 102.93
2.8 5.2 1.2186
-4.8 9.6 97.543
-7.6 2 37.239
8.4 4.4 -5.2163
0.4 10 53.295
2 1.2 -5.1735
-3.2 -5.6 23.279
1.6 2 1.9357
7.2 10 20.047
-4.4 2 14.702
-1.2 -6 13.858
2 4.4 -0.058718
-4.4 9.6 75.046
-9.2 1.2 27.351
-9.6 1.2 26.599
-9.2 -2 14.012
4.8 6.4 -2.4992
4.8 -0.4 8.7007
10 6.8 -2.6505
-7.6 7.6 88.346
4.4 -7.2 74.095
-8.8 6 90.584
1.7764e-015 -8.4 47.796
-2 7.6 41.346
1.7764e-015 10 56.929
4 1.2 -1.8396
5.2 5.2 -0.53385
-6.4 -3.2 12.623
-8.4 2.4 34.309
6.8 -8.8 103.92
3.2 -2.4 9.0704
-9.2 -9.6 26.415
6 -5.2 43.465
2 4 -0.20845
-5.6 -6.8 16.297
7.6 -4 48.176
8.8 -5.6 83.596
9.6 2 0.88018
-8.8 -1.2 3.7948
-2.4 2.4 7.6276
-3.6 -2 6.0362
1.6 -9.6 71.112
-4 -4 23.6
-8.8 9.6 138.14
-2.8 -4.8 -3.7936
2.8 6.8 13.189
2.8 6.4 13.542
-7.6 -3.2 11.488
-6.4 8 84.671
-7.2 10 125.87
-1.6 8.4 56.571
-2 2.8 16.433
-8.8 2.8 39.93
-4 3.2 18.993
-6.4 -7.6 16.494
8.4 -3.6 40.792
-6.4 3.6 38.473
8.4 6 -23.117
-6.8 -6.4 10.492
-6.4 -5.6 3.3323
4 -4.8 22.71
-4.8 -3.6 -8.0639
7.2 -4 51.857
5.2 6.4 16.495
0.4 -3.6 16.504
-9.6 -6 16.007
-1.6 -2 -7.5073
8.4 4.8 -16.896
-4.4 1.2 13.239
-0.8 2.4 13.396
8.8 -4 46.169
5.6 3.6 -3.9684
4 6.4 0.24178
8.4 1.6 5.8244
-8 -1.6 10.78
-6.8 1.2 20.277
-6.4 -1.6 6.6911
-3.6 -6.4 15.539
3.6 -0.4 -4.9854
-6.8 -7.6 9.1477
0.4 -5.2 27.255
8 6 -4.457
-4.4 1.7764e-015 0.3003
6 2.8 2.0277
-7.2 -2.4 -1.9461
3.6 2 -21.261
-5.6 -1.6 12.571
3.2 0.4 8.1937
0.8 5.6 18.057
-1.2 4.4 13.027
-5.6 -1.2 3.5195
-9.6 4 58.577
3.6 1.7764e-015 3.6862
-3.2 7.2 52.9
5.6 4.4 -1.0429
6.8 6.8 -3.7531
-2.8 -0.4 1.8079
-7.2 -8.8 27.184
9.6 5.2 -9.4572
3.6 6 -6.3003
-5.2 -1.2 8.3987
-0.4 -7.6 41.901
-8 3.2 54.436
-5.6 -0.8 4.5307
-1.6 0.8 9.2673
9.6 6 -10.646
-6.8 6.8 67.057
10 -6.8 107
-2.4 -5.2 19.196
4 -6.4 57.116
-2.8 3.6 13.3
-9.2 -1.2 11.841
5.6 -2.8 25.687
-6 9.2 105.5
-9.2 -3.2 13.619
-1.6 0.4 2.7574
6.8 -4.4 33.739
-7.2 -9.2 25.426
0.4 0.8 -10.564
0.4 -6.4 17.295
-4.4 -7.2 15.645
2 6 2.7738
6.4 2 -9.9681
-0.4 -5.2 21.917
-8 9.2 111.92
-1.2 2 -2.7527
4.4 8 9.9191
-4.4 -4.8 8.1065
3.6 -9.6 94.303
0.4 0.4 0.63478
3.2 1.7764e-015 -6.4472
-5.2 10 100.73
4.4 4.8 -2.157
-4 8.4 64.942
-6 6 61.797
-3.2 3.2 12.728
-3.6 1.2 16.314
7.6 6.4 -1.2568
6 3.6 -0.56681
1.2 -1.6 4.0284
-6.4 -8.4 22.493
2.4 7.2 20.65
5.2 -2.4 12.863
7.6 -3.6 48.671
9.6 -8.8 138.78
-9.6 10 158.37
5.6 -6.8 72.154
8.4 2.8 1.288
9.2 -4.4 67.273
-2.4 -4 4.5678
2 -2 9.0187
8.8 -5.2 80.781
9.2 0.4 12.835
-0.8 3.6 10.003
1.2 8.8 36.111
6.8 8 -11.526
4.4 6.4 9.9905
-1.6 -2.4 11.035
-2.4 -9.6 58.634
0.4 -6.8 35.099
5.6 -6 52.372
-7.2 3.2 27.94
-3.2 -4.4 8.9975
6 8.4 6.1674
7.2 1.7764e-015 7.383
1.7764e-015 7.2 32.991
1.2 3.2 9.486
-0.4 8 36.122
3.2 -5.6 35.743
2.4 4 -2.1001
-6.8 -2.8 2.8778
4.8 6 1.8781
4.8 -4.4 22.725
7.6 -2 23.739
1.6 -4.8 28.153
3.6 -2 0.78194
-9.6 -3.2 0.28807
9.6 -2.8 50.854
5.2 -4.8 34.543
-1.2 7.2 38.103
3.2 -4.4 22.349
5.6 -1.6 9.9034
7.6 0.4 10.034
6.8 4 -3.8046
-5.6 5.2 49.904
-4.4 9.2 88.747
-9.2 -0.4 29.365
-3.6 9.6 84.053
2.4 -7.2 48.851
-6 -8.4 27.948
-4.8 -0.8 -1.8076
0.8 1.2 10.056
7.2 -0.4 8.4066
8 -6.4 71.558
4.8 -1.6 0.72801
-4.4 -8 24.354
-9.2 4.4 66.233
-0.8 8.4 44.542
6.8 0.8 -2.3075
-2.8 5.2 26.94
-2.4 -2.4 1.9105
-6 -6.4 9.6612
-9.2 -8.8 23.612
-2.8 -8.8 32.344
-1.2 1.6 9.134
1.6 5.6 0.13976
-4 -2 8.8683
-3.2 -7.2 30.208
-1.2 6.4 25.504
-6.8 2 23.762
3.6 8.4 15.538
8.8 -4.8 60.019
-8.8 -8.8 18.689
-9.2 4 55.514
-6 9.6 109.22
7.2 7.2 -3.7365
3.2 -9.2 83.948
-0.8 -7.2 27.291
-8 -5.2 17.361
-8.4 -4.4 14.684
-2 -7.6 36.103
-2.4 4.4 16.917
10 -5.2 78.55
2 -2.4 4.2323
8 -3.6 49.146
-9.2 -5.2 10.632
2 6.4 20.521
-7.6 3.6 45.426
-8.4 -2 5.9288
1.2 -0.8 8.2909
9.2 2.4 0.083001
-3.6 1.7764e-015 2.8946
-8.4 0.8 24.78
8.8 3.2 -5.942
-2.8 -2.4 10.368
8.8 -6 83.781
-9.6 -4.8 0.0063559
2.8 -4.4 22.968
-6.8 -0.8 6.028
6 4 -7.9885
1.7764e-015 -2 8.1472
0.4 6 17.262
-2.8 0.8 8.9284
-0.8 6.8 22.994
-5.6 -5.2 16.115
-2.4 3.6 13.337
-8.8 0.4 25.564
-6.8 9.6 107.14
10 -1.6 35.18
-9.6 9.6 151.42
8.8 8.4 -8.045
-3.2 -6.4 18.943
-5.2 -8 24.555
3.2 -3.6 30.685
-0.8 -9.6 69.939
10 -0.4 24.588
-6.8 8.8 100.54
0.4 -8.8 56.117
-8.4 1.7764e-015 24.661
-5.6 -4 2.47
-4.8 6 48.648
-3.6 3.6 13.586
-8.4 -4 14.118
2 3.6 8.1558
8.4 -5.6 67.297
8.4 -2 33.437
-5.2 -5.6 4.6674
3.6 -6.8 59.163
-3.6 1.6 7.3049
0.4 3.6 10.275
2.4 -0.8 2.8378
-6 -6.8 14.506
0.4 1.7764e-015 -0.26421
-8.4 6.4 87.073
-9.2 7.2 95.062
8.4 -4 45.712
-4.4 8 67.523
-7.2 2 27.595
6 -0.4 -2.1421
6 1.6 12.299
1.6 -9.2 67.596
-2 4 6.034
2.4 0.4 -7.8228
-1.6 -1.6 4.7643
1.2 -6.8 46.932
-9.2 1.7764e-015 10.908
-3.6 -6.8 25.95
-4 10 94.949
-2.4 8 59.92
3.6 -8.4 61.077
-6 7.2 73.875
-4 -8.4 37.348
-4.4 2.8 12.576
5.2 8.8 16.025
2.8 8.4 18.247
-8.8 -2.8 18.51
3.6 -1.6 11.579
7.6 9.6 5.1185
-9.6 -2.4 14.717
-5.2 4.4 47.07
10 6 -15.41
-2 -6 14.799
-7.6 10 127.36
8.8 8.8 -2.8452
2 3.2 4.7971
-8.4 -3.6 14.282
-2.4 -1.2 -4.9388
-7.6 8.4 103.22
-1.6 -8.8 45.964
-4 1.6 9.252
9.6 3.2 -9.1319
8.8 -0.4 12.098
3.2 -6.8 48.733
6 8.8 6.2171
3.6 -4 19.636
9.6 -1.2 25.571
1.2 6 22.153
-9.6 -2 9.3396
2 -1.6 1.3294
-7.2 -0.8 14.656
4 1.6 0.61682
-2.8 -1.6 2.0156
6 -3.2 34.547
-7.6 6 74.15
7.2 -9.2 125.59
9.6 -8.4 142.59
-3.6 5.2 32.727
-8.4 -8.8 25.807
-5.6 2 32.144
7.2 -6 65.413
-7.2 -9.6 28.047
3.6 -5.6 22.259
-8.8 2.4 45.245
6.4 10 25.398
-4.4 -6 14.863
-2.4 -7.2 37.666
-4 5.6 30.25
8 -0.8 18.148
-9.6 -3.6 11.746
8 2 -7.6516
1.2 7.6 20.056
-6.4 -9.2 27.966
7.2 0.8 4.8863
-7.2 2.8 38.255
8 5.6 -8.8376
-2.4 4.8 15.988
-7.2 -7.2 16.325
-8.8 2 32.129
-6 0.8 9.4082
-2 0.4 4.7941
-8.4 -6 -0.50281
-4.8 4.4 34.152
-6 3.6 31.757
-6 -5.6 10.328
8 -7.2 90.436
-5.6 -2.4 3.9944
-2 8.8 61.211
9.2 1.6 -6.5329
-9.6 2.8 53.882
-7.2 3.6 35.998
9.2 -9.2 146.65
-3.2 4 19.739
10 -2.4 51.387
9.2 -1.2 15.744
-8.4 -4.8 11.074
6.4 6.8 7.7991
-8 -6.4 8.9085
8 9.2 0.017285
-0.8 -7.6 35.095
0.8 3.6 7.553
1.2 10 53.235
1.6 1.6 -7.3893
-8 -8.4 19.562
8 7.2 -4.5012
6.8 -5.2 57.238
6 -8.8 96.681
-5.2 1.7764e-015 6.4487
6.8 6 -1.2088
7.2 2.8 -7.774
-9.6 6.4 82.64
3.6 9.6 18.561
-2 -5.6 15.251
-9.2 6.4 94.123
1.6 4.8 1.7312
7.6 4.8 -5.4853
9.2 4.8 -7.515
-9.2 -6.4 15.173
8 -8.4 102.66
-1.2 -9.2 55.681
1.7764e-015 2 7.5979
6.4 4.8 -2.4992
9.6 8.4 -7.7709
-1.6 -8 45.995
0.8 6.8 14.293
-3.2 7.6 53.593
6.8 -9.2 109.01
-2.8 2.8 9.6131
-5.2 -6.8 23.197
8.4 -2.8 31.654
-1.6 -4.4 11.079
-2 3.6 12.389
2 -4.4 12.143
-5.2 -7.6 8.5676
-2.4 -4.8 17.662
-4 4.4 23.48
-6 6.4 60.173
-9.6 -9.6 18.704
-4 -6.4 14.228
1.6 -1.6 -0.77879
1.6 4.4 8.2121
7.6 -6.8 81.5
3.6 -6 48.756
5.2 2.8 -11.062
2.4 5.2 7.791
-4 5.2 38.118
6 6 2.1877
-6 -1.2 9.7209
-2.4 -6.4 24.842
-2 0.8 -4.2788
0.4 2.8 2.9949
-7.6 -4.4 10.667
-4.8 0.8 10.16
8 -2.8 34.13
-9.6 3.2 51.789
6.4 8.8 6.7139
-9.6 6 88.541
1.2 -9.6 76.672
-8.8 1.6 33.927
3.6 -8.8 95.789
10 4.8 -3.7693
2 -5.6 33.677
-7.2 8.8 102.05
10 9.6 3.1547
7.2 3.6 -7.7121
6.4 -7.2 80.19
3.2 -0.8 6.4838
1.2 -3.6 12.694
7.2 -7.2 85.706
3.2 6.4 10.03
4.4 -2.4 12.174
-4.8 8.4 86.955
1.7764e-015 6.4 27.093
-8.8 7.2 99.461
2.8 10 38.713
-6 7.6 84.238
-8.4 6.8 87.468
-4 -1.6 -1.492
-0.4 -8.4 44.106
-4.4 -6.8 22.114
4.8 -3.6 21.6
3.6 0.4 -4.7487
-3.2 8 53.785
3.2 0.8 -8.9852
9.6 -3.6 58.366
-9.6 -8 12.844
1.7764e-015 -8 41.263
2 0.8 -9.576
-8.8 -1.6 11.286
3.2 -9.6 88.562
10 2.8 0.31814
-0.8 0.4 -2.4671
-2.4 9.2 74.521
7.6 10 8.9989
-9.6 -6.8 13.512
0.4 -2 4.5825
7.6 5.2 -9.5407
6.8 -9.6 128.34
-4.4 -2.8 -2.6498
9.6 -9.2 150.16
5.2 -6.8 65.741
-5.6 -3.6 -2.5247
-1.6 -3.2 12.805
1.2 -9.2 82.148
-5.2 2.8 22.323
8.8 6.8 -2.8932
-3.2 4.8 29.927
-5.2 -4 12.596
10 -2 33.439
-2 5.2 30.357
0.4 9.2 47.074
-9.2 8.4 107.91
-1.6 -6.4 28.36
-8 4 64.952
-6.8 2.8 43.305
-5.6 9.2 100.27
-8.8 -4.8 6.0629
-2.8 -8.4 43.5
-8.4 -9.6 24.664
4.4 5.2 -7.3636
7.6 -2.4 30.293
7.2 -6.4 72.443
-0.4 5.2 14.841
7.6 2 -8.8514
1.6 -8.4 51.935
-5.2 8 70.561
4.4 4 -0.34986
1.7764e-015 -0.8 -13.706
-4.4 -0.4 4.1918
-5.2 1.2 8.6723
1.7764e-015 -6 20.991
-6.4 -4.4 3.7488
6.8 -3.2 30.997
2.4 10 42.611
5.2 0.4 7.9825
6.8 5.2 -5.0372
-1.2 -1.2 16.04
9.2 -8.8 137.19
2.4 -6.4 39.677
2.8 4.4 7.1243
8.8 2.8 -3.3143
1.7764e-015 -1.2 -8.6543
3.2 -8.8 84.729
-4.4 -8.4 38.658
0.8 -6 33.396
-8 -3.2 4.466
-7.2 -4 5.2799
-0.8 10 49.988
-6 -1.6 5.5978
-8.4 1.2 20.801
8.8 5.6 -4.6125
8 -6.8 91.008
0.8 1.6 -0.96311
-9.2 5.2 77.679
-0.8 -0.8 -0.1271
-6 -7.2 16.872
0.8 -9.2 67.738
10 -8.4 136.46
8 -2.4 30.292
-4 -5.2 11.774
3.2 -4 21.157
-7.6 -5.6 4.2037
-0.8 8.8 45.502
4.4 -9.2 103.73
6.4 -6.4 67.573
9.2 -6.8 104.63
-7.2 -8 0.47848
-3.6 9.2 78.457
-6.8 6.4 62.663
5.2 1.2 7.3772
6 7.6 -2.3526
-5.2 6.4 64.106
-1.2 -0.8 1.4032
-9.6 0.8 30.928
7.6 2.4 -7.6242
-0.4 -0.4 13.317
8.8 -8 105.26
-0.8 9.6 59.825
5.2 8.4 8.0833
-2.8 -5.2 14.333
8.4 -9.6 138.59
8.4 3.6 -7.6212
4 2.8 12.667
0.4 2 2.5399
-4.4 8.4 68.386
-3.2 6.8 50.133
0.8 8 25.705
2 -4.8 14.885
-5.6 -8.4 33.167
-2 6.4 33.332
-5.6 8.4 75.203
8.4 10 5.1722
10 -4.8 65.738
4.8 -5.2 39.474
-0.8 -1.6 7.0071
5.2 -4.4 31.577
-6 0.4 15.984
2.8 -6.8 44.663
3.6 0.8 3.0909
1.7764e-015 0.8 -1.0652
-6.8 0.8 15.04
9.2 4 -4.0472
0.4 -9.6 69.147
-9.6 -4 4.1421
7.6 1.7764e-015 6.3883
-9.6 -1.6 16.468
-5.2 5.6 46.122
1.2 -2.4 5.0854
4.4 -0.4 14.6
-6 -2.4 0.10657
1.6 3.2 -0.83555
-0.4 -3.6 9.742
2 -3.6 20.262
1.6 -0.8 12.093
-6 3.2 30.408
-2.4 1.2 12.471
10 1.2 3.3345
-6 -4.8 18.506
1.6 7.2 6.0988
7.6 -4.4 47.105
-0.4 6.4 34.258
-2.8 2.4 6.8856
5.6 2.4 1.9479
1.2 -8.8 68.883
6.8 -4 31.25
4.8 9.6 19.626
4.8 -7.2 69.302
-1.2 -9.6 60.227
10 6.4 -15.77
6.4 4 -14.159
-4 -5.6 8.5563
-4.4 7.6 65.938
0.4 -7.6 50.898
-8 4.4 51.866
3.6 -1.2 13.788
-2.4 -8.8 49.764
6.8 8.4 -0.77378
5.6 -3.6 29.241
-9.2 -7.2 8.418
2 2.4 -1.9101
8 5.2 -10.525
-2 7.2 43.01
6 2 -5.1051
8.4 -8.4 122.4
-5.6 1.2 19.602
-6.8 -8.4 25.07
-8.4 -1.6 14.697
-6.4 0.4 18.532
-8.8 -0.4 17.123
-1.6 -1.2 -6.5568
-4 1.7764e-015 10.685
-4 8 54.429
7.6 -2.8 34.891
6 -6.4 66.406
0.8 6 5.8787
-8.4 -2.8 20.162
1.2 -7.6 58.811
-8.8 -5.6 12.911
-3.2 -7.6 30.173
6.4 -5.6 67.684
-0.8 1.2 14.537
-8.8 4.8 58.773
3.2 -2.8 13.73
4.4 7.2 3.022
-5.6 7.6 78.023
1.6 7.6 24.189
-9.6 7.6 104.32
-1.2 1.7764e-015 -2.7462
8.8 0.8 5.5815
-2.4 6.8 37.105
0.8 4.8 -0.53627
-1.6 3.6 6.941
1.7764e-015 -7.2 33.343
0.4 -3.2 16.475
-2.4 7.2 37.991
-8.8 -7.2 13.693
-7.2 7.2 90.42
9.2 10 0.61463
4 9.2 20.741
-9.2 9.6 143.73
1.6 -3.6 10.644
-5.6 4.8 44.374
4 2 -5.7916
-1.6 -4.8 33.366
-9.6 1.7764e-015 30.323
8.4 -6.4 85.187
4.8 -9.2 88.887
-7.2 -1.6 8.943
4.4 -8 73.261
1.6 3.6 -9.3362
4 2.4 -3.2391
-8.4 -0.4 22.329
-3.2 3.6 19.196
-7.6 6.8 86.55
-1.6 7.2 39.715
1.2 1.7764e-015 0.29013
5.6 3.2 2.4291
4 0.4 11.235
-0.8 -3.6 10.304
-4.8 -7.2 27.968
-0.4 -3.2 3.5762
-8 -2 11.074
2.4 -6.8 47.632
5.6 9.6 6.0055
10 7.6 -5.2816
5.6 -7.2 78.846
-6.8 -2.4 12.306
3.2 4.8 -7.1145
1.6 -4.4 14.995
0.4 8.4 33.23
2.8 -0.4 16.976
-7.6 -0.4 9.3803
10 -7.6 125.93
0.8 2.4 -3.3572
6.8 4.4 -16.167
3.6 3.6 -9.5351
-6.8 7.2 77.585
2.4 -4.8 27.217
5.6 -5.2 51.819
-8 0.4 24.795
7.2 9.2 2.6304
-8.4 2.8 35.544
4.4 3.6 -5.3699
-2.8 8.8 73.378
-6.4 -6 15.861
-5.6 -7.6 25.686
4.8 -0.8 1.1501
-8.4 9.2 121.95
-6 -7.6 15.715
4 5.6 -1.6144
-6.4 9.6 107.47
7.2 -8.8 115.43
4.8 10 12.638
9.2 -0.4 32.411
6 -6 58.342
-0.8 4 10.329
1.6 -7.2 38.508
-8 7.6 92.019
-8.4 3.2 46.033
1.7764e-015 -4.8 12.535
-2 2 3.5907
-7.6 -2.8 0.18115
2 -0.8 -2.3416
-6.4 -6.8 26.836
-5.2 1.6 16.429
-8 -6 6.8851
4 9.6 19.825
7.6 3.6 5.856
-0.4 2.8 -2.7685
2.8 -5.2 33.842
-6 1.2 10.554
-7.2 1.7764e-015 19.72
-0.8 -4 8.5794
9.6 -4.4 59.978
8 -2 21.775
-0.8 1.7764e-015 -8.8664
5.2 6.8 7.2775
7.6 8.8 -9.1804
6.4 -6.8 72.053
-2.8 1.2 -0.28958
-4.4 3.2 20.389
-6.8 -7.2 29.34
4 0.8 -7.0713
5.6 -1.2 7.5443
-3.6 7.6 55.831
5.6 0.8 1.8269
0.4 -2.8 -1.4508
-6.8 8 84.979
-4.4 -2 0.97699
4.4 -6 44.016
-4.8 -1.2 14.254
-9.6 2.4 55.297
2.4 -3.6 6.8366
8 8 -14.417
3.2 4.4 0.79871
-8.8 10 144.37
2.4 8.8 31.656
-9.6 -7.6 7.5617
-5.2 -6 6.7834
-1.2 -6.8 32.516
8.4 -3.2 44.282
-2.4 -0.4 5.2348
-8 -2.4 15.886
10 -9.6 156.24
7.6 7.6 -1.4284
-6.4 9.2 103.05
-4.8 10 99.736
3.2 10 28.185
2.4 2 -1.7771
-4.8 1.2 10.687
8.4 1.2 -2.8888
0.8 -2.8 7.4212
-8.8 1.2 35.114
8.8 -4.4 48.1
8 8.8 4.0602
0.4 7.6 27.53
4.8 -6 54.898
3.2 1.2 -1.5369
-0.4 -6 28.141
7.2 6.8 -7.5687
2.8 -4 21.423
7.2 -3.2 45.701
-8.8 8.4 117.53
5.6 -7.6 86.759
-6.8 -4 2.8372
6.8 7.2 -1.1085
7.6 -0.8 12.313
-1.6 2.8 7.2579
2.4 -9.6 86.405
-9.6 6.8 90.053
6.8 -6.4 70.327
-4 3.6 14.18
-8 -3.6 12.72
6 5.2 -1.166
4.8 -8.8 83.646
7.6 -7.6 96.476
6.8 1.2 3.4968
4.4 -4.4 21.794
4.4 -8.8 95.731
8.8 7.2 -18.804
-8.8 0.8 31.403
-2 9.2 59.533
1.2 -3.2 3.4602
7.6 7.2 4.5028
2.8 -4.8 35.333
9.2 5.6 -8.402
8.8 4 -8.8682
0.4 1.2 3.4502
-8.4 -5.6 0.71871
-9.2 3.6 45.422
-9.6 2 40.142
-0.4 -5.6 17.274
-2.4 1.7764e-015 2.7007
7.2 1.6 -3.6618
4 -4 31.119
-8.8 -8.4 11.733
8 -8.8 122.17
7.6 -1.6 24.678
-9.2 -4.8 4.3172
6.8 -1.2 -1.3137
7.2 6.4 1.194
3.2 -2 8.7497
-3.6 -9.6 35.585
6.4 -4.4 42.312
-1.6 -5.6 12.039
-6.8 -4.4 -0.15498
-3.6 -9.2 40.522
1.7764e-015 1.2 -0.13793
2 -8 58.812
-5.2 -3.2 -6.5344
4.4 -0.8 3.6776
-5.2 -0.8 14.036
-0.4 -2.4 6.0672
-9.2 6 77.119
-5.6 10 110.67
-8 5.6 64.418
-8 5.2 62.311
0.8 4.4 1.4176
6 -0.8 6.049
-1.2 5.2 25.279
-2 -8 30.832
2 -7.6 55.286
-6.4 1.6 19.452
-1.6 -7.2 26.893
-8.4 -0.8 20.474
10 7.2 -9.0868
1.2 0.8 5.2863
-1.2 3.6 9.7121
-5.2 -2.8 11.481
9.2 0.8 -2.5705
-4.8 -0.4 2.6487
-7.6 -8.4 19.014
-5.6 6 49.271
-1.6 -9.6 53.122
-6.4 4 38.055
-8.8 9.2 139.22
-2 -2.8 7.4498
-4 0.4 8.0385
-2.4 8.4 52.597
-2.4 -5.6 24.534
5.2 1.6 4.7785
-2.4 -4.4 11.698
-1.2 8.8 45.67
7.6 -6 76.723
2.4 8.4 24.669
