0.32091 1.6157
-0.40281 -2.0149
-1.7889 0.089994
-0.30276 -1.7353
-0.065827 0.18664
-1.7585 -0.73674
0.83222 1.8911
-0.61208 -0.41472
0.065749 -1.2575
0.31588 -3.86
0.90366 4.2566
-0.16228 -2.2154
0.2974 -5.2078
-1.156 1.7404
-0.69685 3.6471
-0.1702 3.8357
-1.161 3.8807
-0.1957 3.0476
-2.1195 3.1889
0.48559 1.2622
1.5034 -2.1665
0.7023 -3.14
0.30192 2.6993
1.2753 0.87838
0.17292 -0.46408
0.22585 -1.921
0.48532 2.9307
-0.6555 -2.3949
0.39133 -1.1208
-0.45381 1.8019
-2.0001 0.27285
0.055626 -7.3853
0.60388 -2.6118
-0.85217 -4.1112
0.98359 2.9085
-0.36221 -2.7933
-2.0585 2.1034
1.0111 -2.1823
-0.98548 -2.3464
0.59423 -1.5448
0.75525 1.9165
1.0914 -1.4329
2.024 -5.8093
0.73871 -1.2587
2.0036 -0.81765
0.75041 -3.2705
0.021361 3.1574
0.27638 -3.2612
0.60881 -2.6234
0.4575 1.4783
-1.0481 1.6579
-2.4393 1.3078
-1.5645 1.3651
0.83999 2.7594
0.11628 -0.91598
-2.0395 -0.9489
0.48405 -5.0844
-1.9028 0.26012
-1.8011 2.8049
2.1595 -1.6352
1.1646 0.086124
1.1609 1.0537
0.73887 -0.97936
0.46934 1.424
-0.64341 -1.4165
-0.89047 -2.2107
-2.4278 -4.1403
-1.1227 1.0746
-1.7166 -2.5441
-0.14727 -0.067761
-0.66292 6.455
0.71503 1.0616
-0.59043 1.2306
-0.48961 2.6476
0.86755 -0.57671
-0.28262 -4.2648
1.6371 3.0327
-0.84593 -0.24224
0.58553 -1.5795
-0.22717 -2.3631
0.6946 -2.1601
-1.0189 4.4378
0.56719 -4.9294
1.0777 0.031065
0.058558 -2.3796
-0.5437 -4.1319
-1.0373 -1.2755
1.6432 -1.0204
-0.66274 4.0419
1.1473 3.3946
0.62573 1.4916
-0.01596 -0.20988
-0.47326 1.7885
1.9184 1.4679
-1.3883 0.25709
1.0557 -0.27522
-1.2361 -0.75017
0.55002 -3.2161
0.19001 2.0368
0.63342 -0.71081
-0.65377 -4.1099
0.68734 3.2171
1.5213 0.90192
0.85435 -1.3712
-0.37117 0.91228
0.69297 -0.97016
0.45593 1.0952
0.063277 -3.8841
1.3994 3.4403
-1.8629 -3.8596
-0.097544 -0.7315
1.4957 1.7668
0.45716 0.34269
0.66947 -0.97587
-0.62641 -3.24
-1.9073 -1.7496
0.21023 -2.1808
-1.0628 0.67229
0.97633 1.8104
1.8419 -2.5204
0.21507 0.52694
-0.3692 1.5862
-0.6382 -1.7013
-0.77324 -3.7358
-0.82624 0.23025
0.3515 -1.4954
1.5631 -0.50675
0.69985 -0.39056
-0.81643 0.78788
0.90743 0.11233
0.029524 -0.70003
0.2755 -0.95586
-0.2617 0.51354
0.71909 3.3947
-0.027882 -4.0705
0.47038 1.1284
0.79657 0.73136
1.2045 -3.1762
1.7317 2.9569
-2.2707 -4.2792
0.5967 1.0056
0.13609 0.24557
-0.63162 3.5153
0.83359 2.038
-0.060549 1.2377
-0.87471 -1.6778
0.026061 -4.4937
-1.0684 -4.8365
-1.5112 -2.2102
-0.75373 -1.9757
-1.6672 -1.4097
0.25764 6.3928
1.0627 2.1976
-0.64637 -1.3892
0.366 1.3313
-0.31282 1.7303
-1.3343 -0.11621
1.0413 1.8288
-1.117 4.2125
-0.40965 -3.4037
-2.5946 1.0667
-1.1108 4.3912
1.6325 2.7273
0.66259 4.7804
-1.1375 0.021352
-1.4865 1.8705
0.43289 2.1795
-1.8982 2.835
-1.1916 2.1999
-1.4288 0.16306
0.80076 -1.6202
0.70211 2.0678
2.1939 1.5486
-1.6181 -0.15867
1.6056 0.35105
-0.81755 1.8685
1.402 0.10304
1.1722 -5.8732
-1.4204 2.3755
0.14577 0.16099
0.031936 1.8248
0.18973 -0.10718
-0.19374 0.38686
0.82166 -3.0998
0.056993 1.3351
-0.24063 -2.2519
1.1174 -0.27354
1.4695 -2.3618
-0.0097883 0.39669
-0.99091 2.4572
0.71734 -2.4114
-0.37902 -0.7116
-0.29671 2.6189
-0.76105 -0.69668
-1.4146 2.1019
0.59346 -0.40847
-1.0253 0.90127
2.2025 -0.25495
1.5486 1.3376
1.0888 -3.4836
0.43173 -0.56861
-1.0858 -0.22861
0.17374 2.1429
-1.0356 3.4085
0.34533 0.013126
-0.86147 3.3216
-0.44735 2.5079
1.3459 -0.27283
0.96642 3.5841
-0.67805 -0.87732
-0.8864 1.6438
-0.11243 -1.2967
1.825 -2.1153
-0.26383 -3.6426
0.91944 -0.80565
-0.043806 -0.76542
0.83342 1.9983
0.34613 -2.2288
0.57 -0.19613
-1.3863 -0.47664
-1.2707 1.4496
-0.58069 0.22585
-0.56348 -0.93322
1.545 -0.045419
-0.24258 1.3568
-1.8248 -2.664
1.7654 3.8235
-1.9138 1.3794
-0.29749 1.9201
1.3528 -0.42366
1.8437 -0.86371
-1.452 0.84308
-1.5555 -2.0688
-1.3145 -0.25397
-0.56428 -0.10529
-1.2974 -0.72418
1.5186 0.044729
-0.027174 -3.0346
1.1837 -3.8958
0.29277 -0.02159
0.64877 1.0178
-0.70774 0.51
0.84695 -2.261
-0.90527 3.6909
-1.0981 -2.5758
0.93937 -0.31599
2.1547 -4.3247
0.32455 0.83729
0.35787 0.81724
-1.4249 -2.1295
