10 -7.2 3.2216
0.8 -8.4 12.368
8 -5.2 -2.0924
-2 3.2 -0.58308
4.8 3.6 -8.8738
-8.4 -5.2 -16.375
5.2 -8.4 10.395
-0.4 3.6 1.5038
-1.2 5.6 4.9802
5.2 -3.6 -5.2418
3.6 -0.8 -2.5157
7.2 5.2 -19.482
-7.2 6.8 15.32
-2 -2.4 2.8537
-2.8 0.4 1.2539
3.2 -7.2 5.1348
-0.4 0.4 6.1864
6.4 2.8 -19.569
2.4 7.6 -2.0475
-2 -5.2 -2.3164
-8.8 -2.4 -15.945
-4.8 2.4 3.7294
-7.6 1.6 -6.7107
-4.4 -3.6 0.91859
7.6 4 -22.463
-8 10 27.53
1.7764e-015 4.8 -3.0767
-3.2 -6 -2.2894
-1.2 -3.6 -1.375
8.8 4.4 -24.176
6.8 -0.8 -10.124
1.7764e-015 8.8 8.0391
4 -8.4 9.7021
-5.6 -4.8 -10.012
-7.2 4.4 -0.012432
-3.6 -3.2 -4.6055
-0.4 -1.2 -0.083228
-2 6 8.0643
6.8 2.8 -19.677
1.7764e-015 8 5.8406
-8.4 6 8.5271
-7.2 1.2 -6.3759
-0.4 7.2 3.43
-3.6 -2.8 -7.1148
-6.4 5.6 7.4436
2 2 -8.212
6.4 6 -23.113
9.6 -4.8 -8.1377
4 3.6 -6.4554
-2.4 0.8 1.272
6 4.8 -14.959
-0.8 -5.2 1.6207
-3.6 2 0.51076
1.2 -8.4 9.2616
1.6 1.2 1.802
2.4 -1.6 0.12734
7.6 -8.8 16.005
4.4 0.4 -7.0579
5.6 7.6 -9.3778
-5.6 2.4 1.51
7.2 1.2 -14.457
0.4 -1.6 0.43945
8.8 10 -37.903
3.2 -4.8 2.889
-2 -7.2 0.34859
-2.4 1.6 1.7239
-1.6 -4 0.84806
1.7764e-015 2.4 1.5694
1.6 2.8 3.3712
7.2 2 -24.744
0.4 -9.2 13.001
-1.2 -1.6 2.6338
9.6 0.4 -28.165
5.2 -9.6 14.858
-8 -4 -10.775
-4.8 8.8 16.916
-2 1.7764e-015 -2.0461
5.6 5.6 -20.848
-4 9.6 19.03
5.6 1.2 -10.633
-0.4 1.6 1.3102
3.2 2.4 -3.109
-1.6 -3.6 -2.656
-3.6 -4.4 1.5415
1.6 -2.8 -1.0798
6.8 -8.4 13.908
7.2 6 -24.132
0.8 -8.8 13.202
2.8 2.4 -4.0239
2.4 -4.4 1.3351
4 -2 -5.3795
-5.2 -8.8 -6.7178
-1.2 4 3.5405
-3.6 0.8 3.804
-9.2 -8 -23.912
6.4 -9.6 13.411
-5.6 0.8 -3.2905
-1.6 -0.4 0.50003
10 5.2 -35.947
0.8 -2 3.0034
