10 -7.2 3.2216
0.8 -8.4 12.368
8 -5.2 -2.0924
-2 3.2 -0.58308
4.8 3.6 -8.8738
-8.4 -5.2 -16.375
5.2 -8.4 10.395
-0.4 3.6 1.5038
-1.2 5.6 4.9802
5.2 -3.6 -5.2418
3.6 -0.8 -2.5157
7.2 5.2 -19.482
-7.2 6.8 15.32
-2 -2.4 2.8537
-2.8 0.4 1.2539
3.2 -7.2 5.1348
-0.4 0.4 6.1864
6.4 2.8 -19.569
2.4 7.6 -2.0475
-2 -5.2 -2.3164
-8.8 -2.4 -15.945
-4.8 2.4 3.7294
-7.6 1.6 -6.7107
-4.4 -3.6 0.91859
7.6 4 -22.463
-8 10 27.53
1.7764e-015 4.8 -3.0767
-3.2 -6 -2.2894
-1.2 -3.6 -1.375
8.8 4.4 -24.176
6.8 -0.8 -10.124
1.7764e-015 8.8 8.0391
4 -8.4 9.7021
-5.6 -4.8 -10.012
-7.2 4.4 -0.012432
-3.6 -3.2 -4.6055
-0.4 -1.2 -0.083228
-2 6 8.0643
6.8 2.8 -19.677
1.7764e-015 8 5.8406
-8.4 6 8.5271
-7.2 1.2 -6.3759
-0.4 7.2 3.43
-3.6 -2.8 -7.1148
-6.4 5.6 7.4436
2 2 -8.212
6.4 6 -23.113
9.6 -4.8 -8.1377
4 3.6 -6.4554
-2.4 0.8 1.272
6 4.8 -14.959
-0.8 -5.2 1.6207
-3.6 2 0.51076
1.2 -8.4 9.2616
1.6 1.2 1.802
2.4 -1.6 0.12734
7.6 -8.8 16.005
4.4 0.4 -7.0579
5.6 7.6 -9.3778
-5.6 2.4 1.51
7.2 1.2 -14.457
0.4 -1.6 0.43945
8.8 10 -37.903
3.2 -4.8 2.889
-2 -7.2 0.34859
-2.4 1.6 1.7239
-1.6 -4 0.84806
1.7764e-015 2.4 1.5694
1.6 2.8 3.3712
7.2 2 -24.744
0.4 -9.2 13.001
-1.2 -1.6 2.6338
9.6 0.4 -28.165
5.2 -9.6 14.858
-8 -4 -10.775
-4.8 8.8 16.916
-2 1.7764e-015 -2.0461
5.6 5.6 -20.848
-4 9.6 19.03
5.6 1.2 -10.633
-0.4 1.6 1.3102
3.2 2.4 -3.109
-1.6 -3.6 -2.656
-3.6 -4.4 1.5415
1.6 -2.8 -1.0798
6.8 -8.4 13.908
7.2 6 -24.132
0.8 -8.8 13.202
2.8 2.4 -4.0239
2.4 -4.4 1.3351
4 -2 -5.3795
-5.2 -8.8 -6.7178
-1.2 4 3.5405
-3.6 0.8 3.804
-9.2 -8 -23.912
6.4 -9.6 13.411
-5.6 0.8 -3.2905
-1.6 -0.4 0.50003
10 5.2 -35.947
0.8 -2 3.0034
-4.8 2 2.6249
-3.2 10 17.042
-2 -4.8 -2.1021
6 -4.8 -2.1192
-8.4 1.6 -4.4053
7.2 -4.4 0.16043
7.2 -5.2 1.5084
-8.8 1.7764e-015 -10.162
-6 -5.2 -5.6337
-3.6 4 1.5457
-2.8 1.7764e-015 -3.2946
-3.6 -4.8 1.019
7.2 -2 -10.559
-2 -3.2 2.3253
3.6 -2.8 -0.89045
5.6 -0.4 -3.4499
4.8 -6.4 8.8483
5.2 -0.4 -7.2788
4.4 1.2 -4.3168
-6.4 -0.8 -13.015
-4.4 10 20.319
-5.2 -8.4 -6.7417
6.8 -5.6 2.3239
-7.6 -6.4 -16.281
-5.2 -2 -4.5795
2 1.7764e-015 2.2102
3.2 6.8 -3.3192
1.2 1.6 0.1199
-5.2 0.4 -0.52692
1.7764e-015 9.6 11.652
6.8 3.2 -18.389
9.6 -6.8 2.9826
8.4 -1.2 -12.754
4.4 -5.2 -0.75621
-0.8 -3.2 6.6756
-2.8 -1.2 -2.3033
9.6 -1.6 -18.855
-3.6 8.8 15.211
5.2 -8.8 12.256
4 -8 6.252
-4 4.8 11.596
8.4 8 -33.665
-4 2 2.4666
-4.8 2.8 1.3949
-7.2 -8.4 -9.7074
-6.8 8.4 14.847
2.8 5.2 -5.2423
-4.8 9.6 23.906
-7.6 2 -2.1488
8.4 4.4 -28.636
0.4 10 9.4854
2 1.2 -4.1147
-3.2 -5.6 2.6769
1.6 2 -3.3475
7.2 10 -27.714
-4.4 2 4.2902
-1.2 -6 3.1325
2 4.4 1.6326
-4.4 9.6 23.645
-9.2 1.2 -11.995
-9.6 1.2 -11.891
-9.2 -2 -15.074
4.8 6.4 -7.8935
4.8 -0.4 -3.8342
10 6.8 -44.31
-7.6 7.6 13.102
4.4 -7.2 4.6941
-8.8 6 4.96
1.7764e-015 -8.4 10.631
-2 7.6 9.6735
1.7764e-015 10 11.932
4 1.2 -7.0633
5.2 5.2 -11.477
-6.4 -3.2 -10.28
-8.4 2.4 -4.0287
6.8 -8.8 13.949
3.2 -2.4 1.0311
-9.2 -9.6 -23.584
6 -5.2 4.1375
2 4 -1.8068
-5.6 -6.8 -10.582
7.6 -4 -3.8898
8.8 -5.6 -5.8314
9.6 2 -26.865
-8.8 -1.2 -15.695
-2.4 2.4 3.7011
-3.6 -2 -0.72387
1.6 -9.6 14.928
-4 -4 -2.3075
-8.8 9.6 18.784
-2.8 -4.8 -0.34028
2.8 6.8 -3.8442
2.8 6.4 -6.7985
-7.6 -3.2 -10.204
-6.4 8 18.009
-7.2 10 18.626
-1.6 8.4 13.573
-2 2.8 3.8083
-8.8 2.8 -2.406
-4 3.2 0.18828
-6.4 -7.6 -9.7435
8.4 -3.6 -9.0277
-6.4 3.6 3.4433
8.4 6 -28.162
-6.8 -6.4 -15.036
-6.4 -5.6 -4.0851
4 -4.8 0.58973
-4.8 -3.6 1.5736
7.2 -4 -4.6651
5.2 6.4 -16.673
0.4 -3.6 0.11406
-9.6 -6 -20.398
-1.6 -2 2.4721
8.4 4.8 -26.384
-4.4 1.2 -0.28576
-0.8 2.4 0.31007
8.8 -4 -12.307
5.6 3.6 -13.092
4 6.4 -12.128
8.4 1.6 -18.856
-8 -1.6 -9.2514
-6.8 1.2 1.0583
-6.4 -1.6 -11.294
-3.6 -6.4 1.8677
3.6 -0.4 -4.552
-6.8 -7.6 -14.95
0.4 -5.2 1.7889
8 6 -25.769
-4.4 1.7764e-015 -1.7422
6 2.8 -13.457
-7.2 -2.4 -8.4924
3.6 2 -5.9094
-5.6 -1.6 -4.0731
3.2 0.4 1.5407
0.8 5.6 -2.0025
-1.2 4.4 3.97
-5.6 -1.2 -6.1473
-9.6 4 -4.2336
3.6 1.7764e-015 -9.2956
-3.2 7.2 9.1948
5.6 4.4 -13.058
6.8 6.8 -20.46
-2.8 -0.4 -5.5945
-7.2 -8.8 -16.379
9.6 5.2 -37.61
3.6 6 -9.4268
-5.2 -1.2 -5.7252
-0.4 -7.6 1.4574
-8 3.2 -0.45789
-5.6 -0.8 -5.2262
-1.6 0.8 3.1082
9.6 6 -32.265
-6.8 6.8 12.898
10 -6.8 -2.4765
-2.4 -5.2 3.8388
4 -6.4 9.612
-2.8 3.6 3.3187
-9.2 -1.2 -14.028
5.6 -2.8 -2.8166
-6 9.2 21.079
-9.2 -3.2 -19.381
-1.6 0.4 1.5637
6.8 -4.4 -0.54839
-7.2 -9.2 -10.333
0.4 0.8 0.34308
0.4 -6.4 6.7776
-4.4 -7.2 -3.326
2 6 1.8456
6.4 2 -20.638
-0.4 -5.2 1.9963
-8 9.2 21.297
-1.2 2 0.78368
4.4 8 -11.924
-4.4 -4.8 -2.8482
3.6 -9.6 14.04
0.4 0.4 3.5515
3.2 1.7764e-015 -1.6636
-5.2 10 21.514
4.4 4.8 -9.9209
-4 8.4 15.074
-6 6 3.7661
-3.2 3.2 2.9303
-3.6 1.2 0.64504
7.6 6.4 -27.801
6 3.6 -13.968
1.2 -1.6 4.4636
-6.4 -8.4 -11.082
2.4 7.2 -3.8814
5.2 -2.4 -4.9663
7.6 -3.6 -4.2678
9.6 -8.8 5.4391
-9.6 10 30.006
5.6 -6.8 6.5686
8.4 2.8 -26.505
9.2 -4.4 -10.467
-2.4 -4 2.3963
2 -2 1.4469
8.8 -5.2 -2.8818
9.2 0.4 -28.202
-0.8 3.6 0.50633
1.2 8.8 9.0534
6.8 8 -24.626
4.4 6.4 -10.275
-1.6 -2.4 3.5105
-2.4 -9.6 1.7702
0.4 -6.8 3.5199
5.6 -6 5.9214
-7.2 3.2 -2.0123
-3.2 -4.4 3.4236
6 8.4 -19.897
7.2 1.7764e-015 -16.155
1.7764e-015 7.2 6.9084
1.2 3.2 4.4979
-0.4 8 12.127
3.2 -5.6 8.2507
2.4 4 -0.9911
-6.8 -2.8 -11.586
4.8 6 -12.554
4.8 -4.4 3.559
7.6 -2 -15.578
1.6 -4.8 7.9466
3.6 -2 -0.61615
-9.6 -3.2 -17.05
9.6 -2.8 -14.642
5.2 -4.8 0.92652
-1.2 7.2 8.192
3.2 -4.4 3.1099
5.6 -1.6 -7.2584
7.6 0.4 -17.762
6.8 4 -19.806
-5.6 5.2 5.3642
-4.4 9.2 22.799
-9.2 -0.4 -10.613
-3.6 9.6 19.911
2.4 -7.2 12.869
-6 -8.4 -7.1898
-4.8 -0.8 -2.3108
0.8 1.2 -1.3921
7.2 -0.4 -11.315
8 -6.4 0.40088
4.8 -1.6 -4.7019
-4.4 -8 0.066824
-9.2 4.4 -0.96633
-0.8 8.4 3.1302
6.8 0.8 -14.754
-2.8 5.2 10.448
-2.4 -2.4 1.4071
-6 -6.4 -11.007
-9.2 -8.8 -25.892
-2.8 -8.8 4.5761
-1.2 1.6 -0.64479
1.6 5.6 3.9357
-4 -2 3.0648
-3.2 -7.2 5.4424
-1.2 6.4 10.548
-6.8 2 0.44089
3.6 8.4 -2.653
8.8 -4.8 -8.5259
-8.8 -8.8 -26.017
-9.2 4 1.7654
-6 9.6 25.373
7.2 7.2 -26.848
3.2 -9.2 16.466
-0.8 -7.2 8.8289
-8 -5.2 -12.086
-8.4 -4.4 -18.766
-2 -7.6 7.0409
-2.4 4.4 9.265
10 -5.2 -11.095
2 -2.4 0.8793
8 -3.6 -5.2077
-9.2 -5.2 -22.02
2 6.4 0.79747
-7.6 3.6 -1.0426
-8.4 -2 -14.885
1.2 -0.8 3.3384
9.2 2.4 -31.501
-3.6 1.7764e-015 0.83355
-8.4 0.8 -2.3523
8.8 3.2 -28.882
-2.8 -2.4 -3.83
8.8 -6 -2.9454
-9.6 -4.8 -25.335
2.8 -4.4 1.4042
-6.8 -0.8 -10.126
6 4 -14.688
1.7764e-015 -2 -1.7855
0.4 6 1.497
-2.8 0.8 -2.1228
-0.8 6.8 6.7279
-5.6 -5.2 -5.4254
-2.4 3.6 7.0706
-8.8 0.4 -8.4389
-6.8 9.6 20.24
10 -1.6 -25.754
-9.6 9.6 21.21
8.8 8.4 -35.603
-3.2 -6.4 -0.43066
-5.2 -8 -4.3845
3.2 -3.6 2.9377
-0.8 -9.6 8.8829
10 -0.4 -21.018
-6.8 8.8 19.999
0.4 -8.8 13.392
-8.4 1.7764e-015 -7.2819
-5.6 -4 -5.8459
-4.8 6 5.91
-3.6 3.6 9.9146
-8.4 -4 -19.973
2 3.6 -4.7924
8.4 -5.6 -0.75151
8.4 -2 -17.008
-5.2 -5.6 -6.1397
3.6 -6.8 7.2763
-3.6 1.6 0.71195
0.4 3.6 4.8324
2.4 -0.8 -3.1495
-6 -6.8 -5.8202
0.4 1.7764e-015 4.8881
-8.4 6.4 7.4493
-9.2 7.2 9.2707
8.4 -4 -7.402
-4.4 8 15.937
-7.2 2 -3.963
6 -0.4 -11.813
6 1.6 -14.828
1.6 -9.2 14.896
-2 4 2.6554
2.4 0.4 -0.41641
-1.6 -1.6 -0.18661
1.2 -6.8 9.5736
-9.2 1.7764e-015 -11.132
-3.6 -6.8 -3.4723
-4 10 22.549
-2.4 8 11.115
3.6 -8.4 7.9402
-6 7.2 10.271
-4 -8.4 -0.25605
-4.4 2.8 1.8191
5.2 8.8 -11.683
2.8 8.4 -1.8857
-8.8 -2.8 -17.767
3.6 -1.6 -0.22178
7.6 9.6 -29.341
-9.6 -2.4 -18.668
-5.2 4.4 3.224
10 6 -36.868
-2 -6 4.4605
-7.6 10 23.61
8.8 8.8 -30.549
2 3.2 -3.3428
-8.4 -3.6 -18.606
-2.4 -1.2 2.2085
-7.6 8.4 18.927
-1.6 -8.8 10.08
-4 1.6 -2.9634
9.6 3.2 -31.887
8.8 -0.4 -18.3
3.2 -6.8 7.0941
6 8.8 -19.21
3.6 -4 2.9913
9.6 -1.2 -20.088
1.2 6 -1.6105
-9.6 -2 -20.189
2 -1.6 3.4784
-7.2 -0.8 -1.0475
4 1.6 -6.4206
-2.8 -1.6 0.21046
6 -3.2 -5.1299
-7.6 6 9.0003
7.2 -9.2 10.198
9.6 -8.4 7.5739
-3.6 5.2 9.0508
-8.4 -8.8 -17.064
-5.6 2 1.2948
7.2 -6 2.2529
-7.2 -9.6 -10.559
3.6 -5.6 6.4936
-8.8 2.4 -2.6487
6.4 10 -17.7
-4.4 -6 -3.649
-2.4 -7.2 7.9977
-4 5.6 8.0486
8 -0.8 -14.586
-9.6 -3.6 -15.354
8 2 -19.87
1.2 7.6 1.1278
-6.4 -9.2 -11.444
7.2 0.8 -11.535
-7.2 2.8 -3.8015
8 5.6 -29.585
-2.4 4.8 5.988
-7.2 -7.2 -15.419
-8.8 2 -3.9331
-6 0.8 -6.2097
-2 0.4 6.0343
-8.4 -6 -17.15
-4.8 4.4 8.7324
-6 3.6 2.969
-6 -5.6 -9.6723
8 -7.2 5.0627
-5.6 -2.4 -5.7678
-2 8.8 12.566
9.2 1.6 -26.99
-9.6 2.8 -7.5588
-7.2 3.6 5.887
9.2 -9.2 12.972
-3.2 4 4.7742
10 -2.4 -21.379
9.2 -1.2 -20.694
-8.4 -4.8 -18.581
6.4 6.8 -16.266
-8 -6.4 -19.465
8 9.2 -34.556
-0.8 -7.6 0.63272
0.8 3.6 -0.52263
1.2 10 6.833
1.6 1.6 -4.62
-8 -8.4 -19.605
8 7.2 -26.027
6.8 -5.2 3.1205
6 -8.8 12.952
-5.2 1.7764e-015 -2.3319
6.8 6 -19.755
7.2 2.8 -22.076
-9.6 6.4 5.0989
3.6 9.6 -1.6262
-2 -5.6 0.90156
-9.2 6.4 13.057
1.6 4.8 0.98456
7.6 4.8 -25.288
9.2 4.8 -34.37
-9.2 -6.4 -28.582
8 -8.4 8.1246
-1.2 -9.2 5.882
1.7764e-015 2 -0.080522
6.4 4.8 -18.15
9.6 8.4 -38.928
-1.6 -8 4.9178
0.8 6.8 0.73238
-3.2 7.6 11.566
6.8 -9.2 14.059
-2.8 2.8 2.936
-5.2 -6.8 -5.3276
8.4 -2.8 -14.959
-1.6 -4.4 9.522
-2 3.6 -0.059306
2 -4.4 5.655
-5.2 -7.6 -4.0438
-2.4 -4.8 0.45194
-4 4.4 4.8746
-6 6.4 13.7
-9.6 -9.6 -28.773
-4 -6.4 -1.914
1.6 -1.6 4.0237
1.6 4.4 -1.5917
7.6 -6.8 4.6797
3.6 -6 9.4173
5.2 2.8 -14.702
2.4 5.2 -2.7322
-4 5.2 8.8379
6 6 -17.459
-6 -1.2 -1.9093
-2.4 -6.4 4.3298
-2 0.8 5.2056
0.4 2.8 2.5292
-7.6 -4.4 -7.1104
-4.8 0.8 3.6338
8 -2.8 -8.9015
-9.6 3.2 -1.1585
6.4 8.8 -19.757
-9.6 6 11.408
1.2 -9.6 15.49
-8.8 1.6 -3.8197
3.6 -8.8 10.289
10 4.8 -34.732
2 -5.6 6.1479
-7.2 8.8 15.745
10 9.6 -41.387
7.2 3.6 -19.955
6.4 -7.2 3.8328
3.2 -0.8 -1.9831
1.2 -3.6 -1.6024
7.2 -7.2 4.4396
3.2 6.4 -8.2604
4.4 -2.4 1.8345
-4.8 8.4 13.897
1.7764e-015 6.4 0.68156
-8.8 7.2 13.765
2.8 10 -2.7662
-6 7.6 18.058
-8.4 6.8 12.078
-4 -1.6 -0.83485
-0.4 -8.4 7.4178
-4.4 -6.8 -5.84
4.8 -3.6 -3.6116
3.6 0.4 -4.6552
-3.2 8 13.677
3.2 0.8 -1.676
9.6 -3.6 -6.5758
-9.6 -8 -26.988
1.7764e-015 -8 4.9523
2 0.8 -2.9009
-8.8 -1.6 -13.326
3.2 -9.6 9.5636
10 2.8 -36.289
-0.8 0.4 0.09966
-2.4 9.2 14.584
7.6 10 -25.606
-9.6 -6.8 -22.13
0.4 -2 -0.4795
7.6 5.2 -29.106
6.8 -9.6 21.107
-4.4 -2.8 -3.1762
9.6 -9.2 4.4817
5.2 -6.8 3.1115
-5.6 -3.6 -4.6409
-1.6 -3.2 5.2765
1.2 -9.2 12.208
-5.2 2.8 3.5944
8.8 6.8 -31.635
-3.2 4.8 6.217
-5.2 -4 -3.6033
10 -2 -25.157
-2 5.2 5.8104
0.4 9.2 8.4184
-9.2 8.4 17.578
-1.6 -6.4 4.5395
-8 4 4.8684
-6.8 2.8 -0.27711
-5.6 9.2 19.76
-8.8 -4.8 -18.717
-2.8 -8.4 3.5345
-8.4 -9.6 -21.963
4.4 5.2 -8.3377
7.6 -2.4 -13.871
7.2 -6.4 5.3942
-0.4 5.2 2.1251
7.6 2 -17.63
1.6 -8.4 6.5299
-5.2 8 13.251
4.4 4 -8.1115
1.7764e-015 -0.8 3.326
-4.4 -0.4 -2.284
-5.2 1.2 2.2717
1.7764e-015 -6 2.4006
-6.4 -4.4 -8.0802
6.8 -3.2 -5.3689
2.4 10 0.84578
5.2 0.4 -5.0958
6.8 5.2 -20.655
-1.2 -1.2 1.2556
9.2 -8.8 11.886
2.4 -6.4 9.6671
2.8 4.4 -3.8157
8.8 2.8 -25.507
1.7764e-015 -1.2 3.922
3.2 -8.8 11.531
-4.4 -8.4 -1.2801
0.8 -6 7.1689
-8 -3.2 -14.013
-7.2 -4 -13.816
-0.8 10 14.006
-6 -1.6 -5.8308
-8.4 1.2 -5.7084
8.8 5.6 -31.767
8 -6.8 3.294
0.8 1.6 3.4031
-9.2 5.2 3.4257
-0.8 -0.8 1.9672
-6 -7.2 -9.3421
0.8 -9.2 8.7622
10 -8.4 2.8181
8 -2.4 -10.717
-4 -5.2 -8.118
3.2 -4 -1.3008
-7.6 -5.6 -14.182
-0.8 8.8 14.657
4.4 -9.2 16.132
6.4 -6.4 9.3122
9.2 -6.8 1.0439
-7.2 -8 -9.1962
-3.6 9.2 18.293
-6.8 6.4 10.765
5.2 1.2 -11.604
6 7.6 -12.192
-5.2 6.4 13.708
-1.2 -0.8 -2.2942
-9.6 0.8 -8.3334
7.6 2.4 -20.089
-0.4 -0.4 3.3887
8.8 -8 4.1782
-0.8 9.6 10.892
5.2 8.4 -15.169
-2.8 -5.2 -4.3252
8.4 -9.6 9.1577
8.4 3.6 -27.079
4 2.8 -7.0167
0.4 2 1.5632
-4.4 8.4 17.532
-3.2 6.8 10.21
0.8 8 2.3536
2 -4.8 3.6326
-5.6 -8.4 -8.0525
-2 6.4 8.7979
-5.6 8.4 12.926
8.4 10 -28.646
10 -4.8 -10.703
4.8 -5.2 -0.30646
-0.8 -1.6 -2.2971
5.2 -4.4 0.65192
-6 0.4 0.17491
2.8 -6.8 10.676
3.6 0.8 -4.8876
1.7764e-015 0.8 -2.2267
-6.8 0.8 -3.1863
9.2 4 -30.474
0.4 -9.6 13.463
-9.6 -4 -20.617
7.6 1.7764e-015 -16.279
-9.6 -1.6 -14.793
-5.2 5.6 8.6561
1.2 -2.4 1.1626
4.4 -0.4 -7.4582
-6 -2.4 -5.7748
1.6 3.2 -7.1406
-0.4 -3.6 1.741
2 -3.6 1.113
1.6 -0.8 -0.35523
-6 3.2 -1.1052
-2.4 1.2 6.4738
10 1.2 -31.118
-6 -4.8 -10.289
1.6 7.2 -1.3739
7.6 -4.4 -5.271
-0.4 6.4 5.9839
-2.8 2.4 4.8142
5.6 2.4 -10.734
1.2 -8.8 8.7421
6.8 -4 -4.4719
4.8 9.6 -12.115
4.8 -7.2 7.1556
-1.2 -9.6 7.1631
10 6.4 -35.449
6.4 4 -20.825
-4 -5.6 0.034584
-4.4 7.6 11.278
0.4 -7.6 5.8988
-8 4.4 5.0105
3.6 -1.2 1.1653
-2.4 -8.8 4.5915
6.8 8.4 -20.621
5.6 -3.6 1.0467
-9.2 -7.2 -17.951
2 2.4 -0.15412
8 5.2 -29.276
-2 7.2 4.6655
6 2 -14.037
8.4 -8.4 10.475
-5.6 1.2 -3.2543
-6.8 -8.4 -12.516
-8.4 -1.6 -17.006
-6.4 0.4 -0.96045
-8.8 -0.4 -10.85
-1.6 -1.2 3.2907
-4 1.7764e-015 -4.9307
-4 8 16.198
7.6 -2.8 -11.518
6 -6.4 7.8749
0.8 6 4.3551
-8.4 -2.8 -14.822
1.2 -7.6 6.5295
-8.8 -5.6 -20.767
-3.2 -7.6 -1.5851
6.4 -5.6 5.4718
-0.8 1.2 2.1639
-8.8 4.8 5.9778
3.2 -2.8 -0.89046
4.4 7.2 -7.6353
-5.6 7.6 18.017
1.6 7.6 2.551
-9.6 7.6 12.202
-1.2 1.7764e-015 -1.3005
8.8 0.8 -23.87
-2.4 6.8 10.13
0.8 4.8 2.2405
-1.6 3.6 1.5512
1.7764e-015 -7.2 6.9022
0.4 -3.2 -1.3849
-2.4 7.2 11.834
-8.8 -7.2 -18.867
-7.2 7.2 14.332
9.2 10 -33.76
4 9.2 -10.476
-9.2 9.6 22.282
1.6 -3.6 5.0476
-5.6 4.8 6.053
4 2 -6.7864
-1.6 -4.8 4.4559
-9.6 1.7764e-015 -12.994
8.4 -6.4 0.8681
4.8 -9.2 22.061
-7.2 -1.6 -11.545
4.4 -8 8.9653
1.6 3.6 3.2239
4 2.4 -11.678
-8.4 -0.4 -9.2605
-3.2 3.6 3.1302
-7.6 6.8 8.1119
-1.6 7.2 2.9644
1.2 1.7764e-015 -2.0375
5.6 3.2 -13.777
4 0.4 -4.3964
-0.8 -3.6 4.078
-4.8 -7.2 2.2292
-0.4 -3.2 -0.22712
-8 -2 -10.907
2.4 -6.8 5.3353
5.6 9.6 -13.198
10 7.6 -44.112
5.6 -7.2 5.2256
-6.8 -2.4 -9.406
3.2 4.8 -10.662
1.6 -4.4 8.1018
0.4 8.4 6.2303
2.8 -0.4 -4.3104
-7.6 -0.4 -5.0245
10 -7.6 4.7198
0.8 2.4 4.7324
6.8 4.4 -14.092
3.6 3.6 -7.2202
-6.8 7.2 19.966
2.4 -4.8 6.532
5.6 -5.2 -2.3855
-8 0.4 -2.3755
7.2 9.2 -23.75
-8.4 2.8 1.003
4.4 3.6 -5.989
-2.8 8.8 14.462
-6.4 -6 -8.7657
-5.6 -7.6 -3.7418
4.8 -0.8 -8.1589
-8.4 9.2 24.409
-6 -7.6 -7.4444
4 5.6 -7.3632
-6.4 9.6 20.308
7.2 -8.8 12.278
4.8 10 -9.343
9.2 -0.4 -22.397
6 -6 6.0271
-0.8 4 -0.81741
1.6 -7.2 11.897
-8 7.6 17.975
-8.4 3.2 1.596
1.7764e-015 -4.8 1.8159
-2 2 7.8597
-7.6 -2.8 -12.172
2 -0.8 -0.34851
-6.4 -6.8 -12.032
-5.2 1.6 -6.077
-8 -6 -15.775
4 9.6 -3.4986
7.6 3.6 -26.165
-0.4 2.8 3.0622
2.8 -5.2 6.9339
-6 1.2 -4.8378
-7.2 1.7764e-015 -2.9681
-0.8 -4 3.2419
9.6 -4.4 -9.8454
8 -2 -12.658
-0.8 1.7764e-015 -0.3055
5.2 6.8 -15.709
7.6 8.8 -21.589
6.4 -6.8 2.8114
-2.8 1.2 3.3967
-4.4 3.2 3.8134
-6.8 -7.2 -11.067
4 0.8 -2.5892
5.6 -1.2 -9.0685
-3.6 7.6 18.105
5.6 0.8 -11.517
0.4 -2.8 -3.5018
-6.8 8 13.675
-4.4 -2 -5.834
4.4 -6 1.9969
-4.8 -1.2 -4.1453
-9.6 2.4 -3.3753
2.4 -3.6 3.9951
8 8 -28.674
3.2 4.4 -11.992
-8.8 10 23.618
2.4 8.8 0.41557
-9.6 -7.6 -25.939
-5.2 -6 -2.4627
-1.2 -6.8 7.6078
8.4 -3.2 -10.622
-2.4 -0.4 3.1219
-8 -2.4 -13.066
10 -9.6 12.605
7.6 7.6 -24.819
-6.4 9.2 20.003
-4.8 10 23.505
3.2 10 -0.7804
2.4 2 -3.1252
-4.8 1.2 -0.18606
8.4 1.2 -21.15
0.8 -2.8 3.3543
-8.8 1.2 -7.9236
8.8 -4.4 -9.4715
8 8.8 -26.861
0.4 7.6 7.4962
4.8 -6 1.2617
3.2 1.2 -5.6664
-0.4 -6 1.7919
7.2 6.8 -28.469
2.8 -4 0.50062
7.2 -3.2 -3.3581
-8.8 8.4 14.231
5.6 -7.6 9.3117
-6.8 -4 -10.129
6.8 7.2 -23.41
7.6 -0.8 -15.932
-1.6 2.8 3.1987
2.4 -9.6 16.401
-9.6 6.8 12.369
6.8 -6.4 1.8364
-4 3.6 3.2322
-8 -3.6 -14.062
6 5.2 -20.398
4.8 -8.8 15.155
7.6 -7.6 2.9713
6.8 1.2 -17.926
4.4 -4.4 0.42869
4.4 -8.8 15.838
8.8 7.2 -36.369
-8.8 0.8 -2.6949
-2 9.2 13.587
1.2 -3.2 2.7457
7.6 7.2 -26.061
2.8 -4.8 7.2632
9.2 5.6 -35.876
8.8 4 -27.055
0.4 1.2 -1.9648
-8.4 -5.6 -19.371
-9.2 3.6 0.017785
-9.6 2 -8.7503
-0.4 -5.6 -0.73509
-2.4 1.7764e-015 -1.7078
7.2 1.6 -16.554
4 -4 -1.8977
-8.8 -8.4 -21.353
8 -8.8 5.9568
7.6 -1.6 -12.231
-9.2 -4.8 -18.99
6.8 -1.2 -9.1069
7.2 6.4 -21.34
3.2 -2 0.10208
-3.6 -9.6 3.1822
6.4 -4.4 1.8876
-1.6 -5.6 1.6871
-6.8 -4.4 -9.1751
-3.6 -9.2 0.45462
1.7764e-015 1.2 -1.0088
2 -8 14.054
-5.2 -3.2 -3.5311
4.4 -0.8 -5.99
-5.2 -0.8 -0.15489
-0.4 -2.4 1.4235
-9.2 6 10.522
-5.6 10 23.504
-8 5.6 9.931
-8 5.2 5.3358
0.8 4.4 -4.9076
6 -0.8 -8.7655
-1.2 5.2 6.0576
-2 -8 0.10807
2 -7.6 7.9662
-6.4 1.6 2.6038
-1.6 -7.2 6.451
-8.4 -0.8 -7.4987
10 7.2 -38.194
1.2 0.8 -1.202
-1.2 3.6 3.4044
-5.2 -2.8 -1.9819
9.2 0.8 -20.875
-4.8 -0.4 -5.12
-7.6 -8.4 -12.899
-5.6 6 11.622
-1.6 -9.6 9.4577
-6.4 4 5.8522
-8.8 9.2 19.622
-2 -2.8 3.3923
-4 0.4 0.97895
-2.4 8.4 11.514
-2.4 -5.6 3.2024
5.2 1.6 -13.427
-2.4 -4.4 -1.1546
-1.2 8.8 11.233
7.6 -6 0.21249
2.4 8.4 -2.2525
